394 295 395 294
396 295 396 294
399 295 399 294
401 295 400 294
404 295 402 294
406 295 405 294
407 295 406 294
411 295 408 294
412 295 410 294
393 296 393 296
394 296 394 296
397 296 397 296
399 296 399 296
401 296 401 296
402 296 402 296
404 296 404 296
406 296 406 296
407 296 407 296
409 296 409 296
411 296 410 296
412 296 412 296
389 298 389 298
391 298 391 298
393 298 393 298
394 298 394 298
396 298 396 298
397 298 397 298
399 298 399 298
401 298 401 298
402 298 402 298
404 298 404 298
406 298 406 298
407 298 407 298
409 298 409 298
411 298 411 298
412 298 412 298
414 298 414 298
386 300 386 300
389 300 389 300
391 300 391 300
397 300 397 300
399 300 399 300
401 300 401 300
402 300 402 300
404 300 404 300
406 300 406 300
407 300 407 300
409 300 409 300
411 300 411 300
412 300 412 300
414 300 414 300
415 300 415 299
417 300 417 299
389 301 389 301
393 301 393 301
394 301 394 301
396 301 396 301
397 301 397 301
399 301 399 301
401 301 401 301
402 301 402 301
404 301 404 301
406 301 406 301
407 301 407 301
409 301 409 301
411 301 411 301
412 301 412 301
414 301 414 301
415 301 415 301
417 301 417 301
419 301 418 301
378 303 379 303
379 303 380 303
384 303 384 303
386 303 386 303
388 303 387 303
389 303 389 303
391 303 391 303
393 303 392 303
394 303 394 303
396 303 396 303
397 303 397 303
399 303 399 303
401 303 401 303
402 303 402 303
404 303 404 303
406 303 406 303
407 303 407 303
412 303 412 303
414 303 414 303
415 303 415 303
417 303 417 303
419 303 418 303
420 303 420 303
422 303 422 303
424 303 424 303
379 305 380 305
383 305 383 305
384 305 384 305
386 305 386 305
388 305 388 305
389 305 389 305
391 305 391 305
393 305 392 305
394 305 394 305
396 305 396 305
397 305 397 305
399 305 399 305
401 305 401 305
402 305 402 305
404 305 404 305
406 305 406 305
407 305 407 305
409 305 409 305
411 305 411 305
412 305 412 305
414 305 414 305
415 305 415 305
417 305 417 305
419 305 419 305
420 305 420 305
422 305 422 305
424 305 424 305
425 305 425 305
427 305 427 305
373 306 372 307
376 306 376 306
384 306 384 306
388 306 388 306
391 306 391 306
393 306 393 306
394 306 394 306
396 306 396 306
397 306 397 306
399 306 399 306
401 306 401 306
404 306 404 306
406 306 406 306
407 306 407 306
409 306 409 306
411 306 411 306
412 306 412 306
414 306 414 306
415 306 416 306
417 306 417 306
419 306 419 306
420 306 420 306
422 306 422 306
424 306 424 306
425 306 425 306
427 306 427 306
429 306 429 306
430 306 430 306
374 308 374 308
379 308 379 308
381 308 381 308
384 308 384 308
389 308 389 308
391 308 391 308
393 308 393 308
394 308 394 308
396 308 396 308
397 308 397 308
399 308 399 308
401 308 401 308
402 308 402 308
404 308 404 308
406 308 406 308
407 308 407 308
409 308 409 308
411 308 411 308
412 308 412 308
414 308 414 308
415 308 416 308
417 308 417 308
419 308 419 308
420 308 420 308
422 308 422 308
424 308 424 308
425 308 425 308
427 308 427 308
429 308 429 308
430 308 430 308
373 310 372 309
374 310 374 309
376 310 376 310
378 310 378 310
381 310 381 310
383 310 383 310
384 310 384 310
388 310 387 310
389 310 389 310
391 310 391 310
393 310 393 310
394 310 394 310
396 310 396 310
397 310 397 310
399 310 399 310
401 310 401 310
402 310 402 310
404 310 404 310
406 310 406 310
407 310 407 310
409 310 409 310
411 310 411 310
412 310 412 310
414 310 414 310
415 310 415 310
417 310 417 310
419 310 419 310
420 310 420 310
422 310 422 310
424 310 424 310
425 310 425 310
427 310 427 310
429 310 429 310
430 310 430 310
373 311 372 311
374 311 374 311
376 311 376 311
378 311 378 311
381 311 381 311
383 311 383 311
384 311 384 311
386 311 386 311
394 311 394 311
396 311 396 311
397 311 397 311
399 311 399 311
401 311 401 311
402 311 402 311
404 311 404 311
406 311 406 311
409 311 409 311
411 311 411 311
412 311 412 311
414 311 414 311
415 311 415 311
417 311 417 311
420 311 420 311
422 311 422 311
424 311 424 311
425 311 425 311
427 311 427 311
429 311 429 311
430 311 430 311
373 313 372 312
374 313 374 313
376 313 376 313
378 313 378 313
379 313 379 313
381 313 381 313
383 313 383 313
384 313 384 313
386 313 386 313
388 313 388 313
391 313 391 313
393 313 393 313
394 313 394 313
396 313 396 313
397 313 397 313
399 313 399 313
401 313 401 313
402 313 402 313
404 313 404 313
406 313 405 313
407 313 407 313
409 313 409 313
411 313 411 313
412 313 412 313
414 313 414 313
415 313 415 313
417 313 417 313
419 313 419 313
420 313 420 313
422 313 422 313
424 313 424 313
425 313 425 313
427 313 427 313
429 313 429 313
430 313 430 313
373 315 372 314
374 315 374 315
376 315 376 315
378 315 378 315
379 315 379 315
381 315 381 315
383 315 383 314
384 315 384 314
386 315 386 315
388 315 388 315
389 315 389 314
391 315 391 314
393 315 393 314
394 315 394 314
396 315 396 315
397 315 397 315
399 315 399 315
401 315 401 315
402 315 402 315
404 315 404 315
406 315 406 315
407 315 407 314
409 315 409 315
411 315 411 315
412 315 412 315
414 315 414 314
415 315 416 315
417 315 417 315
419 315 419 314
420 315 420 315
422 315 422 315
424 315 424 315
425 315 425 314
427 315 427 314
429 315 429 314
430 315 430 314
373 316 372 316
374 316 374 316
378 316 378 316
379 316 379 316
381 316 381 316
383 316 383 316
384 316 384 316
386 316 386 316
388 316 388 316
389 316 389 316
391 316 391 316
393 316 392 316
394 316 394 316
396 316 396 316
397 316 397 316
399 316 399 316
401 316 401 316
402 316 402 316
404 316 404 316
406 316 406 316
407 316 407 316
409 316 409 316
411 316 411 316
412 316 412 316
414 316 414 316
415 316 415 316
417 316 417 316
419 316 419 316
420 316 420 316
422 316 422 316
424 316 424 316
425 316 425 316
427 316 427 316
429 316 428 316
430 316 430 316
373 318 372 318
378 318 378 318
379 318 379 318
381 318 381 318
383 318 383 318
384 318 384 318
386 318 386 318
388 318 388 318
389 318 389 318
393 318 393 318
394 318 394 318
396 318 396 318
397 318 397 318
399 318 399 318
401 318 401 318
402 318 402 318
404 318 404 318
406 318 406 318
407 318 407 318
409 318 409 318
411 318 411 318
412 318 412 318
414 318 414 318
415 318 416 318
417 318 417 318
419 318 419 318
422 318 422 318
424 318 424 318
432 318 432 319
373 319 372 319
374 319 374 319
378 319 378 319
379 319 379 319
381 319 381 319
383 319 383 319
384 319 384 319
386 319 386 319
388 319 387 319
389 319 389 319
391 319 391 319
393 319 392 319
394 319 394 319
396 319 396 319
397 319 397 319
399 319 399 319
401 319 401 319
402 319 402 319
404 319 404 319
406 319 406 319
407 319 407 319
409 319 409 319
411 319 410 319
412 319 412 319
414 319 414 319
415 319 416 319
417 319 417 319
419 319 419 319
420 319 420 319
422 319 422 319
424 319 424 319
430 319 430 320
373 321 373 321
374 321 374 321
376 321 376 321
378 321 378 321
379 321 379 321
381 321 381 321
383 321 383 321
384 321 384 321
386 321 386 321
388 321 387 321
389 321 389 321
391 321 391 321
393 321 393 321
394 321 394 321
396 321 396 321
397 321 397 321
399 321 399 321
401 321 401 321
402 321 402 321
404 321 404 321
406 321 406 321
407 321 407 321
409 321 409 321
411 321 411 321
412 321 412 321
414 321 414 321
415 321 416 321
417 321 417 321
419 321 419 321
420 321 420 321
422 321 422 321
425 321 425 321
432 321 431 321
373 323 372 322
374 323 374 323
376 323 376 323
378 323 378 323
379 323 379 323
383 323 383 323
386 323 386 323
388 323 388 323
389 323 389 323
391 323 391 323
393 323 392 323
394 323 394 323
396 323 396 323
397 323 397 323
399 323 399 323
401 323 401 323
402 323 402 323
404 323 404 323
406 323 406 323
407 323 407 323
409 323 409 323
411 323 411 323
412 323 412 323
414 323 414 323
415 323 416 323
417 323 417 323
422 323 422 323
424 323 424 323
427 323 427 323
429 323 429 322
430 323 430 322
432 323 432 322
373 324 372 323
374 324 374 324
376 324 376 324
378 324 378 324
379 324 379 324
383 324 383 324
384 324 384 324
386 324 386 324
388 324 388 324
389 324 389 324
391 324 391 324
393 324 393 324
394 324 394 324
396 324 396 324
397 324 397 324
399 324 399 324
401 324 401 324
402 324 402 324
404 324 404 324
406 324 406 324
407 324 407 324
409 324 409 324
411 324 411 324
412 324 412 324
414 324 414 324
415 324 416 324
417 324 417 324
419 324 419 324
420 324 420 324
422 324 422 324
424 324 424 324
425 324 425 324
427 324 427 324
429 324 429 324
430 324 430 324
432 324 432 324
373 326 372 325
374 326 374 326
376 326 376 326
378 326 378 326
379 326 379 326
381 326 381 326
383 326 383 326
384 326 384 326
386 326 386 326
388 326 388 326
389 326 389 326
391 326 391 326
393 326 393 326
394 326 394 326
396 326 396 326
397 326 397 326
399 326 399 326
401 326 401 326
402 326 402 326
404 326 404 326
406 326 406 326
407 326 407 326
409 326 409 326
411 326 411 326
412 326 412 326
414 326 414 326
415 326 416 326
417 326 417 326
419 326 419 326
420 326 420 326
422 326 422 326
424 326 424 326
425 326 425 326
427 326 427 325
429 326 428 325
432 326 432 327
434 326 434 327
435 326 435 327
373 328 372 327
374 328 374 328
376 328 376 328
378 328 378 328
379 328 379 328
381 328 381 328
383 328 383 328
384 328 384 328
386 328 386 328
388 328 388 328
389 328 389 328
391 328 391 328
393 328 392 328
394 328 394 328
396 328 396 328
397 328 397 328
399 328 399 328
401 328 401 328
402 328 402 328
404 328 404 328
406 328 406 328
407 328 407 328
409 328 409 328
411 328 411 328
412 328 412 327
414 328 414 328
415 328 416 328
417 328 417 328
419 328 419 328
420 328 420 328
422 328 422 328
425 328 425 328
429 328 429 327
430 328 431 328
432 328 432 328
434 328 434 329
435 328 435 329
373 329 372 329
374 329 374 329
376 329 376 329
378 329 378 329
379 329 379 329
381 329 381 329
383 329 383 329
384 329 384 329
386 329 386 329
388 329 388 329
389 329 389 329
391 329 391 329
393 329 392 329
394 329 394 329
396 329 396 329
397 329 397 329
399 329 399 329
401 329 401 329
402 329 402 329
404 329 404 329
406 329 406 329
407 329 407 329
409 329 409 329
411 329 411 329
412 329 412 329
414 329 414 329
415 329 416 329
417 329 417 329
419 329 419 329
422 329 422 329
424 329 424 329
427 329 427 329
429 329 429 329
432 329 432 330
434 329 434 330
373 331 372 331
374 331 374 331
376 331 376 331
378 331 378 331
379 331 379 331
381 331 381 331
383 331 383 331
384 331 384 331
386 331 386 331
388 331 388 331
389 331 389 331
391 331 391 331
393 331 393 331
394 331 394 331
396 331 396 331
397 331 397 331
399 331 399 331
401 331 401 331
402 331 402 331
404 331 404 331
406 331 406 331
407 331 407 331
409 331 409 331
411 331 411 331
412 331 412 331
414 331 414 331
415 331 416 331
417 331 417 331
419 331 419 331
420 331 420 331
422 331 422 331
424 331 424 331
425 331 425 331
427 331 427 331
429 331 429 331
430 331 431 331
432 331 432 332
434 331 434 332
435 331 435 331
374 333 374 333
376 333 376 333
378 333 378 333
379 333 379 333
381 333 381 332
383 333 383 333
384 333 384 333
386 333 386 333
389 333 389 333
391 333 391 333
393 333 392 333
394 333 394 333
396 333 396 333
397 333 397 333
399 333 399 333
401 333 401 333
402 333 402 333
404 333 404 333
406 333 406 333
407 333 407 333
409 333 409 333
412 333 412 332
414 333 414 333
415 333 415 333
417 333 417 333
419 333 419 333
420 333 420 333
422 333 422 333
424 333 424 333
425 333 425 332
429 333 429 333
430 333 430 333
432 333 432 333
434 333 433 333
435 333 435 333
376 334 376 334
378 334 378 334
379 334 379 334
381 334 381 334
384 334 384 334
386 334 386 334
389 334 389 334
391 334 391 334
393 334 392 334
394 334 394 334
396 334 396 334
397 334 397 334
399 334 399 334
401 334 401 334
402 334 402 334
404 334 404 334
406 334 406 334
407 334 407 334
409 334 409 334
411 334 411 334
412 334 412 334
414 334 414 334
415 334 415 334
417 334 417 334
419 334 419 334
420 334 420 334
422 334 422 334
424 334 424 334
425 334 425 334
427 334 427 334
429 334 429 334
376 336 376 336
378 336 378 336
379 336 379 336
383 336 383 336
384 336 384 336
386 336 386 336
388 336 388 336
389 336 389 336
391 336 391 336
393 336 392 336
396 336 396 336
397 336 397 336
399 336 399 336
401 336 401 336
404 336 404 336
406 336 406 336
407 336 407 336
409 336 409 336
411 336 411 336
412 336 412 336
414 336 414 336
415 336 416 336
417 336 417 336
419 336 419 336
420 336 420 336
422 336 422 336
424 336 424 336
427 336 427 336
429 336 428 336
430 336 430 335
432 336 432 335
379 337 379 337
381 337 381 337
384 337 384 337
386 337 386 337
388 337 388 338
389 337 389 337
391 337 391 337
393 337 393 338
401 337 401 337
402 337 402 337
406 337 406 338
407 337 407 338
409 337 409 338
411 337 411 338
412 337 412 338
414 337 414 337
415 337 416 337
417 337 417 337
419 337 419 338
420 337 420 337
422 337 422 337
424 337 424 337
425 337 425 337
427 337 427 338
429 337 428 338
430 337 430 337
381 339 381 339
383 339 383 339
384 339 384 339
386 339 386 339
388 339 388 339
389 339 389 339
391 339 391 339
393 339 393 339
394 339 394 339
396 339 396 339
397 339 397 339
399 339 399 339
401 339 401 339
402 339 402 339
406 339 406 339
407 339 407 339
409 339 409 339
411 339 411 339
412 339 412 339
414 339 414 339
415 339 415 339
417 339 417 339
419 339 419 339
420 339 420 339
422 339 422 339
424 339 424 339
425 339 425 339
427 339 427 339
429 339 429 339
430 339 430 339
383 341 383 341
384 341 384 341
386 341 386 341
388 341 388 341
389 341 389 341
391 341 391 341
393 341 392 341
394 341 394 341
396 341 396 341
397 341 397 341
399 341 399 341
401 341 401 341
402 341 402 341
404 341 404 341
406 341 406 341
407 341 407 341
409 341 409 341
411 341 411 341
412 341 412 341
414 341 414 341
415 341 415 341
417 341 417 341
419 341 419 341
420 341 420 341
422 341 422 341
424 341 424 341
425 341 425 341
384 342 384 342
386 342 386 342
388 342 388 342
389 342 389 342
391 342 391 342
393 342 392 342
394 342 394 342
397 342 397 342
399 342 399 343
401 342 401 342
404 342 404 342
406 342 406 342
407 342 407 342
409 342 409 342
411 342 411 342
412 342 412 342
414 342 414 342
415 342 415 342
417 342 417 342
419 342 419 342
420 342 421 342
422 342 422 342
386 344 386 344
388 344 388 344
389 344 389 344
391 344 391 344
393 344 393 344
394 344 394 344
396 344 396 344
397 344 397 344
399 344 399 344
401 344 401 344
404 344 404 344
406 344 406 344
407 344 407 344
409 344 409 344
411 344 411 344
412 344 412 344
414 344 414 344
415 344 416 344
417 344 417 344
419 344 419 344
391 346 391 346
393 346 393 346
394 346 394 346
396 346 396 347
399 346 399 346
401 346 401 346
402 346 402 346
406 346 406 346
407 346 407 346
409 346 409 346
411 346 411 346
412 346 412 346
414 346 414 346
415 346 415 346
417 346 417 346
391 347 391 347
393 347 393 347
394 347 394 348
396 347 396 348
397 347 397 348
399 347 399 347
401 347 401 347
402 347 402 347
404 347 404 347
406 347 406 347
407 347 407 347
409 347 409 347
414 347 414 347
415 347 416 347
417 347 418 347
393 349 393 349
399 349 399 349
401 349 401 349
402 349 402 349
404 349 404 349
406 349 406 349
407 349 407 349
409 349 409 349
411 349 411 349
412 349 412 349
414 349 414 349
394 351 395 351
396 351 397 351
399 351 399 351
401 351 401 351
402 351 402 351
404 351 404 351
406 351 406 351
407 351 407 351
409 351 409 351
411 351 411 351
