426 314 425 313
427 314 427 313
422 315 422 315
423 315 423 315
418 316 418 316
422 316 422 316
423 316 423 316
417 317 417 317
412 319 412 319
413 319 413 319
416 319 416 319
417 319 417 319
418 319 418 319
423 319 423 319
425 319 424 319
409 320 409 320
410 320 410 320
412 320 412 320
413 320 413 320
416 320 416 320
417 320 417 320
418 320 418 320
421 320 421 320
422 320 422 320
409 321 409 321
410 321 410 321
412 321 412 321
413 321 413 321
416 321 416 321
417 321 417 322
418 321 418 321
421 321 421 321
422 321 422 321
423 321 423 321
433 321 434 321
409 322 409 323
410 322 410 323
412 322 411 323
416 322 416 323
417 322 417 323
418 322 418 323
421 322 421 323
422 322 422 323
430 322 430 323
407 325 407 325
410 325 410 325
414 325 414 325
416 325 415 325
417 325 417 325
418 325 418 325
421 325 421 325
425 325 425 325
427 325 427 324
431 325 430 326
405 326 405 326
407 326 407 326
409 326 409 326
410 326 410 327
412 326 412 327
414 326 414 327
416 326 415 326
417 326 417 326
418 326 418 326
421 326 421 326
422 326 422 326
425 326 424 326
428 326 428 326
433 326 433 324
405 328 405 328
410 328 410 328
416 328 416 328
417 328 417 328
418 328 418 328
419 328 419 328
422 328 422 328
423 328 423 328
427 328 427 328
428 328 428 328
430 328 430 328
431 328 432 328
433 328 434 328
435 328 435 328
421 329 421 329
422 329 422 329
426 329 426 329
431 329 431 329
433 329 434 329
403 330 402 330
404 330 403 330
405 330 405 330
409 330 409 330
410 330 410 330
412 330 412 330
416 330 416 330
417 330 417 330
418 330 418 330
423 330 423 330
427 330 427 330
428 330 429 330
395 331 395 331
398 331 397 331
399 331 399 331
400 331 400 331
403 331 402 331
404 331 403 332
405 331 405 332
407 331 406 332
409 331 409 331
410 331 410 332
412 331 412 332
413 331 413 332
416 331 416 331
417 331 417 331
418 331 418 331
422 331 422 331
423 331 423 332
425 331 425 331
427 331 427 332
428 331 429 332
430 331 430 332
433 331 434 332
435 331 435 331
399 333 399 333
400 333 400 333
403 333 403 333
404 333 404 333
405 333 405 333
407 333 407 333
410 333 410 333
412 333 412 333
413 333 413 333
416 333 416 333
417 333 417 333
418 333 418 333
421 333 421 333
422 333 422 333
423 333 423 333
426 333 425 333
427 333 427 333
428 333 428 333
430 333 430 333
431 333 431 333
433 333 433 333
395 334 395 333
398 334 397 334
400 334 400 334
404 334 404 334
405 334 405 334
407 334 407 334
410 334 410 334
412 334 412 334
413 334 413 334
417 334 417 334
418 334 418 334
421 334 421 334
422 334 422 334
423 334 423 335
425 334 424 335
427 334 427 335
428 334 428 334
430 334 430 334
395 335 395 335
396 335 396 335
399 335 399 335
431 335 431 335
394 337 394 335
395 337 395 336
396 337 397 336
399 337 399 337
400 337 400 337
403 337 403 336
404 337 404 337
405 337 405 336
407 337 407 337
410 337 410 337
412 337 412 337
413 337 413 337
416 337 415 337
417 337 417 337
418 337 418 337
421 337 421 337
422 337 422 336
423 337 423 337
425 337 425 337
427 337 427 337
428 337 428 337
430 337 429 337
394 338 394 338
395 338 395 338
398 338 397 338
399 338 399 338
400 338 400 338
403 338 402 338
404 338 404 338
405 338 405 338
407 338 407 338
409 338 409 338
410 338 410 338
412 338 412 338
413 338 413 338
416 338 415 338
417 338 417 338
418 338 418 338
421 338 421 338
422 338 422 338
423 338 423 338
426 338 426 338
427 338 427 338
428 338 428 338
430 338 430 338
431 338 432 337
398 339 397 339
399 339 399 339
404 339 404 339
405 339 405 339
407 339 407 339
409 339 409 339
410 339 410 339
412 339 412 339
413 339 413 340
416 339 415 339
417 339 417 339
418 339 418 339
421 339 421 339
422 339 422 339
423 339 423 339
427 339 427 339
428 339 428 339
430 339 430 339
393 340 392 340
394 340 393 340
395 340 395 340
400 340 400 340
412 340 412 341
413 340 413 341
416 340 415 341
417 340 417 341
421 340 421 341
393 342 392 342
394 342 393 342
398 342 397 342
399 342 399 342
400 342 400 342
401 342 402 342
404 342 404 342
405 342 405 342
407 342 407 342
408 342 408 342
418 342 418 342
422 342 422 342
423 342 423 342
393 343 392 343
394 343 393 343
398 343 397 343
399 343 399 343
400 343 400 343
401 343 401 343
404 343 404 343
405 343 405 343
407 343 407 343
409 343 409 343
410 343 410 343
412 343 412 343
413 343 413 343
416 343 415 343
418 343 418 343
422 343 422 343
423 343 423 343
391 344 391 344
393 344 392 345
395 344 395 345
398 344 397 344
399 344 399 344
400 344 400 344
401 344 402 344
404 344 404 344
405 344 405 344
407 344 407 344
408 344 408 344
412 344 412 345
413 344 413 345
421 344 420 345
391 346 391 346
393 346 392 346
394 346 394 346
398 346 397 346
399 346 399 346
405 346 405 346
407 346 407 346
419 346 419 346
398 347 397 348
399 347 399 347
409 347 409 347
410 347 411 347
412 347 412 347
413 347 413 347
416 347 416 347
393 348 392 348
394 348 394 350
395 348 395 350
400 348 400 348
401 348 402 348
404 348 404 348
405 348 405 348
407 348 406 348
409 348 409 348
410 348 411 348
412 348 412 348
413 348 413 348
414 348 414 348
416 348 416 348
398 349 397 350
400 349 400 349
401 349 402 349
404 349 404 349
405 349 405 350
407 349 406 349
409 349 409 349
410 349 410 349
412 349 412 349
413 349 413 349
400 351 400 351
410 351 410 351
