414 312 414 312
416 312 415 312
417 312 417 312
418 312 418 312
419 312 419 312
421 312 421 312
422 312 422 312
423 312 423 312
425 312 424 312
428 312 428 312
431 312 431 312
432 312 432 312
433 312 433 312
435 312 435 312
412 314 412 313
413 314 413 313
414 314 414 313
416 314 416 313
417 314 417 314
418 314 418 314
419 314 419 313
422 314 422 313
423 314 423 314
425 314 425 314
426 314 426 314
427 314 427 314
428 314 428 314
430 314 430 314
431 314 431 314
432 314 432 314
433 314 433 314
435 314 435 314
410 315 410 315
412 315 412 315
413 315 413 315
417 315 417 315
421 315 421 315
422 315 422 315
423 315 423 315
425 315 425 315
428 315 428 315
430 315 430 315
431 315 431 315
432 315 432 315
408 316 408 316
409 316 409 316
410 316 410 316
412 316 412 316
417 316 417 316
418 316 418 316
419 316 419 316
421 316 421 316
422 316 422 316
423 316 423 316
425 316 424 316
426 316 426 316
428 316 428 316
431 316 431 316
408 317 408 317
409 317 409 317
410 317 410 317
412 317 412 317
413 317 413 317
414 317 414 317
417 317 417 317
418 317 418 317
419 317 419 317
421 317 421 317
422 317 422 317
423 317 423 318
425 317 424 318
408 319 408 319
409 319 409 319
410 319 410 319
412 319 412 319
413 319 413 319
416 319 416 319
417 319 417 319
418 319 418 319
419 319 419 319
421 319 421 319
422 319 422 319
423 319 423 319
425 319 424 319
426 319 426 319
432 319 432 319
433 319 433 319
435 319 435 319
409 320 409 320
410 320 410 320
412 320 412 320
413 320 413 320
414 320 414 320
418 320 418 320
419 320 419 320
421 320 421 320
422 320 422 320
423 320 423 320
425 320 424 320
430 320 430 320
431 320 431 320
433 320 433 320
435 320 435 320
407 321 407 321
410 321 410 321
412 321 412 321
413 321 413 321
416 321 416 321
418 321 418 321
419 321 419 321
421 321 421 321
422 321 422 321
423 321 423 321
425 321 425 321
427 321 427 321
431 321 431 321
432 321 432 321
407 322 407 323
409 322 409 322
410 322 410 323
412 322 411 323
413 322 413 323
414 322 414 323
417 322 417 323
418 322 418 323
419 322 419 323
421 322 421 323
422 322 422 322
423 322 423 322
426 322 426 323
427 322 427 323
431 322 431 323
433 322 433 323
435 322 435 323
405 324 405 324
407 324 407 324
412 324 411 324
413 324 412 324
414 324 414 324
417 324 417 324
418 324 418 324
419 324 419 324
421 324 421 324
422 324 422 324
423 324 423 324
425 324 425 324
426 324 426 324
432 324 432 324
433 324 433 324
435 324 435 324
404 325 404 326
405 325 405 325
407 325 407 325
409 325 409 325
410 325 410 325
412 325 411 326
416 325 416 325
417 325 417 325
418 325 418 325
419 325 419 325
421 325 421 325
422 325 422 325
423 325 423 325
425 325 425 325
426 325 426 325
427 325 427 324
431 325 431 324
405 326 405 326
407 326 407 326
408 326 408 326
409 326 409 326
410 326 410 327
412 326 411 327
414 326 414 327
416 326 416 326
417 326 417 326
418 326 418 326
419 326 419 326
421 326 421 326
422 326 422 326
423 326 423 326
425 326 424 326
427 326 427 325
428 326 428 325
432 326 432 326
435 326 435 327
405 328 405 328
407 328 407 328
410 328 410 328
412 328 411 328
414 328 414 328
416 328 416 328
417 328 417 328
418 328 418 328
419 328 419 328
421 328 421 328
422 328 422 328
423 328 423 328
426 328 426 328
427 328 427 327
430 328 430 328
432 328 432 328
435 328 435 328
405 329 405 329
407 329 407 329
408 329 408 329
410 329 410 329
412 329 412 329
414 329 414 329
416 329 416 329
417 329 417 329
418 329 418 329
419 329 419 329
421 329 421 329
422 329 422 329
423 329 423 329
425 329 424 329
426 329 426 329
427 329 427 329
428 329 429 329
431 329 431 329
435 329 435 329
404 330 404 330
405 330 405 330
408 330 408 330
409 330 409 330
410 330 410 330
412 330 412 330
414 330 414 330
416 330 416 330
417 330 417 330
418 330 418 330
419 330 419 330
421 330 421 330
422 330 422 330
423 330 423 330
425 330 424 330
426 330 426 330
427 330 427 330
430 330 430 331
431 330 431 330
432 330 432 330
433 330 434 330
391 331 390 332
393 331 392 331
394 331 394 331
395 331 394 332
396 331 396 332
398 331 397 331
400 331 400 331
401 331 401 331
403 331 403 331
404 331 404 332
405 331 405 332
407 331 406 332
408 331 408 331
409 331 409 331
410 331 410 332
412 331 412 332
413 331 413 332
414 331 414 331
416 331 416 331
417 331 417 331
418 331 418 331
419 331 419 331
421 331 421 331
422 331 422 331
423 331 423 332
425 331 424 331
426 331 426 332
427 331 427 332
428 331 428 332
430 331 430 332
431 331 431 332
432 331 432 332
435 331 435 331
391 333 390 333
393 333 392 333
394 333 394 333
395 333 395 333
398 333 397 333
399 333 399 333
400 333 400 333
401 333 401 333
404 333 404 333
405 333 405 333
407 333 406 333
408 333 408 333
409 333 409 333
410 333 410 333
412 333 412 333
413 333 413 333
414 333 414 333
416 333 416 333
417 333 417 333
418 333 418 333
419 333 419 333
421 333 421 333
422 333 422 333
423 333 423 333
425 333 424 333
426 333 425 333
427 333 427 333
428 333 428 333
430 333 430 333
431 333 431 333
432 333 432 333
435 333 435 332
391 334 390 334
395 334 395 334
396 334 396 334
399 334 399 334
400 334 400 334
401 334 401 334
403 334 403 334
404 334 404 334
405 334 405 334
407 334 407 334
408 334 408 334
409 334 409 334
410 334 410 334
412 334 412 334
413 334 413 334
414 334 414 334
416 334 416 334
417 334 417 334
418 334 418 334
419 334 419 334
421 334 421 334
422 334 422 334
423 334 423 334
425 334 424 334
426 334 426 334
427 334 427 334
428 334 428 334
430 334 429 334
431 334 431 334
433 334 433 333
391 335 391 335
393 335 392 336
394 335 393 336
396 335 396 335
398 335 397 335
400 335 400 335
401 335 401 335
403 335 403 335
404 335 404 335
405 335 405 336
407 335 406 335
408 335 408 335
409 335 409 335
410 335 410 335
412 335 412 335
416 335 416 335
417 335 417 335
418 335 418 335
419 335 419 335
421 335 421 335
422 335 422 335
423 335 423 336
425 335 424 336
426 335 426 336
427 335 427 335
428 335 428 335
430 335 429 336
432 335 432 334
433 335 433 334
391 337 390 337
393 337 392 337
394 337 393 337
395 337 395 337
400 337 400 337
401 337 401 337
403 337 403 337
404 337 404 337
405 337 405 337
407 337 407 337
408 337 408 337
409 337 409 337
410 337 410 337
412 337 412 337
413 337 413 337
414 337 414 337
416 337 416 337
417 337 417 337
418 337 418 337
419 337 419 337
421 337 421 337
422 337 422 337
423 337 423 337
425 337 425 337
426 337 426 337
427 337 427 337
430 337 429 337
431 337 431 336
391 338 390 338
394 338 393 338
395 338 395 338
396 338 396 338
399 338 399 338
400 338 400 338
401 338 401 338
403 338 403 338
404 338 404 338
405 338 405 338
407 338 407 338
408 338 408 338
409 338 409 338
410 338 410 338
414 338 414 338
416 338 415 338
417 338 417 338
418 338 418 338
419 338 419 338
421 338 421 338
422 338 422 338
423 338 423 338
425 338 425 338
426 338 426 338
427 338 427 338
431 338 431 337
393 339 392 339
398 339 397 340
399 339 399 339
400 339 400 339
401 339 401 339
403 339 403 339
409 339 409 339
410 339 410 339
412 339 412 339
413 339 413 340
414 339 414 339
416 339 416 339
417 339 417 339
418 339 418 339
419 339 419 339
421 339 421 339
422 339 422 339
423 339 423 339
425 339 425 339
426 339 426 339
427 339 427 339
428 339 428 339
391 340 390 340
393 340 392 340
394 340 394 341
396 340 396 341
400 340 400 340
401 340 401 340
403 340 403 340
404 340 404 340
405 340 405 340
407 340 406 340
408 340 408 340
409 340 409 341
410 340 410 341
413 340 413 341
414 340 414 341
416 340 415 341
417 340 417 341
418 340 418 340
419 340 419 340
421 340 421 340
422 340 422 340
423 340 423 340
425 340 425 340
426 340 426 340
427 340 427 340
391 342 391 342
393 342 392 342
394 342 393 342
396 342 396 342
398 342 397 341
399 342 399 341
401 342 401 342
403 342 403 342
405 342 405 342
407 342 407 342
414 342 414 342
416 342 415 342
417 342 416 342
418 342 418 342
419 342 419 342
421 342 421 342
422 342 422 342
423 342 423 342
391 343 391 343
394 343 393 343
395 343 395 343
396 343 396 343
398 343 397 343
399 343 399 343
400 343 400 343
401 343 401 343
403 343 403 343
404 343 404 343
405 343 405 343
407 343 407 343
408 343 408 343
409 343 409 343
410 343 410 342
414 343 414 343
416 343 415 343
417 343 416 344
418 343 418 343
419 343 419 343
421 343 421 343
422 343 422 343
423 343 423 343
391 344 391 344
393 344 392 344
394 344 394 344
395 344 395 345
396 344 396 344
398 344 397 344
399 344 399 344
400 344 400 344
401 344 401 344
403 344 403 344
404 344 404 344
405 344 405 344
407 344 407 344
408 344 408 344
409 344 409 344
410 344 410 344
412 344 411 345
414 344 414 344
416 344 415 345
417 344 417 344
418 344 418 344
419 344 419 344
421 344 421 344
391 346 391 346
393 346 392 346
394 346 394 346
395 346 395 346
396 346 396 346
398 346 397 346
399 346 399 346
400 346 400 346
403 346 403 346
404 346 404 346
405 346 405 346
407 346 406 346
408 346 408 346
409 346 409 346
410 346 410 346
412 346 412 346
413 346 413 346
414 346 414 346
416 346 416 346
419 346 417 347
391 347 390 347
393 347 392 347
394 347 393 347
395 347 395 347
399 347 398 347
400 347 400 347
401 347 401 347
403 347 402 347
404 347 404 347
405 347 405 347
407 347 406 347
408 347 408 347
409 347 409 347
410 347 410 347
412 347 411 347
413 347 413 347
414 347 414 347
416 347 416 346
417 347 418 347
393 348 393 349
399 348 398 349
400 348 400 348
401 348 401 348
403 348 403 348
404 348 404 348
405 348 405 348
407 348 406 348
409 348 409 348
410 348 410 348
412 348 412 348
413 348 413 349
414 348 413 349
416 348 417 348
396 349 396 350
398 349 397 350
399 349 398 350
400 349 400 350
404 349 404 350
407 349 406 349
414 349 413 350
401 351 401 351
409 351 409 351
410 351 410 351
