461 238 458 247
462 240 460 248
462 241 460 250
462 242 460 251
471 242 466 251
471 244 466 253
469 250 464 256
471 250 466 255
461 251 457 259
469 251 464 257
471 251 466 257
466 252 460 260
469 252 464 260
471 252 466 260
468 254 462 261
469 254 464 261
471 254 466 261
471 255 466 262
468 257 462 263
469 258 464 265
469 260 464 266
468 261 462 267
469 261 464 267
469 263 464 269
468 264 463 270
469 264 464 270
468 265 463 272
469 265 464 272
468 267 463 273
469 267 464 273
468 268 463 274
469 268 464 274
471 270 465 276
472 271 467 278
