469 238 467 241
468 241 466 243
469 241 467 243
461 242 461 245
462 242 462 245
468 242 466 244
469 242 467 244
461 244 460 247
462 244 462 247
463 244 463 247
468 244 466 246
469 244 467 246
471 244 469 246
461 245 460 248
462 245 462 248
468 245 466 247
469 245 467 247
466 247 464 249
468 247 466 249
469 247 467 248
461 248 460 251
463 248 462 251
465 248 463 251
466 248 465 250
468 248 466 250
469 248 467 250
466 250 464 252
468 250 466 252
469 250 467 252
468 251 466 253
469 251 468 253
468 252 466 255
469 252 468 254
461 254 460 256
463 254 462 257
469 254 468 256
459 255 458 258
462 255 460 258
463 255 462 258
465 255 463 258
469 255 469 257
471 255 470 257
461 257 460 260
463 257 462 260
465 257 463 260
459 258 458 261
463 258 462 261
466 258 465 260
468 258 466 260
458 260 457 262
461 260 459 262
462 260 460 262
465 260 463 262
466 260 465 261
468 260 466 263
458 261 456 264
459 261 457 264
461 261 459 263
462 261 460 264
463 261 461 263
468 261 466 265
469 261 467 265
461 263 459 266
462 263 460 265
463 263 461 265
465 263 463 266
466 263 464 266
468 263 466 266
469 263 467 266
459 264 457 267
461 264 459 267
462 264 460 266
463 264 461 266
466 264 464 267
468 264 466 267
469 264 467 267
458 265 456 268
462 265 460 268
463 265 462 268
461 267 459 269
462 267 460 269
465 267 463 269
466 267 464 269
463 273 463 275
475 273 475 275
476 273 476 275
478 273 478 276
479 273 479 276
462 274 462 277
463 274 463 277
465 274 464 277
466 274 466 277
462 276 462 279
466 276 466 278
468 276 468 278
469 276 469 278
471 276 470 278
472 276 471 278
474 276 473 278
462 277 462 280
465 277 464 280
466 277 466 280
468 277 468 280
469 277 469 280
472 277 471 279
465 278 464 281
466 278 466 281
468 278 468 281
469 278 469 282
471 278 471 282
472 278 471 280
