468 238 454 291
469 238 456 291
471 238 458 291
462 240 450 292
462 241 451 294
466 244 457 292
468 245 463 295
468 250 468 301
453 260 425 319
453 261 427 320
469 261 471 331
453 264 427 323
455 264 429 323
452 265 425 325
453 265 427 325
455 265 429 324
458 265 434 324
452 267 426 327
455 267 430 327
458 267 434 327
452 268 427 329
453 268 428 329
455 268 430 329
466 268 467 334
453 270 428 331
455 271 448 331
456 271 433 333
455 273 432 336
456 273 433 336
458 273 435 336
458 274 435 338
463 274 453 342
