468 238 429 306
462 241 411 305
463 242 412 306
468 242 418 312
463 244 410 307
462 245 407 308
463 245 409 309
461 247 405 309
462 247 406 310
463 247 410 312
465 247 412 312
461 248 404 310
462 248 405 311
463 248 409 313
462 250 406 314
463 251 405 316
459 252 398 312
459 254 397 314
461 254 398 315
459 255 395 315
461 255 399 317
462 255 402 317
459 257 395 317
461 257 399 318
452 261 384 316
453 261 386 317
455 261 388 318
461 261 394 322
452 263 383 318
453 263 385 319
455 263 387 320
453 264 384 320
455 264 386 322
456 264 388 323
458 264 391 325
469 264 413 325
452 265 382 320
453 267 383 323
455 267 384 323
452 268 382 324
455 268 384 325
456 268 385 326
453 270 382 326
456 270 384 328
458 270 386 328
455 271 383 329
458 271 386 331
474 271 399 340
455 273 383 331
456 273 384 332
458 273 386 332
474 273 412 337
469 276 411 336
462 277 388 325
469 277 393 342
466 278 390 343
469 278 392 344
471 278 394 345
472 278 395 346
