469 238 456 255
471 238 457 255
468 240 453 256
471 240 457 257
471 241 457 258
469 242 456 256
466 250 449 266
471 254 457 272
471 255 458 273
468 260 455 273
468 261 455 274
469 261 457 274
461 263 448 278
463 263 451 277
468 263 455 276
469 263 457 276
469 264 457 277
452 265 445 281
459 265 447 279
465 265 452 279
452 267 445 282
468 267 456 279
469 267 457 279
452 268 446 284
453 268 447 284
455 268 449 284
462 268 455 284
468 268 456 280
469 268 457 280
453 270 447 285
455 270 449 286
462 270 455 285
463 270 456 285
469 270 457 282
471 270 460 283
472 270 461 283
456 271 451 288
458 271 453 288
462 271 455 286
463 271 456 286
472 271 461 284
474 271 462 284
455 273 450 290
456 273 451 290
463 273 457 288
465 273 458 288
466 273 460 288
475 273 472 289
476 273 473 289
479 273 477 287
456 274 452 291
458 274 453 291
459 274 455 291
461 274 456 291
463 274 457 290
465 274 458 290
466 274 461 290
468 274 462 290
469 274 464 290
471 274 466 290
475 274 471 290
479 274 478 292
463 276 458 292
465 276 459 292
466 276 461 292
468 276 463 292
469 276 464 292
471 276 466 292
472 276 467 292
462 277 458 294
463 277 459 294
466 277 461 294
468 277 464 294
469 277 465 294
471 277 467 295
474 277 470 295
465 278 461 296
466 278 462 296
468 278 464 296
469 278 465 296
471 278 467 296
472 278 468 296
474 278 470 296
