461 238 458 247
462 238 461 247
463 238 462 247
465 238 464 247
471 238 465 247
462 240 460 248
462 241 460 250
462 242 460 251
471 242 466 251
471 244 466 253
469 250 464 256
471 250 466 255
461 251 457 259
469 251 464 257
471 251 466 257
466 252 460 260
469 252 464 260
471 252 466 260
468 254 462 261
469 254 464 261
471 254 466 261
471 255 466 262
458 257 455 265
468 257 462 263
469 258 464 265
452 260 449 267
458 260 454 268
461 260 455 267
469 260 464 266
452 261 449 269
461 261 455 269
468 261 462 267
469 261 464 267
452 263 449 270
453 263 451 270
459 263 453 270
462 263 456 270
463 263 458 270
465 263 460 270
469 263 464 269
452 264 449 272
453 264 451 272
461 264 455 272
463 264 458 272
465 264 459 271
468 264 463 270
469 264 464 270
452 265 449 273
453 265 450 273
459 265 454 273
462 265 457 273
463 265 458 273
466 265 461 272
468 265 463 272
469 265 464 272
452 267 449 275
453 267 450 275
462 267 458 275
466 267 461 273
468 267 463 273
469 267 464 273
452 268 449 276
453 268 451 276
462 268 458 276
465 268 460 274
466 268 461 275
468 268 463 274
469 268 464 274
453 270 451 278
455 270 453 278
456 270 454 278
462 270 459 278
463 270 460 278
468 270 462 276
469 270 464 276
471 270 465 276
455 271 453 280
456 271 454 279
459 271 456 279
462 271 459 279
463 271 461 279
471 271 466 278
472 271 467 278
455 273 453 281
456 273 454 281
458 273 456 281
459 273 457 281
461 273 458 281
462 273 459 281
463 273 461 281
465 273 462 281
476 273 476 281
456 274 454 282
458 274 456 282
459 274 457 282
461 274 458 282
462 274 459 282
463 274 461 282
465 274 462 282
466 274 464 282
468 274 466 282
469 274 467 282
471 274 469 282
476 274 476 283
462 276 461 284
463 276 461 284
465 276 463 284
466 276 464 284
468 276 466 284
469 276 467 283
471 276 469 283
472 276 470 283
474 276 472 283
462 277 461 286
465 277 463 285
466 277 464 285
468 277 466 285
469 277 467 285
472 277 470 284
474 277 472 284
465 278 463 287
466 278 465 287
468 278 466 287
469 278 467 286
471 278 469 286
472 278 470 286
474 278 472 286
