463 238 447 269
469 238 449 269
471 238 450 269
471 240 450 271
469 241 448 272
471 242 450 273
468 245 444 277
471 255 450 282
455 268 446 289
469 268 451 283
453 270 451 304
455 270 446 291
461 270 449 290
463 270 453 290
471 270 453 286
455 271 447 293
456 271 448 293
456 273 448 295
458 273 450 295
461 274 454 296
466 274 457 295
468 274 459 295
469 274 461 295
478 274 474 298
463 276 456 298
466 276 459 298
468 276 460 298
471 276 464 298
472 276 465 298
466 277 459 300
468 277 461 299
469 277 462 300
471 277 464 300
472 277 465 300
474 277 467 300
466 278 459 301
468 278 461 301
469 278 462 301
471 278 464 301
472 278 465 301
474 278 467 301
