461 238 418 313
463 238 420 313
468 238 426 313
469 238 427 314
461 240 417 315
466 240 425 315
461 241 418 318
462 241 420 319
468 241 427 317
461 242 418 320
465 242 422 316
463 244 424 320
465 244 426 321
468 244 429 319
466 245 428 320
471 247 437 326
471 250 437 329
471 252 438 333
471 255 437 338
453 260 418 328
455 260 420 327
463 260 432 325
456 261 408 337
458 261 410 335
459 261 411 334
463 261 431 326
459 263 412 337
461 263 428 329
461 264 429 331
453 265 403 342
455 265 405 341
462 265 433 331
469 265 438 336
455 267 404 343
461 267 430 332
453 268 418 340
455 268 405 345
453 270 417 342
455 270 404 347
456 270 408 348
471 270 430 344
458 273 406 351
456 274 403 338
463 274 416 352
465 274 418 352
468 274 432 341
474 278 400 344
