469 238 464 283
466 242 462 287
466 244 461 289
465 247 480 295
466 248 482 297
468 248 483 297
468 250 483 298
461 257 461 296
462 257 463 296
462 258 463 298
455 265 449 308
452 267 445 310
453 267 447 310
455 267 449 310
452 268 445 311
453 268 447 312
455 268 449 312
453 270 447 314
456 271 442 300
458 271 444 300
456 273 443 302
458 273 446 302
474 273 461 304
456 274 444 304
458 274 445 304
472 276 459 306
474 276 462 308
468 277 456 307
469 277 457 308
468 278 456 309
469 278 457 309
471 278 459 309
