434 275 383 305
433 276 380 306
434 276 382 306
434 278 380 308
436 278 381 309
438 278 383 310
439 278 385 311
436 279 380 311
438 279 382 312
439 279 384 312
436 281 379 313
438 281 381 313
434 286 376 315
436 286 377 316
439 286 379 317
480 286 419 337
481 286 421 338
436 287 377 318
439 287 379 319
441 287 380 320
480 287 418 339
434 289 375 318
480 289 417 340
433 290 372 318
434 290 374 319
436 290 375 320
480 290 416 342
436 292 375 321
439 292 377 323
441 292 379 324
441 293 378 325
461 293 395 336
463 293 397 337
464 293 398 338
473 293 408 342
441 295 377 327
459 295 392 337
461 295 394 338
464 295 397 340
459 296 391 339
461 296 394 339
463 296 395 340
464 296 396 341
449 298 382 334
466 298 398 342
461 300 392 342
463 300 393 342
466 300 397 344
472 300 403 347
463 301 392 344
470 304 398 347
470 307 397 351
