434 271 385 301
436 271 386 302
434 273 384 303
436 273 386 304
439 273 388 305
434 275 383 305
438 275 385 306
439 275 387 307
433 276 380 306
434 276 382 306
438 276 384 308
439 276 386 309
434 278 380 308
436 278 381 309
438 278 383 310
439 278 385 311
436 279 380 311
438 279 382 312
439 279 384 312
434 281 377 312
436 281 379 313
438 281 381 313
436 282 378 314
433 284 375 313
483 284 428 308
434 286 376 315
436 286 377 316
439 286 379 317
441 286 381 319
473 286 412 319
480 286 419 337
481 286 421 338
483 286 428 309
436 287 377 318
439 287 379 319
441 287 380 320
470 287 408 318
473 287 411 321
480 287 418 339
434 289 375 318
470 289 407 319
472 289 409 321
480 289 417 340
433 290 372 318
434 290 374 319
436 290 375 320
472 290 408 323
475 290 412 325
477 290 414 325
478 290 415 326
480 290 416 342
436 292 375 321
439 292 377 323
441 292 379 324
477 292 413 327
478 292 415 327
441 293 378 325
461 293 395 336
463 293 397 337
464 293 398 338
473 293 408 342
477 293 412 329
478 293 413 329
480 293 416 329
481 293 420 328
441 295 377 327
447 295 382 330
459 295 392 337
461 295 394 338
463 295 395 338
464 295 397 340
469 295 417 317
470 295 417 335
473 295 421 335
477 295 411 330
478 295 413 331
480 295 415 331
481 295 417 331
447 296 382 332
449 296 383 333
450 296 384 333
459 296 391 339
461 296 394 339
463 296 395 340
464 296 396 341
470 296 416 337
475 296 408 332
480 296 414 333
449 298 382 334
450 298 384 335
453 298 387 321
466 298 398 342
477 298 410 332
478 298 411 333
445 300 379 332
450 300 383 321
452 300 384 321
453 300 386 323
455 300 388 324
456 300 389 325
459 300 390 341
461 300 392 342
463 300 393 342
466 300 397 344
472 300 403 347
473 300 406 332
475 300 408 333
477 300 409 334
478 300 410 335
434 301 373 316
449 301 381 322
452 301 383 323
453 301 385 325
455 301 387 326
456 301 389 326
461 301 391 343
463 301 392 344
464 301 394 331
469 301 399 333
470 301 400 334
472 301 403 333
473 301 405 334
475 301 407 335
477 301 408 335
449 303 380 324
461 303 390 345
463 303 392 346
464 303 393 333
466 303 395 334
469 303 398 335
470 303 399 336
475 303 418 343
452 304 382 325
453 304 384 329
461 304 390 336
464 304 393 336
470 304 398 347
439 306 373 321
442 306 374 323
453 306 383 328
450 307 380 327
452 307 381 328
469 307 396 348
470 307 397 351
447 309 375 326
450 309 379 328
452 309 380 329
452 310 379 331
