454 255 429 313
456 255 433 314
456 257 432 315
444 266 424 328
452 274 434 331
457 274 437 338
452 275 435 334
457 278 416 325
442 281 414 337
445 281 415 317
436 282 390 325
445 282 415 319
434 284 386 325
438 284 391 327
442 284 413 341
446 284 415 320
436 286 405 329
446 286 415 322
472 286 401 328
482 286 392 324
434 287 402 332
436 287 405 332
438 287 406 332
440 287 409 332
442 287 411 330
444 287 413 345
446 287 414 324
469 287 398 329
472 287 421 331
436 288 406 334
439 288 407 333
442 288 410 332
444 288 413 347
445 288 413 330
446 288 414 329
450 288 401 334
472 288 420 332
478 288 428 331
480 288 429 329
451 290 402 337
452 290 404 335
462 290 431 342
464 290 396 336
472 290 420 335
474 290 422 335
475 290 424 336
451 292 401 339
452 292 403 339
454 292 405 338
466 292 397 338
468 292 399 339
470 292 417 337
472 292 420 337
474 292 421 337
444 293 392 339
446 293 412 337
452 293 403 341
454 293 405 340
462 293 410 336
464 293 395 340
466 293 397 340
468 293 398 341
469 293 400 341
470 293 417 339
476 293 424 339
478 293 426 340
481 293 435 342
484 293 435 338
438 294 386 337
445 294 408 341
454 294 404 341
464 294 395 341
466 294 396 341
468 294 398 342
469 294 399 342
476 294 423 341
478 294 425 341
445 296 393 344
448 296 412 339
450 296 414 340
452 296 402 344
456 296 404 343
458 296 407 343
463 296 394 343
464 296 412 341
469 296 399 344
470 296 401 345
476 296 423 342
446 298 394 346
448 298 395 347
452 298 401 346
456 298 403 345
458 298 407 345
460 298 408 345
463 298 410 344
464 298 395 345
466 298 396 345
454 299 402 348
456 299 403 347
460 299 407 346
462 299 392 345
468 299 414 344
450 300 395 351
460 300 406 348
462 300 408 349
463 300 393 348
464 300 394 348
469 300 415 346
452 302 397 352
457 302 403 351
458 302 405 351
460 302 406 350
462 302 408 350
464 302 393 350
469 302 415 347
474 302 401 354
457 304 404 354
460 304 406 353
463 304 409 351
466 306 425 345
469 306 415 352
470 306 416 353
