448 256 403 297
451 256 405 298
452 256 430 306
454 257 430 311
449 260 401 302
445 262 395 302
445 263 393 302
448 263 397 304
440 266 388 303
442 266 390 304
443 268 390 306
445 268 391 307
439 269 385 305
440 269 386 306
443 269 389 308
445 269 390 308
446 269 392 309
434 270 381 304
437 270 383 306
443 270 388 309
445 270 390 310
446 270 391 311
433 272 378 305
434 272 380 305
437 272 382 307
439 272 383 308
442 272 386 309
433 274 377 306
434 274 379 307
440 274 383 310
442 274 385 311
443 274 386 312
431 275 375 307
433 275 377 308
440 275 382 312
442 275 384 313
443 275 386 313
433 276 374 309
437 276 377 311
443 276 382 316
436 278 376 313
439 278 378 314
442 280 379 317
443 280 381 318
431 281 372 313
434 281 373 314
437 281 375 315
445 281 382 321
446 281 383 322
434 282 372 316
437 282 375 317
439 282 376 318
442 282 379 319
443 282 380 320
434 284 372 317
437 284 375 318
439 284 376 319
440 284 377 320
443 284 379 321
439 286 375 321
440 286 376 322
443 286 379 323
445 286 380 324
445 287 380 325
446 287 381 326
475 287 408 341
439 288 374 323
440 288 375 324
443 288 377 325
466 288 397 337
472 288 417 333
473 288 418 334
475 288 407 342
476 288 409 329
443 290 377 327
445 290 378 328
446 290 380 328
449 290 382 330
452 290 384 332
454 290 386 334
455 290 388 335
461 290 391 337
463 290 393 338
473 290 404 343
475 290 406 344
476 290 408 345
443 292 376 328
445 292 378 329
446 292 379 329
449 292 381 331
451 292 382 333
461 292 390 338
463 292 392 339
466 292 395 340
467 292 397 341
470 292 413 337
472 292 416 337
473 292 403 345
475 292 405 346
446 293 378 331
449 293 381 333
451 293 382 334
452 293 383 335
454 293 385 336
458 293 389 324
463 293 391 341
472 293 414 339
473 293 403 347
476 293 419 339
478 293 422 339
443 294 375 331
445 294 376 331
452 294 383 337
466 294 393 342
467 294 395 343
469 294 397 344
472 294 400 347
473 294 402 348
475 294 404 333
476 294 406 348
478 294 421 340
445 296 376 333
446 296 377 334
451 296 381 322
452 296 382 338
454 296 383 323
455 296 384 324
458 296 388 326
461 296 389 342
463 296 391 344
467 296 394 345
469 296 396 345
478 296 420 342
446 298 376 335
452 298 382 324
455 298 385 328
458 298 387 328
461 298 388 344
463 298 390 345
464 298 391 346
466 298 393 334
467 298 394 346
469 298 395 347
472 298 398 346
478 298 419 344
470 299 396 350
475 299 401 338
478 299 418 346
472 300 397 349
473 302 398 351
470 304 411 349
470 305 409 351
476 310 407 351
