440 274 383 310
442 274 385 311
443 274 386 312
440 275 382 312
442 275 384 313
443 275 386 313
437 276 377 311
436 278 376 313
442 280 379 317
437 281 375 315
445 281 382 321
437 282 375 317
439 282 376 318
442 282 379 319
443 282 380 320
437 284 375 318
439 284 376 319
440 284 377 320
443 284 379 321
439 286 375 321
440 286 376 322
443 286 379 323
445 286 380 324
445 287 380 325
446 287 381 326
475 287 408 341
439 288 374 323
440 288 375 324
443 288 377 325
466 288 397 337
475 288 407 342
443 290 377 327
445 290 378 328
455 290 388 335
463 290 393 338
473 290 404 343
475 290 406 344
476 290 408 345
443 292 376 328
445 292 378 329
446 292 379 329
451 292 382 333
466 292 395 340
467 292 397 341
473 292 403 345
475 292 405 346
446 293 378 331
449 293 381 333
451 293 382 334
452 293 383 335
454 293 385 336
473 293 403 347
445 294 376 331
452 294 383 337
466 294 393 342
467 294 395 343
469 294 397 344
472 294 400 347
473 294 402 348
476 294 406 348
446 296 377 334
452 296 382 338
461 296 389 342
463 296 391 344
467 296 394 345
469 296 396 345
461 298 388 344
463 298 390 345
464 298 391 346
467 298 394 346
469 298 395 347
470 299 396 350
472 300 397 349
473 302 398 351
