456 249 435 298
459 252 447 298
460 252 449 296
459 253 446 300
460 253 451 298
460 255 452 301
456 257 449 311
451 262 416 313
456 262 433 303
456 263 432 306
456 265 432 309
456 266 432 311
450 268 414 324
450 274 417 330
450 275 434 328
448 276 417 335
459 276 454 339
453 278 422 337
462 278 460 334
450 281 411 324
451 281 450 327
453 281 413 323
451 282 412 325
450 284 412 329
451 284 412 327
453 284 414 327
454 284 415 327
456 284 418 326
466 284 424 325
467 284 425 325
469 284 427 326
450 285 412 331
453 285 414 329
454 285 416 329
470 285 429 328
472 285 431 328
456 287 417 331
460 287 438 325
464 287 425 331
467 287 427 330
469 287 429 330
475 287 437 333
464 288 425 333
466 288 427 333
467 288 428 333
472 288 432 332
473 288 434 332
475 288 438 335
462 290 424 336
464 290 426 335
472 290 432 334
463 291 426 338
466 291 428 337
473 291 434 336
475 291 438 339
463 292 426 340
464 292 427 340
467 292 430 339
470 292 433 340
472 292 433 339
473 292 435 339
475 292 437 339
