457 247 416 312
463 247 433 312
464 247 435 312
460 253 430 319
460 255 429 321
466 263 442 340
450 268 386 333
450 272 394 321
450 276 416 321
450 278 415 323
467 278 421 329
469 278 422 348
450 279 418 344
453 279 403 334
463 281 421 352
451 282 400 337
463 282 420 353
450 284 382 333
453 284 385 334
454 284 403 338
457 284 406 338
451 285 397 341
454 285 386 337
467 285 396 340
470 285 399 341
472 285 401 342
475 285 406 346
456 287 388 339
459 287 405 342
460 287 408 341
466 287 412 340
467 287 414 339
469 287 397 343
470 287 399 343
472 287 400 344
473 287 403 347
475 287 405 348
459 288 405 344
460 288 408 344
462 288 409 344
466 288 412 343
467 288 414 343
472 288 400 346
475 288 404 350
462 290 408 345
464 290 393 345
466 290 395 346
470 290 398 347
472 290 400 348
462 291 407 347
463 291 409 348
466 291 395 348
472 291 400 350
473 291 401 351
475 291 403 352
464 292 393 349
467 292 395 350
473 292 401 353
475 292 403 354
