459 247 478 282
464 247 440 287
456 250 473 287
456 252 472 288
456 253 472 290
460 255 467 291
447 274 435 294
450 274 445 309
447 275 435 295
450 275 446 310
448 276 436 297
453 278 441 298
454 278 443 299
453 279 441 300
450 281 439 303
454 281 443 302
456 281 444 302
470 281 459 302
476 281 468 303
450 282 439 304
451 282 441 304
454 282 442 303
456 282 445 303
466 282 454 303
467 282 456 303
469 282 457 303
470 282 459 303
472 282 461 304
473 282 463 304
475 282 466 304
476 282 468 305
450 284 439 306
451 284 441 306
453 284 442 305
454 284 444 305
456 284 445 305
457 284 447 305
462 284 449 305
463 284 451 305
464 284 453 305
466 284 454 305
467 284 456 305
469 284 457 305
470 284 459 306
472 284 461 306
473 284 463 306
475 284 466 306
476 284 468 307
450 285 440 308
453 285 443 307
454 285 444 307
456 285 445 307
457 285 447 307
460 285 449 307
463 285 451 307
464 285 452 307
467 285 456 307
469 285 458 307
470 285 459 307
472 285 461 307
473 285 463 307
475 285 466 308
476 285 468 308
457 287 447 309
459 287 448 309
462 287 451 309
463 287 453 309
464 287 454 309
466 287 456 309
467 287 457 309
469 287 459 309
472 287 462 309
473 287 464 309
475 287 466 310
459 288 449 311
460 288 450 311
463 288 453 311
464 288 454 311
466 288 456 311
467 288 457 311
469 288 459 311
470 288 460 310
472 288 462 311
473 288 463 311
475 288 466 311
459 290 449 312
460 290 450 313
462 290 452 313
463 290 453 313
466 290 456 312
467 290 457 312
469 290 459 312
470 290 460 312
472 290 462 312
473 290 463 312
475 290 466 313
462 291 452 314
463 291 454 314
464 291 455 314
466 291 456 314
469 291 459 314
470 291 460 314
472 291 462 314
473 291 464 314
475 291 466 314
463 292 454 316
464 292 455 316
466 292 456 316
467 292 458 316
469 292 460 316
472 292 462 316
473 292 464 316
475 292 466 316
