463 247 447 269
464 247 449 269
466 247 451 269
463 249 448 271
464 249 449 271
466 249 451 271
463 250 447 273
464 250 449 273
466 250 451 273
463 252 447 275
464 252 449 275
466 252 451 275
462 256 444 279
459 263 444 276
456 271 444 282
457 271 445 282
447 272 440 284
456 272 445 284
463 272 450 281
447 274 440 286
448 274 441 286
462 274 449 282
463 274 450 282
464 274 451 282
447 275 440 287
448 275 441 287
459 275 447 284
460 275 448 284
463 275 450 284
464 275 452 284
447 276 440 289
448 276 442 289
450 276 443 289
451 276 444 289
462 276 450 286
464 276 452 286
466 276 453 286
467 276 454 286
450 278 443 291
451 278 445 291
453 278 447 291
460 278 452 290
464 278 453 288
450 279 444 292
453 279 447 292
454 279 448 292
459 279 451 292
460 279 452 291
462 279 454 291
464 279 458 291
451 281 445 294
453 281 447 294
454 281 448 294
456 281 450 294
459 281 451 294
460 281 453 294
462 281 454 293
463 281 456 293
470 281 464 293
476 281 472 295
450 282 444 296
454 282 448 295
456 282 450 295
457 282 451 295
460 282 454 295
463 282 456 295
464 282 458 295
466 282 459 295
467 282 461 295
469 282 462 295
470 282 464 295
472 282 467 296
473 282 468 296
475 282 470 296
476 282 472 296
450 284 444 298
451 284 446 298
453 284 447 297
459 284 453 297
460 284 454 297
462 284 456 297
463 284 457 297
464 284 459 297
466 284 460 297
467 284 462 297
469 284 463 296
470 284 464 296
472 284 467 298
473 284 468 298
475 284 470 298
476 284 472 299
450 285 445 299
451 285 446 299
453 285 448 299
454 285 449 299
456 285 451 299
459 285 453 299
460 285 455 299
462 285 456 299
463 285 457 299
464 285 459 299
466 285 460 299
467 285 462 299
469 285 463 299
472 285 467 299
473 285 468 299
475 285 470 300
476 285 472 300
456 287 451 301
457 287 452 301
459 287 454 301
462 287 456 301
463 287 458 301
464 287 459 301
466 287 461 301
467 287 462 301
469 287 464 301
470 287 465 301
472 287 467 301
473 287 468 301
475 287 470 301
459 288 454 302
460 288 455 302
462 288 457 303
464 288 459 302
466 288 461 302
467 288 462 303
469 288 464 302
470 288 465 302
472 288 467 302
473 288 468 302
475 288 471 303
459 290 454 304
460 290 455 304
462 290 457 304
463 290 458 304
464 290 460 304
467 290 462 304
469 290 464 304
470 290 465 304
472 290 467 304
473 290 468 304
475 290 471 305
462 291 457 306
463 291 459 306
464 291 460 306
466 291 461 305
469 291 464 305
470 291 465 305
472 291 467 306
473 291 468 306
475 291 471 306
462 292 457 307
463 292 459 307
464 292 460 307
466 292 461 307
467 292 463 307
469 292 465 307
470 292 466 307
473 292 469 308
475 292 471 308
