460 252 456 292
454 256 450 305
457 259 462 304
454 260 459 308
451 262 426 309
453 262 428 310
451 263 426 311
451 271 418 304
451 272 429 323
447 274 424 326
450 274 426 325
447 275 415 310
450 275 427 327
453 278 431 332
470 278 474 312
453 279 431 334
454 279 433 333
450 281 420 319
453 281 432 336
454 281 433 336
451 282 421 320
453 282 423 320
454 282 433 337
456 282 434 337
451 284 421 322
453 284 423 322
454 284 425 322
456 284 427 321
466 284 435 321
469 284 437 321
470 284 438 321
472 284 442 323
476 284 448 324
450 285 437 324
451 285 423 325
454 285 425 324
463 285 449 345
466 285 435 323
470 285 439 322
472 285 441 323
473 285 444 325
475 285 446 325
476 285 450 326
464 287 434 326
466 287 436 326
473 287 445 327
475 287 447 328
463 288 434 328
464 288 435 328
467 288 438 328
470 288 440 327
472 288 442 327
473 288 445 329
475 288 447 330
463 290 434 330
464 290 435 330
466 290 437 330
473 290 443 329
464 291 436 332
466 291 437 331
467 291 439 332
470 291 441 331
472 291 443 331
473 291 444 331
463 292 435 335
464 292 436 334
467 292 439 334
469 292 441 334
470 292 442 334
472 292 443 333
473 292 445 333
475 292 447 334
