456 247 455 250
457 247 456 250
459 247 458 250
456 249 455 252
457 249 456 252
462 249 460 251
457 250 456 253
460 250 458 255
462 250 459 253
456 252 455 255
457 252 456 255
457 253 456 256
462 253 459 255
464 253 461 254
456 255 455 258
459 255 457 258
460 255 458 257
462 255 459 257
464 255 461 256
453 256 452 259
454 256 453 259
459 256 456 259
460 256 458 259
462 256 459 259
464 256 461 257
466 256 463 257
454 257 453 260
457 257 455 260
459 257 456 260
460 257 458 260
462 257 459 261
464 257 461 259
466 257 463 259
454 259 453 262
457 259 455 262
459 259 456 262
460 259 458 262
462 259 459 262
464 259 461 260
453 260 452 263
454 260 453 263
459 260 457 263
460 260 458 263
464 260 461 263
466 260 463 265
456 262 454 264
459 262 457 264
466 262 463 267
457 263 455 265
457 265 455 267
459 265 457 266
459 266 457 269
462 266 460 268
462 268 460 269
463 268 461 269
447 269 446 272
456 269 454 272
463 269 461 271
456 271 454 273
457 271 455 274
463 271 461 273
456 272 454 275
457 272 455 275
459 272 457 275
463 272 461 275
464 272 462 275
450 274 449 276
456 274 454 276
457 274 455 277
459 274 457 277
460 274 458 276
462 274 459 276
459 275 457 278
460 275 458 278
463 276 461 279
464 276 463 279
453 278 452 281
459 278 458 281
464 278 463 280
453 279 452 282
454 279 453 282
462 282 461 285
463 282 462 285
464 282 464 285
466 282 465 285
467 282 466 285
470 282 469 285
464 284 464 287
466 284 465 287
467 284 467 287
469 284 468 286
470 284 469 286
464 285 464 288
466 285 465 288
467 285 467 288
469 285 468 288
470 285 469 288
467 287 467 290
469 287 468 289
470 287 469 290
460 288 459 291
462 288 461 291
469 288 468 291
470 288 469 291
475 288 475 292
459 290 458 293
460 290 459 293
462 290 461 293
463 290 463 293
462 291 461 294
463 291 463 294
475 291 474 294
462 292 461 296
463 292 463 296
464 292 464 295
466 292 465 296
470 292 470 296
472 292 471 295
473 292 473 295
475 292 474 296
