457 247 417 313
462 247 431 313
463 247 433 313
460 253 428 319
460 255 428 321
466 262 438 338
454 266 422 324
454 269 413 335
448 274 414 318
448 275 414 320
457 275 432 334
459 275 434 334
447 276 414 342
450 276 415 322
450 278 415 323
451 278 401 333
467 278 419 330
469 278 426 344
453 281 418 345
460 281 414 355
466 282 432 342
453 284 401 339
454 284 402 340
470 284 399 340
454 285 402 341
462 285 413 355
470 285 399 342
472 285 400 343
473 285 402 344
460 287 406 342
467 287 395 342
469 287 397 343
470 287 398 344
472 287 400 345
459 288 404 344
460 288 406 344
464 288 393 343
466 288 394 344
470 288 397 345
472 288 399 347
473 288 401 347
475 288 403 350
460 290 406 346
463 290 391 345
466 290 394 345
462 291 406 348
463 291 407 348
464 291 392 347
466 291 394 347
462 292 405 350
463 292 407 350
464 292 409 350
472 292 398 351
475 292 401 354
