448 276 444 283
451 281 448 289
453 281 450 289
453 282 450 291
462 282 458 290
463 282 459 290
453 284 450 292
463 284 460 292
464 284 461 292
466 284 463 292
467 284 464 292
469 284 466 292
463 285 460 293
464 285 461 293
466 285 463 293
467 285 464 293
469 285 466 293
470 285 467 293
463 287 460 295
464 287 462 295
467 287 464 295
469 287 466 295
470 287 467 295
459 288 456 297
460 288 458 297
462 288 459 297
463 288 461 297
464 288 462 297
466 288 463 297
469 288 467 297
470 288 468 297
469 290 467 299
470 290 468 298
466 291 463 300
469 291 467 300
466 292 464 302
467 292 465 301
