456 247 455 250
457 247 456 250
459 247 458 250
462 247 459 250
466 247 463 250
456 249 455 252
457 249 456 252
462 249 460 251
463 249 461 252
457 250 456 253
460 250 458 255
462 250 459 253
456 252 455 255
457 252 456 255
466 252 463 253
454 253 453 256
456 253 455 256
457 253 456 256
462 253 459 255
464 253 461 254
453 255 452 258
454 255 453 258
456 255 455 258
459 255 457 258
460 255 458 257
462 255 459 257
464 255 461 256
453 256 452 259
454 256 453 259
459 256 456 259
460 256 458 259
462 256 459 259
464 256 461 257
466 256 463 257
453 257 452 261
454 257 453 260
457 257 455 260
459 257 456 260
460 257 458 260
462 257 459 261
464 257 461 259
466 257 463 259
453 259 452 262
454 259 453 262
457 259 455 262
459 259 456 262
460 259 458 262
462 259 459 262
464 259 461 260
453 260 452 263
454 260 453 263
459 260 457 263
460 260 458 263
464 260 461 263
466 260 463 265
453 262 452 264
456 262 454 264
459 262 457 264
466 262 463 267
453 263 452 266
457 263 455 265
456 265 454 267
457 265 455 267
459 265 457 266
463 265 461 266
448 266 447 269
453 266 452 269
456 266 454 269
457 266 455 269
459 266 457 269
462 266 460 268
463 266 461 267
464 266 463 267
448 268 447 270
454 268 452 270
456 268 454 270
457 268 455 270
459 268 457 271
462 268 460 269
463 268 461 269
464 268 462 269
447 269 446 272
450 269 448 272
456 269 454 272
457 269 455 272
459 269 457 272
460 269 458 272
463 269 461 271
451 271 449 273
454 271 452 273
456 271 454 273
457 271 455 274
459 271 457 274
460 271 458 274
462 271 460 273
463 271 461 273
447 272 446 275
448 272 447 275
454 272 452 275
456 272 454 275
457 272 455 275
459 272 457 275
462 272 460 275
463 272 461 275
464 272 462 275
447 274 446 276
448 274 447 277
450 274 449 276
454 274 452 276
456 274 454 276
457 274 455 277
459 274 457 277
460 274 458 276
462 274 459 276
463 274 461 276
464 274 462 276
447 275 446 278
448 275 447 278
450 275 449 278
459 275 457 278
460 275 458 278
462 275 460 278
463 275 461 278
464 275 463 278
447 276 446 279
448 276 447 279
450 276 449 279
459 276 457 279
462 276 460 279
463 276 461 279
464 276 463 279
453 278 452 281
454 278 453 281
459 278 458 281
460 278 459 281
464 278 463 280
466 278 464 280
450 279 449 282
451 279 450 282
453 279 452 282
454 279 453 282
456 279 455 282
459 279 458 282
460 279 459 282
462 279 460 282
464 279 463 282
476 279 476 282
450 281 449 284
451 281 450 284
453 281 452 284
454 281 453 284
456 281 455 284
457 281 457 284
459 281 458 284
460 281 459 284
462 281 460 284
463 281 462 284
470 281 469 283
476 281 476 284
450 282 449 285
451 282 450 285
453 282 452 285
454 282 453 285
456 282 455 285
457 282 457 285
459 282 458 285
460 282 459 285
462 282 461 285
463 282 462 285
464 282 464 285
466 282 465 285
467 282 466 285
469 282 468 285
470 282 469 285
475 282 474 285
476 282 475 285
450 284 449 287
451 284 451 287
453 284 452 287
454 284 454 287
456 284 455 287
457 284 457 287
459 284 458 287
460 284 459 287
462 284 461 287
463 284 462 287
464 284 464 287
466 284 465 287
467 284 467 287
469 284 468 286
470 284 469 286
472 284 471 286
473 284 473 287
475 284 474 287
476 284 475 287
450 285 449 288
451 285 451 288
453 285 452 288
454 285 454 288
456 285 455 288
457 285 456 288
459 285 458 288
460 285 459 288
462 285 461 288
463 285 462 288
464 285 464 288
466 285 465 288
467 285 467 288
469 285 468 288
470 285 469 288
472 285 471 288
473 285 473 288
475 285 474 288
476 285 476 288
456 287 455 289
457 287 456 290
459 287 458 290
460 287 459 290
462 287 461 290
463 287 462 290
464 287 464 290
466 287 465 290
467 287 467 290
469 287 468 289
470 287 469 290
472 287 471 290
473 287 473 290
475 287 474 290
459 288 458 291
460 288 459 291
462 288 461 291
463 288 462 291
464 288 464 291
466 288 465 291
467 288 467 291
469 288 468 291
470 288 469 291
472 288 471 291
473 288 472 291
475 288 475 292
459 290 458 293
460 290 459 293
462 290 461 293
463 290 463 293
464 290 464 293
466 290 465 293
467 290 467 293
469 290 468 292
470 290 469 292
472 290 471 292
473 290 472 292
475 290 474 293
462 291 461 294
463 291 463 294
464 291 464 294
466 291 465 294
467 291 467 294
469 291 468 294
470 291 469 294
472 291 471 294
473 291 472 294
475 291 474 294
462 292 461 296
463 292 463 296
464 292 464 295
466 292 465 296
467 292 467 295
469 292 468 295
470 292 470 296
472 292 471 295
473 292 473 295
475 292 474 296
