462 274 449 282
463 274 450 282
459 275 447 284
460 275 448 284
453 278 447 291
453 279 447 292
454 279 448 292
453 281 447 294
463 282 456 295
464 282 458 295
466 282 459 295
464 284 459 297
466 284 460 297
467 284 462 297
464 285 459 299
466 285 460 299
467 285 462 299
469 285 463 299
463 287 458 301
464 287 459 301
466 287 461 301
467 287 462 301
469 287 464 301
470 287 465 301
464 288 459 302
466 288 461 302
467 288 462 303
469 288 464 302
470 288 465 302
467 290 462 304
469 290 464 304
470 290 465 304
469 291 464 305
470 291 465 305
472 291 467 306
467 292 463 307
469 292 465 307
470 292 466 307
