456 249 407 301
453 255 400 305
454 255 400 306
457 255 403 308
453 256 399 306
454 256 400 308
456 256 402 309
454 257 397 309
456 257 401 311
453 259 394 310
454 259 396 310
453 260 393 311
454 260 395 312
453 262 393 312
466 263 434 333
451 265 389 314
453 265 391 315
456 265 394 316
453 266 390 317
448 268 385 315
450 268 386 316
454 268 395 322
454 269 394 323
447 271 381 316
448 271 383 317
450 271 385 319
464 271 413 325
447 272 380 318
448 272 382 319
450 272 383 320
448 274 381 321
450 274 383 322
448 276 380 323
450 276 382 324
451 278 382 326
453 278 384 327
451 279 382 328
453 279 383 329
454 279 385 330
453 281 383 330
454 281 384 331
456 281 386 332
451 282 381 330
463 282 387 334
464 282 389 335
466 282 393 337
472 282 398 343
473 282 415 335
475 282 417 337
450 284 379 331
453 284 381 333
454 284 383 334
456 284 384 335
464 284 389 338
466 284 391 339
467 284 393 340
470 284 396 340
475 284 402 345
476 284 404 346
453 285 381 334
454 285 382 335
456 285 384 336
459 285 387 323
464 285 389 340
466 285 391 341
467 285 392 342
469 285 394 342
472 285 397 344
473 285 399 345
475 285 401 347
476 285 403 348
456 287 383 338
459 287 386 325
460 287 387 326
464 287 390 342
466 287 391 343
469 287 393 344
470 287 395 344
473 287 398 347
475 287 400 348
464 288 389 344
466 288 391 345
467 288 408 343
475 288 399 350
473 290 397 346
472 291 395 347
473 291 396 348
475 292 397 351
