466 247 458 255
464 249 457 257
466 249 458 257
464 255 456 259
453 257 450 265
453 259 450 266
460 259 451 266
462 260 453 268
463 260 455 267
447 266 443 274
464 266 457 273
447 268 443 275
463 268 456 275
464 268 457 275
447 269 443 276
448 269 444 277
454 269 447 277
459 269 451 277
462 269 454 276
463 269 456 276
464 269 457 276
447 271 443 278
462 271 454 278
464 271 457 277
447 272 443 280
448 272 444 280
454 272 447 279
456 272 449 279
447 274 443 281
456 274 449 280
460 274 453 279
462 274 455 279
464 274 457 279
448 275 444 282
460 275 454 280
462 275 455 281
464 275 457 281
447 276 444 285
448 276 444 283
450 276 446 283
451 276 447 284
462 276 455 282
464 276 457 282
466 276 459 283
467 276 460 282
450 278 447 286
451 278 448 286
453 278 450 286
459 278 455 285
460 278 456 285
462 278 455 284
464 278 457 284
467 278 461 284
454 279 451 287
459 279 455 287
460 279 456 287
462 279 458 287
466 279 461 286
476 279 474 287
451 281 448 289
453 281 450 289
456 281 453 289
459 281 455 289
460 281 456 289
462 281 458 288
463 281 459 288
470 281 467 289
476 281 474 289
450 282 447 291
451 282 448 291
453 282 450 291
454 282 451 290
456 282 453 290
460 282 456 290
462 282 458 290
463 282 459 290
464 282 461 290
466 282 463 290
467 282 464 290
469 282 466 290
470 282 467 290
472 282 470 290
473 282 471 290
475 282 473 290
476 282 474 291
450 284 447 292
451 284 449 293
453 284 450 292
454 284 452 292
460 284 457 292
462 284 458 292
463 284 460 292
464 284 461 292
466 284 463 292
467 284 464 292
469 284 466 292
470 284 467 292
472 284 469 292
473 284 471 292
475 284 473 293
476 284 474 293
450 285 447 294
451 285 449 294
453 285 450 294
454 285 452 294
456 285 453 293
459 285 456 293
462 285 458 293
463 285 460 293
464 285 461 293
466 285 463 293
467 285 464 293
469 285 466 293
470 285 467 293
472 285 469 293
473 285 471 294
475 285 473 294
476 285 474 294
456 287 453 296
457 287 454 295
459 287 456 295
460 287 457 296
462 287 459 295
463 287 460 295
464 287 462 295
467 287 464 295
469 287 466 295
470 287 467 295
472 287 470 295
473 287 471 296
475 287 473 296
459 288 456 297
460 288 458 297
462 288 459 297
463 288 461 297
464 288 462 297
466 288 463 297
469 288 467 297
470 288 468 297
472 288 470 297
473 288 471 297
475 288 473 297
460 290 458 299
462 290 459 299
463 290 461 298
464 290 462 299
466 290 464 299
467 290 465 299
469 290 467 299
470 290 468 298
472 290 470 298
473 290 471 299
475 290 473 299
462 291 459 300
463 291 461 300
464 291 462 300
466 291 463 300
467 291 465 300
469 291 467 300
470 291 468 300
472 291 470 300
473 291 471 300
475 291 473 300
462 292 459 302
463 292 461 301
464 292 462 301
466 292 464 302
467 292 465 301
469 292 467 301
470 292 468 301
472 292 470 302
473 292 471 302
475 292 473 301
