462 247 466 285
463 247 468 285
464 247 470 285
459 252 463 285
460 253 467 287
463 253 470 287
460 255 468 290
451 262 437 305
453 262 439 304
457 263 452 298
451 271 429 299
451 272 428 300
448 275 426 304
447 276 425 306
451 276 438 322
451 278 429 308
450 279 429 310
450 281 429 312
451 281 430 311
470 281 451 314
451 282 431 314
453 282 432 313
454 282 434 313
470 282 449 313
473 282 454 314
450 284 430 317
453 284 432 315
454 284 434 315
456 284 436 315
462 284 440 314
463 284 441 314
464 284 443 314
466 284 445 314
470 284 449 315
472 284 452 315
473 284 454 316
475 284 456 316
476 284 458 316
451 285 432 318
454 285 434 317
456 285 436 317
457 285 437 317
460 285 440 316
463 285 441 316
466 285 445 316
467 285 447 316
469 285 448 317
470 285 450 317
472 285 452 317
473 285 454 318
475 285 456 318
476 285 459 318
456 287 437 319
462 287 441 318
463 287 443 319
464 287 444 319
466 287 446 319
469 287 449 319
470 287 450 319
472 287 452 319
475 287 456 320
459 288 439 321
460 288 441 321
462 288 442 321
464 288 445 321
466 288 446 320
467 288 448 321
469 288 449 321
472 288 452 320
473 288 455 322
475 288 457 322
459 290 440 323
460 290 442 324
463 290 444 323
464 290 445 323
467 290 448 323
469 290 450 323
470 290 451 323
472 290 453 323
473 290 453 322
475 290 457 324
463 291 444 325
464 291 446 324
466 291 447 324
469 291 450 324
470 291 451 324
472 291 453 324
473 291 455 325
475 291 457 325
462 292 444 327
464 292 446 327
466 292 447 326
467 292 449 326
470 292 451 326
472 292 453 326
473 292 455 327
475 292 457 327
