404 300 402 299
405 300 406 299
407 300 407 299
410 300 409 299
412 300 411 299
413 300 412 299
415 300 414 299
418 300 415 299
420 300 417 299
404 302 402 301
408 302 409 302
412 302 412 302
413 302 414 302
415 302 415 302
417 302 417 302
418 302 419 302
420 302 420 302
422 302 422 302
402 303 400 304
404 303 402 304
407 303 407 303
408 303 408 303
410 303 410 303
412 303 412 303
413 303 413 303
417 303 417 303
418 303 419 303
420 303 420 303
422 303 422 303
423 303 425 304
402 305 401 305
404 305 403 305
405 305 405 305
408 305 408 305
410 305 410 305
412 305 412 305
413 305 413 305
417 305 417 305
418 305 419 305
420 305 420 305
422 305 422 305
423 305 423 305
425 305 425 305
427 305 427 305
400 307 399 305
402 307 401 307
404 307 403 307
405 307 405 307
407 307 407 307
410 307 410 307
412 307 412 307
415 307 415 307
417 307 417 307
418 307 418 307
420 307 420 307
422 307 422 307
423 307 424 307
425 307 425 307
427 307 427 307
428 307 429 307
430 307 431 307
380 308 380 306
382 308 381 306
385 308 384 306
390 308 389 306
400 308 399 307
404 308 404 308
405 308 405 308
407 308 407 308
408 308 408 308
412 308 412 308
413 308 413 308
415 308 415 308
417 308 417 308
418 308 418 308
420 308 420 308
422 308 422 308
423 308 423 308
425 308 425 308
427 308 427 308
428 308 428 308
430 308 430 308
382 310 381 308
384 310 383 307
385 310 384 307
387 310 386 307
389 310 387 307
392 310 391 308
407 310 407 310
408 310 408 310
410 310 410 310
412 310 412 310
413 310 413 310
415 310 415 310
417 310 417 310
418 310 418 310
420 310 420 310
422 310 422 310
423 310 423 310
425 310 425 310
427 310 427 310
428 310 428 310
430 310 430 310
375 312 375 311
377 312 377 312
380 312 379 310
382 312 381 309
384 312 382 309
385 312 384 309
387 312 386 309
389 312 388 309
397 312 397 312
400 312 399 311
402 312 401 311
404 312 402 311
405 312 405 312
410 312 410 312
412 312 412 312
413 312 413 312
415 312 415 312
417 312 417 312
418 312 418 312
420 312 420 312
422 312 422 312
423 312 423 312
425 312 425 312
427 312 427 312
428 312 428 312
430 312 430 312
372 313 373 313
374 313 374 313
375 313 375 313
377 313 377 313
384 313 382 311
385 313 384 311
389 313 388 311
390 313 390 313
392 313 392 313
394 313 394 313
395 313 395 313
397 313 397 313
400 313 400 313
402 313 402 313
404 313 403 313
405 313 405 313
407 313 407 313
408 313 408 313
410 313 410 313
412 313 412 313
413 313 413 313
415 313 415 313
417 313 417 313
418 313 418 313
420 313 420 313
422 313 422 313
423 313 423 313
425 313 425 313
427 313 427 313
428 313 428 313
430 313 430 313
372 315 373 315
374 315 374 315
375 315 375 315
377 315 377 315
384 315 382 313
385 315 384 313
389 315 389 315
390 315 390 315
392 315 392 315
394 315 394 315
399 315 399 315
400 315 400 315
402 315 402 315
404 315 404 315
405 315 405 315
407 315 407 315
408 315 409 315
410 315 410 315
412 315 412 315
413 315 413 315
415 315 415 315
417 315 417 315
418 315 418 315
420 315 420 315
422 315 422 315
423 315 423 315
427 315 427 315
428 315 428 315
430 315 430 315
372 317 373 317
374 317 374 317
377 317 377 317
379 317 379 317
382 317 381 316
384 317 382 315
385 317 384 315
387 317 387 317
390 317 390 317
394 317 394 317
395 317 395 317
397 317 397 317
399 317 399 317
400 317 400 317
404 317 404 317
405 317 405 317
407 317 407 317
408 317 409 317
410 317 410 317
412 317 412 317
413 317 414 316
415 317 415 317
417 317 417 317
418 317 418 317
420 317 420 317
422 317 422 317
423 317 423 317
425 317 425 317
427 317 427 317
428 317 428 317
432 317 432 317
433 317 433 317
372 318 373 319
374 318 374 318
379 318 379 318
380 318 380 318
382 318 382 318
384 318 384 318
385 318 385 318
387 318 387 318
389 318 389 318
392 318 392 318
394 318 394 318
395 318 395 318
397 318 397 318
399 318 399 318
402 318 402 318
404 318 403 318
405 318 405 318
407 318 407 318
408 318 409 318
412 318 412 318
413 318 413 318
415 318 415 318
417 318 417 318
418 318 418 318
420 318 420 318
422 318 422 318
423 318 423 318
425 318 425 319
427 318 427 319
428 318 428 319
432 318 432 318
433 318 433 318
372 320 373 320
375 320 375 320
377 320 377 320
379 320 379 320
380 320 380 320
382 320 382 320
384 320 384 320
385 320 385 320
389 320 389 320
390 320 390 320
392 320 392 320
394 320 394 320
395 320 395 320
397 320 397 320
399 320 399 320
400 320 400 320
402 320 402 320
405 320 405 320
410 320 410 320
412 320 412 320
413 320 413 320
415 320 415 320
417 320 417 320
418 320 418 320
420 320 420 320
422 320 422 320
423 320 423 320
428 320 428 320
430 320 430 320
432 320 431 320
433 320 433 320
372 322 373 322
375 322 375 322
377 322 377 322
379 322 379 322
380 322 380 322
382 322 382 322
384 322 384 322
385 322 385 322
387 322 387 322
389 322 389 321
390 322 390 321
392 322 392 321
394 322 394 321
395 322 395 322
397 322 397 322
399 322 399 322
400 322 400 321
402 322 402 322
404 322 404 322
407 322 406 322
408 322 408 321
410 322 410 321
412 322 412 321
413 322 413 321
415 322 415 322
417 322 417 322
418 322 418 322
420 322 420 322
422 322 422 322
423 322 423 322
427 322 427 322
428 322 429 322
430 322 430 322
432 322 431 322
433 322 433 322
372 323 373 324
374 323 374 323
377 323 377 323
379 323 379 323
380 323 380 324
382 323 382 323
384 323 384 323
387 323 387 323
389 323 389 323
390 323 390 323
392 323 392 323
394 323 394 323
395 323 395 323
397 323 397 323
399 323 399 323
400 323 400 323
402 323 402 323
405 323 405 323
407 323 407 323
410 323 410 323
412 323 412 323
413 323 414 323
415 323 415 323
417 323 417 323
418 323 418 323
420 323 420 323
422 323 422 323
423 323 423 323
430 323 430 323
432 323 431 323
433 323 433 323
374 325 374 325
377 325 377 325
379 325 379 325
380 325 380 325
382 325 382 325
384 325 384 325
385 325 385 325
387 325 387 325
389 325 389 325
390 325 390 325
392 325 392 325
394 325 394 325
395 325 395 325
397 325 397 325
399 325 399 325
400 325 400 325
402 325 402 325
404 325 404 325
405 325 405 325
407 325 407 325
408 325 408 325
410 325 410 325
413 325 413 325
415 325 415 325
417 325 417 325
418 325 418 325
420 325 420 325
422 325 422 325
423 325 423 325
428 325 428 325
430 325 430 325
432 325 431 325
433 325 433 325
374 327 374 327
375 327 375 327
379 327 379 327
380 327 380 327
382 327 382 327
384 327 384 326
385 327 385 326
387 327 387 327
389 327 389 326
390 327 390 326
392 327 392 327
394 327 394 327
395 327 396 327
397 327 397 327
399 327 399 327
400 327 400 327
402 327 402 327
404 327 404 327
405 327 405 327
407 327 407 327
408 327 408 327
410 327 410 327
413 327 414 326
415 327 415 326
417 327 417 326
418 327 418 327
420 327 420 327
422 327 422 327
423 327 423 327
427 327 427 327
428 327 428 327
430 327 430 327
432 327 432 327
433 327 433 327
435 327 435 327
372 328 373 328
374 328 374 328
375 328 376 328
377 328 377 328
379 328 379 328
382 328 382 328
384 328 384 328
385 328 385 328
387 328 387 328
389 328 389 328
390 328 390 328
392 328 392 328
394 328 394 328
395 328 395 328
397 328 397 328
399 328 398 328
400 328 400 328
402 328 402 328
404 328 404 328
405 328 405 328
407 328 407 328
408 328 408 328
410 328 410 328
412 328 412 328
413 328 413 328
415 328 415 328
417 328 417 328
418 328 418 328
420 328 420 328
422 328 422 328
423 328 423 328
425 328 425 328
427 328 427 329
428 328 428 328
430 328 430 328
432 328 432 329
433 328 433 329
435 328 435 329
372 330 373 330
374 330 374 330
375 330 375 330
377 330 377 330
379 330 379 330
382 330 382 330
384 330 384 330
385 330 385 330
389 330 389 330
390 330 390 330
392 330 392 330
394 330 394 330
395 330 395 330
397 330 397 330
399 330 399 330
400 330 400 330
402 330 402 330
404 330 403 330
405 330 405 330
407 330 407 330
408 330 409 330
410 330 410 330
412 330 412 330
413 330 413 330
415 330 415 330
417 330 417 330
418 330 418 330
420 330 420 330
422 330 422 330
423 330 423 330
425 330 425 330
427 330 427 330
428 330 428 330
430 330 430 330
432 330 432 330
433 330 433 330
435 330 435 330
375 332 375 332
377 332 377 331
380 332 380 332
382 332 382 331
384 332 384 332
385 332 385 332
389 332 389 332
390 332 390 332
392 332 392 332
394 332 394 332
395 332 395 331
397 332 397 332
399 332 399 331
400 332 400 331
402 332 402 332
404 332 404 332
405 332 405 332
407 332 407 332
408 332 408 331
410 332 410 332
412 332 412 331
413 332 414 331
415 332 415 332
417 332 417 331
418 332 418 332
420 332 420 331
422 332 422 332
423 332 423 332
425 332 425 331
427 332 427 331
428 332 428 332
430 332 430 332
432 332 432 332
433 332 433 331
435 332 435 332
374 333 374 333
375 333 375 333
379 333 379 333
380 333 380 333
382 333 382 333
384 333 384 333
385 333 385 333
387 333 387 333
389 333 389 333
390 333 390 333
394 333 393 333
395 333 395 333
397 333 397 333
399 333 399 333
400 333 400 333
402 333 402 333
404 333 403 333
405 333 405 333
407 333 407 333
408 333 409 333
410 333 410 333
412 333 412 333
413 333 414 333
415 333 415 333
417 333 417 333
418 333 418 333
420 333 420 333
422 333 422 333
423 333 423 333
425 333 425 333
427 333 427 333
428 333 428 333
430 333 430 333
432 333 432 333
379 335 379 335
384 335 383 335
385 335 385 335
387 335 387 335
389 335 389 335
390 335 390 335
394 335 393 335
395 335 395 335
397 335 397 335
399 335 399 335
400 335 400 335
402 335 402 335
404 335 403 335
405 335 405 335
407 335 407 335
408 335 408 335
410 335 410 335
412 335 412 335
413 335 413 335
415 335 415 335
417 335 417 335
418 335 418 335
420 335 420 335
422 335 422 335
423 335 423 335
425 335 425 335
427 335 427 335
428 335 428 335
430 335 430 335
377 336 377 337
380 336 380 336
382 336 382 337
384 336 383 337
385 336 385 337
387 336 387 337
389 336 388 337
392 336 392 336
395 336 395 336
397 336 397 336
399 336 399 336
400 336 400 336
402 336 402 336
404 336 403 336
405 336 405 337
407 336 407 336
408 336 409 336
410 336 410 336
412 336 412 337
413 336 413 336
415 336 415 336
417 336 417 336
418 336 418 336
420 336 420 336
422 336 422 336
423 336 423 337
425 336 425 337
427 336 427 337
428 336 428 337
430 336 430 337
380 338 380 338
382 338 382 338
384 338 384 338
385 338 385 338
387 338 387 338
394 338 394 338
399 338 399 338
400 338 400 338
402 338 402 338
404 338 403 338
405 338 405 338
407 338 407 338
408 338 408 338
410 338 410 338
412 338 412 338
413 338 413 338
415 338 415 338
417 338 417 338
418 338 418 338
420 338 420 338
422 338 422 338
423 338 423 338
425 338 425 338
427 338 427 338
428 338 428 338
430 338 430 338
382 340 382 340
384 340 384 340
385 340 385 340
387 340 387 340
390 340 390 340
392 340 392 340
394 340 394 340
395 340 395 339
397 340 397 339
399 340 398 340
400 340 400 340
402 340 402 340
404 340 404 340
405 340 405 340
407 340 407 340
408 340 408 340
410 340 410 340
412 340 412 340
413 340 413 340
415 340 415 340
417 340 417 340
418 340 418 340
420 340 420 340
422 340 422 340
423 340 423 340
425 340 425 340
427 340 427 340
384 341 384 341
385 341 385 341
387 341 387 341
389 341 389 341
392 341 392 341
394 341 394 341
395 341 395 341
397 341 397 341
399 341 399 341
400 341 400 341
402 341 402 341
404 341 403 341
405 341 405 341
407 341 407 342
408 341 408 342
410 341 410 342
412 341 412 342
413 341 413 342
415 341 415 341
417 341 417 341
418 341 418 341
420 341 420 341
422 341 422 341
423 341 423 341
385 343 385 343
387 343 387 343
389 343 389 343
390 343 390 343
392 343 392 343
394 343 394 343
395 343 395 343
397 343 397 343
399 343 399 343
400 343 400 343
402 343 402 343
404 343 404 343
405 343 405 343
407 343 407 343
408 343 408 343
410 343 410 343
412 343 412 343
413 343 413 343
415 343 415 343
417 343 417 343
418 343 418 343
420 343 420 343
422 343 422 343
387 345 387 345
389 345 389 345
390 345 390 345
392 345 392 345
395 345 395 344
397 345 397 345
399 345 399 345
400 345 400 345
402 345 402 345
404 345 404 345
405 345 405 345
407 345 407 345
408 345 408 345
410 345 410 345
412 345 412 345
413 345 413 345
415 345 415 345
417 345 417 345
418 345 418 345
420 345 420 345
389 346 389 346
390 346 390 346
392 346 392 346
394 346 394 346
399 346 399 346
400 346 400 346
402 346 402 346
404 346 403 346
405 346 405 346
407 346 407 346
408 346 408 346
410 346 410 346
412 346 412 346
413 346 414 346
415 346 415 346
417 346 417 346
418 346 419 346
392 348 392 348
397 348 397 348
399 348 399 348
400 348 400 348
402 348 402 348
404 348 404 348
405 348 405 348
407 348 407 348
408 348 408 348
410 348 410 348
412 348 412 348
413 348 414 348
415 348 416 348
395 350 395 350
397 350 397 350
399 350 399 350
400 350 400 350
402 350 402 350
404 350 403 350
405 350 405 350
407 350 407 350
408 350 409 350
410 350 410 350
412 350 412 350
395 351 395 351
397 351 397 351
399 351 399 351
400 351 400 351
404 351 404 351
405 351 405 351
407 351 407 351
408 351 408 351
410 351 410 351
