420 314 418 319
421 314 419 318
416 316 415 320
418 316 416 320
420 316 418 320
423 316 421 319
425 316 422 319
416 317 415 322
418 317 416 322
421 317 419 321
425 317 422 321
426 317 423 321
416 319 414 323
418 319 416 323
420 319 417 323
421 319 418 323
425 319 421 322
416 321 414 325
418 321 415 325
420 321 417 324
423 321 420 324
425 321 421 324
420 322 417 326
423 322 419 325
425 322 421 325
415 324 412 329
416 324 413 328
418 324 415 327
421 324 417 327
423 324 419 327
425 324 420 327
413 326 410 330
418 326 415 329
421 326 417 329
423 326 419 329
379 328 374 323
404 328 402 332
410 328 407 332
411 328 408 331
413 328 410 331
415 328 411 331
416 328 413 330
418 328 414 330
421 328 417 330
425 328 420 329
426 328 422 329
430 328 424 329
433 328 427 328
384 329 381 328
403 329 401 333
404 329 402 333
415 329 411 332
416 329 412 332
423 329 418 331
425 329 420 331
426 329 421 330
430 329 424 331
432 329 426 330
433 329 427 330
377 331 372 326
379 331 375 328
381 331 377 328
403 331 401 335
404 331 402 335
411 331 408 334
413 331 409 334
415 331 411 334
416 331 412 334
420 331 415 333
421 331 416 333
423 331 418 332
426 331 421 333
379 333 375 329
394 333 392 334
401 333 399 336
403 333 400 336
404 333 402 336
408 333 405 336
410 333 406 336
411 333 408 335
413 333 409 335
415 333 410 335
418 333 413 335
420 333 415 335
421 333 416 335
423 333 418 334
426 333 420 334
430 333 424 333
432 333 425 333
377 334 373 330
381 334 376 331
382 334 378 331
384 334 380 331
386 334 382 333
392 334 390 336
394 334 392 336
398 334 395 336
399 334 397 338
401 334 399 338
403 334 400 338
404 334 402 337
410 334 406 337
411 334 407 337
413 334 409 337
416 334 411 337
420 334 414 336
421 334 416 336
428 334 422 335
430 334 423 335
381 336 376 332
382 336 378 333
392 336 390 338
394 336 391 338
396 336 393 338
399 336 397 339
401 336 398 339
410 336 406 338
413 336 408 338
415 336 410 338
416 336 411 338
418 336 413 338
420 336 414 338
421 336 416 337
425 336 419 336
426 336 420 336
428 336 421 336
430 336 423 336
377 338 373 332
382 338 377 334
384 338 380 334
387 338 383 337
392 338 390 339
399 338 397 341
408 338 404 340
410 338 405 340
411 338 407 340
415 338 409 340
418 338 413 339
420 338 414 339
425 338 418 338
426 338 420 338
428 338 421 338
430 338 422 338
379 339 374 334
384 339 380 336
386 339 382 338
394 339 391 341
398 339 394 341
404 339 401 342
406 339 402 341
408 339 404 341
410 339 405 341
416 339 410 341
418 339 412 341
421 339 415 340
425 339 418 339
426 339 419 339
428 339 421 339
381 341 376 336
387 341 383 340
389 341 385 340
392 341 388 341
396 341 392 342
398 341 394 342
401 341 397 343
403 341 399 343
404 341 400 343
406 341 402 343
408 341 403 343
411 341 406 342
415 341 409 342
423 341 416 341
430 341 422 340
396 343 392 344
398 343 393 344
399 343 395 344
401 343 397 344
403 343 398 345
404 343 400 345
406 343 401 345
410 343 405 344
413 343 407 344
415 343 409 344
418 343 412 343
421 343 414 343
423 343 416 343
401 345 397 346
403 345 398 346
408 345 403 346
410 345 404 346
413 345 407 345
415 345 409 345
416 345 410 344
418 345 411 345
421 345 414 344
398 346 393 346
404 346 400 347
406 346 401 347
408 346 402 347
411 346 405 347
413 346 407 347
416 346 410 346
418 346 411 346
399 348 394 346
403 348 398 348
404 348 399 349
406 348 401 349
410 348 403 349
411 348 405 348
415 348 408 348
416 348 409 348
398 350 392 348
403 350 398 350
404 350 399 350
406 350 401 351
410 350 403 350
411 350 405 350
415 350 408 349
