410 312 410 314
411 312 411 314
413 312 413 314
415 312 414 314
416 312 417 313
418 312 419 313
420 312 420 313
421 312 422 313
423 312 423 313
425 312 425 313
426 312 426 313
430 312 429 313
432 312 431 313
410 314 410 316
411 314 411 316
413 314 413 316
415 314 415 316
418 314 418 316
420 314 420 315
421 314 421 315
423 314 423 315
425 314 425 315
426 314 426 315
428 314 427 315
410 316 410 318
411 316 411 318
413 316 413 317
416 316 416 317
418 316 418 317
420 316 420 317
421 316 421 317
423 316 423 317
425 316 425 317
426 316 426 317
428 316 427 317
432 316 431 317
410 317 409 319
411 317 411 319
415 317 415 319
418 317 418 319
420 317 419 319
421 317 421 318
423 317 423 318
425 317 424 318
426 317 426 318
428 317 427 319
408 319 408 321
410 319 409 321
411 319 411 321
413 319 413 320
415 319 415 320
418 319 418 320
420 319 419 320
421 319 421 320
423 319 422 320
425 319 424 320
426 319 426 320
428 319 427 320
432 319 431 320
406 321 406 322
408 321 408 323
410 321 409 323
411 321 411 323
415 321 415 322
416 321 416 322
420 321 419 322
421 321 421 322
423 321 422 322
425 321 424 322
426 321 426 322
428 321 427 322
382 322 383 325
386 322 386 324
387 322 388 325
389 322 390 325
391 322 391 325
392 322 392 324
394 322 394 325
396 322 396 325
406 322 406 324
413 322 413 324
415 322 415 324
420 322 419 323
421 322 421 323
423 322 422 323
425 322 424 323
426 322 425 323
430 322 429 323
432 322 430 323
433 322 431 323
387 324 388 326
389 324 389 326
391 324 391 326
392 324 393 326
394 324 394 326
410 324 409 325
411 324 411 325
413 324 413 326
418 324 417 325
420 324 419 325
421 324 420 325
423 324 422 325
425 324 424 325
428 324 427 325
430 324 428 325
432 324 430 325
433 324 431 325
435 324 432 323
386 326 385 327
387 326 388 327
389 326 389 327
391 326 391 327
392 326 393 327
394 326 394 327
398 326 398 328
404 326 405 327
406 326 406 327
408 326 408 327
410 326 409 327
411 326 411 327
413 326 413 327
415 326 414 328
416 326 416 326
418 326 417 327
420 326 419 327
421 326 420 327
423 326 422 327
425 326 425 326
428 326 427 326
430 326 428 326
432 326 430 326
433 326 431 326
386 328 385 329
387 328 387 329
389 328 389 329
391 328 391 329
392 328 393 329
394 328 394 329
396 328 396 329
398 328 398 329
399 328 400 329
401 328 401 329
403 328 403 329
406 328 406 329
408 328 408 329
410 328 409 329
411 328 411 328
413 328 412 329
415 328 414 329
418 328 417 328
420 328 419 328
421 328 420 328
423 328 422 328
425 328 424 328
426 328 425 328
428 328 427 327
430 328 428 328
432 328 430 328
433 328 431 328
438 328 435 326
384 329 383 329
387 329 387 330
389 329 389 331
391 329 391 331
392 329 393 330
396 329 396 330
398 329 398 331
399 329 399 331
401 329 401 330
403 329 403 331
404 329 405 330
406 329 406 330
408 329 408 330
410 329 409 330
411 329 411 330
413 329 412 330
415 329 414 330
416 329 415 330
418 329 417 329
420 329 419 330
421 329 420 330
423 329 422 329
425 329 424 329
426 329 425 329
428 329 427 329
430 329 428 329
432 329 430 329
433 329 431 329
438 329 436 328
440 329 437 328
382 331 382 330
384 331 383 330
389 331 389 332
391 331 391 332
392 331 393 332
394 331 394 332
396 331 396 332
398 331 398 332
399 331 399 332
401 331 401 332
403 331 403 332
404 331 404 332
406 331 406 332
408 331 408 332
410 331 409 332
411 331 411 332
413 331 412 332
415 331 414 332
416 331 416 331
418 331 417 331
420 331 419 331
421 331 420 331
423 331 422 331
425 331 423 331
426 331 425 331
428 331 426 331
430 331 428 331
432 331 429 331
433 331 431 331
384 333 383 332
386 333 385 332
387 333 387 332
391 333 391 334
392 333 393 334
394 333 394 334
398 333 398 334
399 333 399 334
401 333 401 334
404 333 404 334
406 333 406 334
408 333 408 334
410 333 409 334
411 333 410 333
413 333 412 333
415 333 414 333
416 333 415 333
418 333 417 333
420 333 419 333
421 333 420 333
423 333 422 333
425 333 423 333
426 333 425 333
428 333 426 333
430 333 428 333
432 333 429 332
433 333 431 333
382 334 382 334
384 334 383 333
386 334 385 333
387 334 386 333
391 334 392 335
392 334 393 335
394 334 394 335
396 334 396 335
398 334 398 335
403 334 402 335
404 334 404 335
406 334 406 335
408 334 407 335
415 334 414 335
418 334 417 334
420 334 418 334
421 334 420 334
423 334 421 334
425 334 423 334
426 334 425 334
428 334 426 334
430 334 428 334
432 334 429 334
433 334 431 334
384 336 383 335
386 336 385 335
387 336 386 335
391 336 391 336
392 336 393 337
394 336 394 337
396 336 396 337
398 336 397 337
399 336 399 337
403 336 402 337
404 336 404 337
408 336 407 337
410 336 408 337
411 336 410 337
413 336 412 337
420 336 418 336
421 336 420 336
423 336 421 336
425 336 423 336
426 336 425 336
428 336 426 336
430 336 428 336
432 336 429 336
433 336 431 336
435 336 432 336
442 336 438 335
382 338 381 336
384 338 383 337
386 338 385 337
387 338 386 337
389 338 388 337
391 338 390 337
392 338 392 338
399 338 399 339
401 338 401 338
403 338 402 339
404 338 404 338
406 338 405 339
408 338 407 339
410 338 408 339
411 338 410 339
413 338 411 339
415 338 413 339
416 338 414 337
423 338 421 338
425 338 423 338
426 338 424 337
428 338 426 338
430 338 428 338
432 338 429 337
433 338 431 337
435 338 432 337
442 338 438 337
382 339 381 337
384 339 383 338
386 339 385 338
387 339 386 338
389 339 388 338
391 339 390 338
392 339 391 339
394 339 393 339
396 339 395 340
398 339 397 340
399 339 399 340
401 339 400 340
403 339 402 340
406 339 405 340
408 339 407 340
410 339 408 340
411 339 410 340
413 339 411 340
415 339 413 340
416 339 414 340
420 339 418 339
421 339 420 339
425 339 423 339
426 339 424 339
428 339 426 339
430 339 428 339
432 339 429 339
433 339 431 339
442 339 438 338
382 341 381 338
387 341 386 340
389 341 388 340
391 341 390 340
392 341 391 340
396 341 395 341
401 341 401 341
403 341 402 342
404 341 404 342
406 341 405 342
408 341 407 342
410 341 408 341
411 341 410 341
413 341 412 341
415 341 413 341
416 341 414 342
420 341 418 341
421 341 419 341
426 341 424 341
430 341 428 340
432 341 429 340
433 341 430 340
435 341 432 340
440 341 436 340
382 343 382 340
387 343 386 342
389 343 388 342
391 343 389 342
392 343 391 342
394 343 393 343
396 343 395 343
398 343 397 343
399 343 399 343
401 343 400 343
404 343 403 343
406 343 405 343
408 343 407 343
410 343 408 343
411 343 410 343
413 343 411 343
415 343 413 343
416 343 414 343
418 343 416 343
420 343 418 343
421 343 419 343
423 343 421 343
426 343 425 342
428 343 426 342
430 343 428 342
432 343 429 342
433 343 430 342
437 343 433 342
440 343 436 341
389 344 388 343
391 344 389 343
394 344 393 344
396 344 395 344
398 344 397 344
399 344 398 344
403 344 402 345
404 344 403 345
406 344 405 345
408 344 407 345
410 344 408 345
411 344 409 345
413 344 411 345
415 344 413 345
416 344 414 345
418 344 416 345
420 344 418 344
421 344 419 345
423 344 420 344
425 344 423 344
426 344 425 343
428 344 426 343
430 344 428 343
432 344 429 343
435 344 431 343
437 344 433 343
440 344 434 343
387 346 387 345
391 346 389 345
394 346 393 346
396 346 395 346
398 346 397 346
399 346 398 346
401 346 400 346
404 346 403 346
406 346 405 346
408 346 406 346
410 346 408 346
411 346 409 346
413 346 411 346
415 346 412 346
416 346 414 346
418 346 416 346
420 346 418 346
421 346 419 346
423 346 420 346
432 346 428 345
433 346 429 345
435 346 431 345
438 346 431 346
392 348 391 347
394 348 393 347
396 348 394 348
398 348 397 348
399 348 398 349
401 348 400 349
403 348 402 348
404 348 403 348
406 348 405 348
408 348 406 348
410 348 408 348
411 348 409 348
413 348 411 348
415 348 412 348
416 348 414 348
418 348 416 348
420 348 417 347
421 348 419 347
423 348 420 347
425 348 422 347
428 348 427 346
432 348 428 347
394 350 392 349
396 350 394 349
398 350 396 349
399 350 397 349
401 350 400 351
403 350 401 350
404 350 403 350
406 350 405 349
408 350 406 350
410 350 408 350
411 350 409 350
413 350 411 350
415 350 412 349
416 350 414 349
418 350 416 349
396 351 394 351
398 351 396 351
399 351 398 351
404 351 403 351
406 351 404 351
408 351 406 351
410 351 408 351
411 351 409 351
413 351 411 351
415 351 413 350
418 351 417 349
420 351 419 349
425 351 422 349
399 353 397 352
401 353 399 353
404 353 403 353
406 353 404 353
408 353 406 353
410 353 408 352
411 353 409 352
413 353 411 352
416 353 416 351
418 353 417 351
420 353 419 351
423 353 425 347
425 353 427 347
426 353 428 348
404 355 403 354
406 355 404 354
408 355 406 354
411 355 408 354
415 355 414 352
416 355 416 352
418 355 417 352
420 355 419 352
425 355 427 349
408 356 406 355
410 356 408 355
415 356 415 353
416 356 416 353
