1 0 0 -0.2246657013893127 
0 1 0 -0.1996245533227921 
0 0 1 -0.9186304211616516 
0 0 0 1 

0.9982101321220398 -0.05607253685593605 -0.02079563587903976 -0.1972111165523529 
0.05386374518275261 0.9940399527549744 -0.09478025138378143 -0.1193515509366989 
0.02598624862730503 0.09349048137664795 0.9952809810638428 -0.9242821335792542 
0 0 0 1 

0.993779182434082 -0.09545713663101196 -0.05736637488007545 -0.1552425026893616 
0.08291850984096527 0.9780682325363159 -0.1910682618618011 -0.0354032926261425 
0.07434706389904022 0.1851229071617126 0.979898989200592 -0.9271535277366638 
0 0 0 1 

