1 0 0 -0.2246657013893127 
0 1 0 -0.1996245533227921 
0 0 1 -0.9186304211616516 
0 0 0 1 

0.9985874891281128 -0.05156948044896126 -0.01279385574162006 -0.205394834280014 
0.05011714622378349 0.9941642284393311 -0.09552914649248123 -0.1178300529718399 
0.01764556020498276 0.09475301951169968 0.9953444600105286 -0.9227486848831177 
0 0 0 1 

0.9954108595848083 -0.08679970353841782 -0.04029738530516624 -0.1724406331777573 
0.07790372520685196 0.9795399308204651 -0.1855605393648148 -0.03936398774385452 
0.05557960271835327 0.1815695762634277 0.9818063974380493 -0.9240633845329285 
0 0 0 1 

