416 311 416 311
418 311 418 311
419 311 419 311
420 311 420 311
422 311 422 311
423 311 423 311
424 311 424 311
426 311 425 311
427 311 427 311
433 311 433 311
411 313 411 312
412 313 412 312
415 313 415 313
416 313 416 313
418 313 418 313
419 313 419 313
420 313 420 313
422 313 422 313
423 313 423 313
426 313 426 313
427 313 427 313
432 313 432 313
409 314 409 313
410 314 410 313
411 314 411 314
412 314 412 314
414 314 414 314
415 314 415 314
416 314 416 314
418 314 418 314
419 314 419 314
420 314 420 314
422 314 422 314
423 314 423 314
426 314 426 314
428 314 428 314
409 315 408 314
410 315 410 315
411 315 411 315
412 315 412 315
414 315 414 316
415 315 415 315
418 315 418 315
424 315 424 315
427 315 427 315
428 315 428 315
409 317 408 316
410 317 409 316
411 317 411 317
416 317 416 317
419 317 419 317
420 317 420 317
422 317 422 317
423 317 423 317
427 317 427 316
428 317 428 316
433 317 433 317
407 318 407 317
409 318 408 318
410 318 410 318
411 318 411 318
412 318 413 318
414 318 414 318
418 318 418 318
422 318 422 318
423 318 423 318
424 318 424 318
407 319 407 319
409 319 409 319
410 319 410 319
411 319 411 319
412 319 413 319
414 319 414 319
415 319 415 319
416 319 416 319
418 319 418 319
419 319 419 319
420 319 420 319
422 319 422 319
423 319 423 319
424 319 424 319
429 319 430 319
407 321 407 320
409 321 409 321
410 321 410 320
411 321 411 320
412 321 413 320
414 321 414 320
416 321 416 320
419 321 419 320
420 321 420 321
422 321 422 320
423 321 423 320
424 321 424 320
427 321 427 320
432 321 432 320
407 322 407 322
409 322 408 322
410 322 410 322
411 322 411 322
412 322 413 321
414 322 414 322
415 322 415 322
418 322 418 322
419 322 419 322
420 322 420 322
422 322 422 322
423 322 423 322
426 322 426 322
432 322 432 322
433 322 433 322
406 323 406 323
407 323 407 323
409 323 408 323
410 323 410 323
411 323 411 323
412 323 413 323
414 323 414 323
415 323 415 323
416 323 416 323
418 323 418 323
419 323 419 323
420 323 420 323
422 323 422 323
423 323 423 323
429 323 429 323
431 323 430 323
432 323 432 323
406 324 406 324
407 324 407 324
409 324 409 324
410 324 410 324
411 324 411 324
412 324 413 324
414 324 414 324
415 324 415 324
416 324 416 324
418 324 418 324
419 324 419 324
420 324 420 324
422 324 422 324
423 324 423 324
424 324 424 324
426 324 425 324
427 324 427 324
431 324 430 324
432 324 432 325
405 326 405 326
406 326 406 326
407 326 407 326
409 326 409 326
411 326 411 326
412 326 413 326
414 326 414 326
415 326 415 326
416 326 416 326
418 326 418 326
419 326 419 326
420 326 420 326
422 326 422 326
423 326 423 326
424 326 424 326
431 326 430 326
432 326 432 326
406 327 406 327
407 327 407 327
409 327 409 327
410 327 410 327
411 327 411 327
412 327 413 327
415 327 415 327
416 327 416 327
418 327 418 327
419 327 419 327
420 327 420 327
422 327 422 327
423 327 423 327
424 327 424 327
431 327 431 327
432 327 432 327
405 328 405 328
406 328 406 328
407 328 407 328
409 328 409 328
410 328 410 328
411 328 411 328
412 328 413 328
414 328 414 328
415 328 415 328
416 328 416 328
418 328 418 328
419 328 419 328
420 328 420 328
422 328 422 328
423 328 423 328
424 328 424 328
426 328 425 328
427 328 427 328
429 328 430 328
431 328 431 328
432 328 433 328
433 328 434 328
403 330 403 329
405 330 405 329
406 330 406 330
407 330 407 330
409 330 409 330
410 330 410 330
411 330 411 329
412 330 413 329
414 330 414 330
415 330 415 330
416 330 416 330
418 330 418 330
419 330 419 330
420 330 420 330
422 330 422 330
423 330 423 330
424 330 424 330
426 330 425 330
427 330 427 329
429 330 430 329
431 330 431 330
432 330 432 330
390 331 390 329
392 331 392 329
393 331 393 329
396 331 396 329
398 331 399 329
402 331 402 331
403 331 403 331
405 331 405 331
406 331 406 331
407 331 407 331
409 331 409 331
410 331 410 331
411 331 411 331
412 331 413 331
414 331 414 331
415 331 415 331
416 331 416 331
418 331 418 331
419 331 419 331
420 331 420 331
422 331 422 331
423 331 423 331
424 331 424 331
426 331 425 331
429 331 430 331
431 331 431 331
433 331 433 331
390 332 390 331
392 332 392 331
393 332 393 331
394 332 394 331
396 332 396 331
397 332 397 332
398 332 398 332
400 332 400 332
402 332 402 332
403 332 403 332
406 332 406 332
407 332 407 332
409 332 409 332
410 332 410 332
411 332 411 332
412 332 412 332
415 332 415 332
416 332 416 332
418 332 418 332
419 332 419 332
420 332 420 332
422 332 422 332
423 332 423 332
424 332 424 332
426 332 426 332
428 332 428 332
429 332 429 332
431 332 431 332
432 332 432 332
392 334 392 332
393 334 393 332
394 334 394 333
396 334 396 333
400 334 400 333
402 334 402 334
403 334 403 334
405 334 405 334
406 334 406 334
407 334 407 334
409 334 409 334
410 334 410 334
411 334 411 333
412 334 412 333
414 334 414 334
415 334 415 334
416 334 416 334
418 334 418 334
419 334 419 334
420 334 420 333
422 334 422 333
423 334 423 334
424 334 424 334
426 334 426 333
429 334 430 334
431 334 431 334
432 334 432 334
390 335 390 334
393 335 393 334
394 335 394 335
396 335 396 335
397 335 397 335
400 335 400 335
402 335 402 335
403 335 403 335
405 335 405 335
406 335 406 335
407 335 407 335
409 335 409 335
410 335 410 335
411 335 411 335
412 335 412 335
414 335 414 335
415 335 415 335
416 335 416 335
418 335 418 335
419 335 419 335
420 335 420 335
422 335 422 335
423 335 423 335
424 335 424 335
426 335 426 335
429 335 429 335
392 336 392 335
394 336 394 336
396 336 396 336
397 336 397 336
398 336 398 336
401 336 401 336
402 336 402 336
403 336 403 336
405 336 405 336
406 336 406 336
407 336 407 336
409 336 409 336
410 336 410 336
411 336 411 336
412 336 412 336
414 336 414 336
415 336 415 336
416 336 416 336
418 336 418 336
419 336 419 336
420 336 420 336
422 336 422 336
423 336 423 336
424 336 424 336
426 336 426 336
429 336 429 336
432 336 432 336
390 337 390 337
392 337 392 337
393 337 393 337
394 337 394 337
396 337 396 338
397 337 397 338
400 337 399 338
401 337 401 337
402 337 402 337
403 337 403 337
405 337 405 337
406 337 406 337
407 337 407 337
409 337 409 337
410 337 410 337
411 337 411 337
412 337 413 337
414 337 414 337
415 337 415 337
416 337 416 337
418 337 418 337
419 337 419 337
420 337 420 337
422 337 422 337
423 337 423 337
424 337 424 337
426 337 426 337
429 337 429 337
392 339 392 339
393 339 393 339
397 339 397 339
400 339 399 339
401 339 401 339
402 339 402 339
403 339 403 339
405 339 405 339
406 339 406 339
407 339 407 339
409 339 409 339
410 339 410 339
411 339 411 339
412 339 413 339
414 339 414 339
415 339 415 339
416 339 416 339
418 339 418 339
419 339 419 339
420 339 420 339
422 339 422 339
423 339 423 339
424 339 424 339
427 339 427 339
390 340 390 340
392 340 392 340
393 340 393 340
394 340 394 339
396 340 396 340
397 340 397 340
401 340 401 340
403 340 403 340
405 340 405 340
406 340 406 340
407 340 407 340
409 340 409 340
412 340 412 340
414 340 414 340
415 340 415 340
416 340 416 340
418 340 418 340
419 340 419 340
423 340 423 340
424 340 424 340
426 340 426 340
427 340 427 340
390 341 390 341
392 341 392 341
394 341 394 341
396 341 396 341
397 341 397 341
398 341 398 341
401 341 401 341
403 341 403 341
406 341 406 341
407 341 407 341
409 341 409 341
410 341 410 341
411 341 411 341
415 341 415 341
416 341 416 341
418 341 418 341
420 341 420 341
422 341 422 341
426 341 425 341
390 343 390 343
392 343 392 343
393 343 393 343
394 343 394 343
397 343 397 343
401 343 401 343
402 343 402 343
403 343 403 343
405 343 405 343
406 343 406 343
407 343 407 343
410 343 410 342
411 343 411 342
412 343 413 342
414 343 414 342
416 343 416 343
418 343 418 343
422 343 422 343
390 344 391 344
392 344 392 344
393 344 393 344
396 344 396 344
397 344 397 344
405 344 405 344
406 344 406 344
407 344 407 344
409 344 409 344
410 344 410 344
411 344 411 343
412 344 413 344
414 344 414 344
415 344 415 344
416 344 416 344
418 344 418 344
419 344 419 344
420 344 420 344
390 345 391 345
392 345 392 345
393 345 393 345
394 345 394 345
396 345 396 345
400 345 400 345
402 345 402 345
403 345 403 345
409 345 409 345
410 345 410 345
412 345 413 345
414 345 414 345
415 345 415 345
393 347 393 347
394 347 394 347
396 347 396 346
397 347 397 346
398 347 398 346
400 347 400 346
405 347 405 346
406 347 406 346
407 347 407 347
409 347 409 346
410 347 410 346
411 347 411 346
412 347 412 346
414 347 414 347
415 347 415 347
416 347 416 346
418 347 416 347
392 348 392 348
393 348 393 348
396 348 396 347
397 348 397 349
398 348 398 348
400 348 400 348
401 348 401 348
403 348 403 348
405 348 405 348
406 348 406 348
407 348 407 348
409 348 409 348
410 348 410 348
411 348 411 348
412 348 412 348
414 348 414 348
415 348 415 348
393 349 393 350
397 349 397 350
398 349 398 349
400 349 400 349
402 349 402 349
403 349 403 349
405 349 405 349
406 349 406 349
407 349 407 349
409 349 409 349
410 349 410 349
411 349 411 349
412 349 412 349
414 349 414 349
398 350 398 350
400 350 400 350
402 350 402 350
403 350 403 350
405 350 405 350
406 350 406 350
407 350 407 350
409 350 409 350
410 350 410 350
411 350 411 350
412 350 412 350
