418 311 417 311
419 311 419 312
420 311 420 312
426 311 428 305
415 313 415 313
416 313 416 313
419 313 419 313
420 313 420 313
422 313 422 313
427 313 427 313
416 314 417 314
419 314 419 314
410 315 410 315
411 315 411 315
414 315 414 315
415 315 415 315
422 315 421 315
423 315 423 315
426 315 425 315
427 315 427 315
428 315 428 315
410 317 410 317
411 317 412 317
414 317 414 317
415 317 415 317
416 317 416 317
419 317 419 317
420 317 420 317
422 317 422 317
423 317 423 317
427 317 427 316
428 317 428 316
410 318 410 318
411 318 411 318
414 318 414 318
415 318 415 318
416 318 416 318
418 318 418 318
420 318 420 318
422 318 422 318
423 318 423 318
426 318 425 318
410 319 410 319
411 319 411 319
415 319 415 319
416 319 416 319
418 319 418 319
420 319 420 319
422 319 422 319
409 320 408 320
414 320 414 320
427 320 427 320
428 320 428 320
432 320 432 320
433 320 433 320
409 322 408 322
410 322 410 322
412 322 412 322
414 322 414 322
415 322 415 322
416 322 416 322
419 322 419 322
420 322 420 322
422 322 422 322
423 322 423 322
426 322 425 322
427 322 427 322
432 322 432 322
433 322 433 322
405 323 400 326
406 323 401 326
407 323 407 323
409 323 408 323
410 323 410 323
411 323 411 323
414 323 414 323
415 323 415 323
416 323 416 323
419 323 419 323
420 323 420 323
422 323 422 323
423 323 423 323
426 323 425 323
428 323 428 323
431 323 431 323
432 323 432 323
433 323 433 323
407 324 407 324
409 324 409 324
410 324 410 325
414 324 414 325
415 324 415 324
416 324 416 324
419 324 419 324
420 324 420 324
422 324 422 324
423 324 423 324
426 324 425 325
427 324 427 324
428 324 428 325
431 324 430 325
432 324 432 325
433 324 433 325
410 326 410 326
420 326 420 326
422 326 422 326
423 326 423 326
428 326 428 326
431 326 430 326
432 326 432 326
433 326 433 326
407 327 407 327
409 327 409 327
414 327 414 327
416 327 416 327
419 327 419 327
429 327 430 328
433 327 433 328
435 327 435 328
405 328 405 328
407 328 407 328
409 328 409 328
410 328 410 328
411 328 411 328
414 328 414 328
415 328 415 328
416 328 416 328
419 328 419 328
420 328 420 328
422 328 422 328
423 328 423 328
426 328 425 328
427 328 427 328
428 328 428 328
432 328 432 328
402 330 402 329
403 330 403 329
405 330 405 330
407 330 407 330
409 330 409 330
410 330 410 330
411 330 411 330
414 330 414 330
415 330 415 330
416 330 416 330
418 330 418 330
420 330 420 330
422 330 422 330
423 330 423 330
426 330 425 330
427 330 427 330
428 330 428 330
431 330 430 330
432 330 432 329
433 330 433 330
396 331 396 330
397 331 397 330
398 331 398 330
400 331 400 330
403 331 403 331
405 331 405 331
406 331 406 331
409 331 409 331
410 331 410 331
411 331 411 331
414 331 414 331
415 331 415 331
416 331 416 331
420 331 420 331
422 331 422 331
423 331 423 331
426 331 425 331
428 331 428 331
429 331 430 331
432 331 432 331
433 331 433 331
435 331 434 332
392 332 392 331
393 332 393 331
396 332 396 332
397 332 397 332
398 332 398 332
400 332 400 332
402 332 402 332
414 332 414 332
427 332 427 332
428 332 428 332
392 334 392 333
396 334 396 333
397 334 397 333
398 334 398 333
400 334 400 333
402 334 402 334
403 334 403 334
405 334 405 334
407 334 407 334
409 334 409 334
410 334 410 334
415 334 415 334
416 334 416 334
418 334 418 333
420 334 420 333
422 334 422 333
423 334 423 333
426 334 426 333
429 334 430 333
431 334 431 333
390 335 390 335
396 335 396 335
397 335 397 335
398 335 398 335
400 335 400 335
402 335 402 335
403 335 403 335
405 335 405 335
407 335 407 335
409 335 409 335
410 335 410 335
414 335 414 335
415 335 415 335
416 335 416 335
419 335 419 335
420 335 420 335
422 335 422 335
423 335 423 335
426 335 425 335
427 335 427 335
428 335 428 335
429 335 430 334
431 335 431 334
392 336 392 335
393 336 393 335
396 336 395 336
397 336 397 336
398 336 398 336
400 336 399 336
402 336 402 336
403 336 403 336
405 336 405 336
407 336 407 336
409 336 409 336
410 336 410 336
412 336 412 336
414 336 414 336
415 336 415 336
416 336 416 336
419 336 419 336
420 336 420 336
422 336 422 336
423 336 423 336
426 336 425 336
427 336 427 336
428 336 428 336
429 336 429 336
431 336 431 336
392 337 392 337
397 337 397 338
403 337 403 337
405 337 405 337
407 337 407 337
409 337 409 337
412 337 412 338
414 337 414 337
415 337 415 337
416 337 416 337
419 337 419 337
420 337 420 337
422 337 422 337
423 337 423 337
427 337 427 337
429 337 430 338
431 337 431 338
392 339 392 339
393 339 393 338
396 339 395 338
398 339 398 338
401 339 401 339
402 339 402 339
428 339 428 339
390 340 390 340
392 340 392 340
393 340 393 340
396 340 395 340
397 340 397 340
398 340 398 340
401 340 401 340
402 340 402 340
403 340 403 340
405 340 405 340
407 340 407 340
409 340 409 340
410 340 410 340
411 340 411 340
414 340 414 340
415 340 415 340
416 340 416 340
418 340 418 340
420 340 420 340
422 340 422 340
423 340 423 340
426 340 426 340
427 340 427 340
428 340 428 340
390 341 390 341
392 341 392 341
393 341 393 341
396 341 396 342
397 341 397 341
398 341 398 341
401 341 401 341
402 341 402 341
403 341 403 341
405 341 405 341
407 341 407 341
409 341 409 341
410 341 410 341
411 341 411 341
414 341 414 341
415 341 415 341
416 341 416 341
419 341 419 341
420 341 420 341
422 341 422 341
423 341 423 341
426 341 426 341
390 343 391 343
392 343 392 343
393 343 393 343
397 343 397 343
398 343 398 343
400 343 400 343
402 343 402 343
403 343 403 343
405 343 405 343
407 343 407 343
409 343 409 343
410 343 410 343
411 343 411 343
414 343 414 343
415 343 415 343
416 343 416 343
418 343 418 343
420 343 420 343
422 343 422 343
423 343 423 343
390 345 391 345
392 345 392 345
396 345 396 345
397 345 397 345
398 345 398 345
400 345 400 345
402 345 402 345
403 345 403 345
405 345 405 345
407 345 407 345
409 345 409 345
410 345 410 345
411 345 411 345
414 345 414 345
415 345 415 345
418 345 418 345
419 345 420 345
390 346 391 347
392 346 392 346
393 346 393 347
397 346 397 347
398 346 398 347
400 346 400 347
402 346 402 347
403 346 403 347
405 346 405 347
407 346 407 347
409 346 409 346
410 346 410 347
414 346 414 347
415 346 415 347
416 346 416 347
418 346 418 346
392 348 392 348
396 348 396 348
397 348 397 348
398 348 398 348
401 348 401 348
402 348 402 348
403 348 404 348
405 348 405 348
407 348 407 348
409 348 409 348
410 348 410 348
414 348 414 348
415 348 415 348
416 348 416 348
393 349 393 350
397 349 397 349
398 349 398 349
402 349 402 349
403 349 403 349
407 349 407 349
409 349 408 349
414 349 414 349
410 350 410 350
