468 234 428 309
469 234 430 309
465 239 411 308
465 241 411 311
471 241 432 320
464 243 407 312
465 243 409 313
462 246 402 313
465 246 406 316
461 250 398 316
462 250 400 316
464 250 403 316
472 250 435 332
461 251 395 317
462 251 400 318
459 253 392 317
461 253 394 318
462 253 395 319
464 253 397 320
459 254 391 319
461 254 393 320
462 254 395 321
464 254 397 322
456 256 388 319
461 256 392 321
462 256 394 322
456 257 389 322
458 257 391 322
458 258 390 324
459 258 392 325
461 258 393 326
459 260 391 327
456 261 384 324
458 261 388 328
459 261 390 329
456 263 384 326
458 264 385 328
458 267 385 332
459 267 387 333
459 268 386 335
472 270 396 341
473 270 398 343
