472 233 458 255
471 234 458 257
469 236 452 258
471 236 454 258
469 237 452 259
471 237 454 260
468 246 450 267
472 249 458 270
472 250 458 273
472 251 458 274
465 253 449 276
469 254 456 274
469 256 456 275
469 257 456 277
458 260 460 295
468 260 455 279
468 261 455 280
469 261 456 280
468 263 455 281
456 264 450 286
472 264 459 282
458 266 452 288
462 266 454 286
465 266 457 285
466 266 459 286
468 266 460 286
469 266 462 286
471 266 458 284
472 266 459 284
478 266 472 286
458 267 452 289
459 267 454 289
465 267 457 287
466 267 459 287
471 267 465 288
476 267 472 287
478 267 477 289
459 268 454 291
461 268 455 291
466 268 460 290
468 268 462 290
469 268 464 290
472 268 467 289
473 268 469 291
466 270 460 292
468 270 462 292
471 270 465 291
472 270 466 291
475 270 471 292
478 270 480 288
479 270 479 294
469 271 465 294
471 271 466 294
473 271 469 293
475 271 471 293
479 271 479 296
