469 233 465 247
472 233 466 247
465 247 457 260
466 247 458 260
472 247 466 259
465 249 457 262
472 249 466 260
471 250 464 262
472 250 466 262
466 251 459 264
471 251 464 263
472 251 466 263
458 253 454 266
464 253 456 266
465 253 457 266
466 253 459 266
469 253 463 265
471 253 465 265
464 254 456 267
469 254 463 266
471 254 465 266
462 256 454 269
469 256 463 268
461 257 453 270
462 257 454 270
464 257 455 270
469 257 463 269
462 258 454 271
465 258 457 272
469 258 463 271
464 260 456 272
469 260 463 272
466 261 460 274
469 261 463 273
462 263 455 275
468 263 462 275
471 263 465 275
456 264 453 278
469 264 464 277
472 264 466 276
458 266 455 280
462 266 458 279
465 266 461 278
466 266 462 279
468 266 464 279
458 267 455 281
459 267 456 281
464 267 459 280
465 267 461 280
466 267 462 280
459 268 457 282
461 268 458 282
462 268 460 282
465 268 461 282
466 268 463 282
472 268 470 281
473 268 472 283
464 270 461 284
465 270 463 284
466 270 464 284
468 270 465 284
469 270 467 284
471 270 469 284
472 270 470 284
473 270 472 284
475 270 473 284
476 270 476 285
469 271 467 285
471 271 468 285
472 271 470 285
473 271 471 285
476 271 476 286
