468 233 466 238
468 234 467 239
465 236 465 241
468 236 467 241
471 236 469 241
465 237 465 242
468 237 467 242
465 239 465 244
468 239 466 244
472 239 471 243
465 240 464 245
466 243 465 248
471 243 468 247
472 243 471 247
463 244 462 249
465 244 464 249
466 244 465 249
471 244 468 248
472 244 471 249
463 246 462 251
465 246 464 251
466 246 465 251
468 246 467 250
471 246 468 250
472 246 471 250
462 247 461 252
463 247 462 252
466 247 465 252
471 247 469 251
472 247 471 251
463 249 462 254
471 249 469 253
472 249 471 253
461 250 460 255
462 250 461 255
471 250 469 255
472 250 471 255
459 251 458 257
461 251 460 256
465 251 463 257
468 251 465 255
471 251 470 257
472 251 471 256
458 253 457 258
459 253 458 258
461 253 460 258
465 253 463 258
466 253 465 258
468 253 465 257
471 253 470 258
458 254 456 259
459 254 458 259
461 254 459 259
469 254 468 260
471 254 470 260
456 256 455 261
458 256 456 261
461 256 458 261
462 256 459 261
463 256 461 261
465 256 462 261
466 256 463 260
468 256 467 261
469 256 468 261
456 257 455 262
458 257 456 262
461 257 458 262
462 257 459 262
465 257 462 262
466 257 464 263
468 257 466 263
469 257 468 263
456 258 455 264
458 258 456 264
461 258 458 264
462 258 459 264
463 258 461 264
465 258 462 264
466 258 464 265
468 258 467 264
469 258 468 264
456 260 455 265
458 260 456 265
461 260 458 265
462 260 459 265
463 260 461 266
465 260 462 265
466 260 463 266
468 260 466 265
469 260 468 266
456 261 455 267
458 261 457 267
459 261 458 267
465 261 462 267
466 261 465 267
468 261 467 267
456 263 455 268
458 263 457 269
459 263 458 269
461 263 459 269
466 263 465 268
471 263 470 269
456 264 455 270
458 264 457 270
459 264 458 270
461 264 459 270
462 264 461 269
463 264 462 269
465 264 464 270
466 264 465 269
469 264 468 270
471 264 469 270
472 264 470 269
473 264 473 270
458 266 457 272
459 266 458 272
461 266 460 271
465 266 464 271
472 266 470 271
478 266 478 273
459 267 459 273
461 267 460 273
463 267 462 272
473 267 472 272
478 267 479 272
459 268 459 274
461 268 461 274
463 268 462 274
465 268 464 274
466 268 465 274
468 268 467 274
469 268 469 274
472 268 471 274
475 268 475 274
478 268 479 274
463 270 463 276
466 270 466 276
468 270 467 276
469 270 469 276
471 270 470 275
472 270 472 276
473 270 473 276
469 271 469 277
471 271 471 277
472 271 472 277
473 271 474 277
