465 236 465 241
468 236 467 241
465 237 465 242
468 237 467 242
465 239 465 244
468 239 466 244
472 239 471 243
465 240 464 245
466 243 465 248
471 243 468 247
472 243 471 247
463 244 462 249
465 244 464 249
466 244 465 249
471 244 468 248
472 244 471 249
465 246 464 251
466 246 465 251
468 246 467 250
471 246 468 250
472 246 471 250
466 247 465 252
471 247 469 251
472 247 471 251
463 249 462 254
471 249 469 253
472 249 471 253
471 250 469 255
472 250 471 255
465 251 463 257
468 251 465 255
471 251 470 257
472 251 471 256
466 253 465 258
468 253 465 257
471 253 470 258
469 254 468 260
471 254 470 260
462 256 459 261
463 256 461 261
465 256 462 261
466 256 463 260
468 256 467 261
469 256 468 261
462 257 459 262
465 257 462 262
466 257 464 263
468 257 466 263
469 257 468 263
461 258 458 264
462 258 459 264
463 258 461 264
466 258 464 265
468 258 467 264
469 258 468 264
461 260 458 265
463 260 461 266
468 260 466 265
469 260 468 266
458 261 457 267
466 261 465 267
468 261 467 267
466 263 465 268
471 263 470 269
463 264 462 269
471 264 469 270
472 264 470 269
473 264 473 270
