471 233 482 282
471 234 482 284
469 237 467 287
471 237 469 287
469 239 467 289
471 239 469 289
468 243 461 293
471 246 482 297
462 251 462 295
464 251 465 293
465 251 467 292
458 254 449 302
468 254 476 309
456 256 447 304
458 256 449 304
459 256 452 304
466 256 465 301
465 257 475 308
465 258 475 311
456 260 449 308
458 260 452 308
459 260 453 308
456 261 450 310
458 261 451 311
459 261 453 310
456 263 450 312
473 264 480 308
466 267 465 318
469 270 455 305
471 270 457 305
472 270 459 305
473 270 461 305
475 270 463 305
471 271 457 307
472 271 459 307
473 271 461 307
