427 312 427 312
419 314 419 314
420 314 420 314
426 314 425 314
427 314 427 313
414 315 414 315
415 315 415 315
419 315 419 315
420 315 420 315
422 315 422 315
423 315 423 315
426 315 425 315
427 315 427 315
410 316 410 317
414 316 414 317
415 316 415 317
416 316 417 316
419 316 419 316
420 316 420 316
422 316 422 316
423 316 423 316
427 316 427 316
414 318 414 318
415 318 415 318
416 318 417 318
418 318 418 318
420 318 420 318
422 318 422 318
423 318 423 318
426 318 425 318
409 320 409 320
410 320 410 320
411 320 411 320
414 320 414 320
415 320 415 320
416 320 416 320
418 320 418 320
420 320 420 320
422 320 422 320
423 320 423 320
432 320 432 320
433 320 433 320
409 322 409 322
410 322 410 322
411 322 411 322
414 322 414 322
415 322 415 322
416 322 416 322
419 322 419 322
420 322 420 322
422 322 422 322
423 322 423 322
431 322 431 321
432 322 432 321
433 322 433 321
407 323 407 323
409 323 408 323
410 323 410 323
411 323 411 323
414 323 414 323
415 323 415 323
416 323 416 323
419 323 419 323
420 323 420 323
422 323 422 323
423 323 423 323
427 323 427 323
428 323 428 323
431 323 430 323
432 323 432 323
433 323 433 323
405 324 372 316
409 324 409 324
410 324 410 324
411 324 411 324
414 324 414 324
415 324 415 324
416 324 416 324
419 324 419 324
420 324 420 324
422 324 422 324
426 324 425 325
427 324 427 325
428 324 428 325
423 325 423 325
426 325 425 326
428 325 428 326
433 325 433 325
407 327 407 327
409 327 409 327
410 327 410 327
411 327 411 327
414 327 414 327
415 327 415 327
416 327 416 327
418 327 418 327
420 327 420 327
422 327 422 327
423 327 423 327
431 327 430 327
432 327 432 327
433 327 434 327
405 328 405 328
407 328 407 328
409 328 409 328
410 328 410 328
411 328 411 328
414 328 414 328
415 328 415 328
416 328 416 328
418 328 418 328
420 328 420 328
422 328 422 328
423 328 423 328
426 328 425 328
427 328 427 328
429 328 429 328
431 328 430 328
432 328 432 328
433 328 433 328
435 328 435 328
406 329 406 329
409 329 409 329
410 329 410 329
411 329 411 329
414 329 414 329
415 329 415 329
416 329 416 329
418 329 418 329
420 329 420 329
422 329 422 329
423 329 423 329
426 329 425 330
427 329 427 329
429 329 429 329
431 329 430 329
432 329 432 329
433 329 433 330
435 329 435 330
397 331 397 330
398 331 398 330
400 331 400 330
402 331 402 330
403 331 403 330
411 331 411 331
414 331 414 331
433 331 433 331
397 332 397 332
398 332 398 332
400 332 400 332
402 332 402 332
403 332 403 332
405 332 405 332
407 332 407 332
409 332 409 332
410 332 410 332
415 332 415 332
420 332 420 332
422 332 422 332
423 332 423 332
426 332 426 332
428 332 428 332
429 332 429 332
432 332 432 331
435 332 435 332
396 333 396 333
397 333 397 333
398 333 398 333
400 333 400 333
402 333 402 333
403 333 403 333
405 333 405 333
407 333 407 333
409 333 409 333
410 333 410 333
411 333 411 333
414 333 414 333
415 333 415 333
416 333 416 333
418 333 418 333
420 333 420 333
422 333 422 333
423 333 423 333
426 333 425 333
427 333 427 333
428 333 428 333
429 333 429 333
432 333 432 333
433 333 433 333
396 334 396 335
397 334 397 335
398 334 398 335
400 334 400 335
402 334 402 335
403 334 403 335
405 334 405 335
407 334 407 335
409 334 409 334
410 334 410 334
411 334 411 334
414 334 414 335
415 334 415 335
416 334 416 335
419 334 419 335
420 334 420 335
422 334 422 335
423 334 423 335
426 334 426 335
427 334 427 335
428 334 428 335
402 336 402 336
405 336 405 336
407 336 407 336
409 336 409 336
410 336 410 336
414 336 414 336
415 336 415 336
416 336 416 336
419 336 419 336
420 336 420 336
422 336 422 336
423 336 423 336
426 336 425 336
427 336 427 336
429 336 430 334
431 336 432 336
393 337 393 337
396 337 395 337
397 337 397 337
398 337 398 337
400 337 400 337
428 337 428 336
429 337 430 336
392 338 392 338
393 338 393 338
394 338 395 338
397 338 397 338
398 338 398 338
401 338 401 338
402 338 402 338
403 338 403 338
406 338 406 338
409 338 409 338
410 338 410 338
411 338 411 338
415 338 415 338
416 338 416 338
418 338 418 338
420 338 420 338
422 338 422 338
423 338 423 338
426 338 425 338
427 338 427 338
428 338 428 338
429 338 430 338
392 340 392 340
393 340 393 340
396 340 396 340
397 340 397 340
398 340 398 340
401 340 401 340
402 340 402 340
403 340 403 340
405 340 405 340
407 340 407 340
409 340 409 340
410 340 410 340
411 340 411 340
414 340 414 340
415 340 415 340
416 340 416 340
418 340 418 340
420 340 420 340
422 340 422 340
423 340 423 340
426 340 426 340
427 340 427 340
428 340 428 340
390 341 390 341
392 341 392 341
393 341 393 341
397 341 397 341
398 341 398 341
401 341 401 341
402 341 402 341
403 341 403 341
405 341 405 341
407 341 407 341
409 341 409 341
410 341 410 341
411 341 411 341
414 341 414 341
415 341 415 341
416 341 416 341
419 341 419 341
420 341 420 341
422 341 422 341
423 341 423 341
426 341 426 341
396 342 396 342
407 342 407 342
418 342 418 342
420 342 420 342
424 342 423 343
392 344 392 344
396 344 396 343
397 344 397 344
398 344 398 344
403 344 403 344
405 344 405 344
409 344 409 344
410 344 410 343
411 344 411 343
414 344 414 344
415 344 415 344
390 345 391 345
392 345 392 345
394 345 394 345
396 345 396 345
397 345 397 345
398 345 398 345
400 345 400 345
402 345 402 345
403 345 403 345
405 345 405 345
407 345 407 345
409 345 409 345
410 345 410 345
411 345 411 345
414 345 414 345
415 345 415 345
420 345 420 345
390 346 391 346
392 346 392 346
393 346 393 346
396 346 396 346
397 346 397 346
398 346 398 346
400 346 400 346
402 346 402 346
403 346 403 346
405 346 405 346
407 346 407 346
409 346 409 346
410 346 410 346
411 346 411 346
414 346 414 346
415 346 415 346
418 346 418 346
419 346 417 348
392 348 392 348
393 348 393 348
396 348 396 348
397 348 397 348
398 348 398 348
400 348 400 348
402 348 402 348
403 348 404 348
405 348 405 348
407 348 407 348
409 348 409 348
410 348 410 348
411 348 411 348
414 348 414 347
415 348 415 348
393 349 393 349
396 350 396 350
397 350 397 350
402 350 402 350
403 350 403 350
405 350 405 350
407 350 407 350
409 350 409 350
410 350 410 350
411 350 411 350
396 351 396 351
397 351 397 351
398 351 398 351
401 351 401 351
402 351 402 351
403 351 404 351
405 351 405 351
407 351 407 351
409 351 409 351
411 351 411 351
