418 303 411 308
420 303 413 309
422 303 415 308
426 303 419 308
427 303 420 309
429 303 422 309
431 303 424 309
433 303 426 309
434 303 427 309
436 303 429 309
438 303 431 309
440 303 433 309
441 303 434 309
417 304 409 310
418 304 411 311
420 304 413 310
422 304 415 310
424 304 417 310
426 304 419 310
431 304 424 310
433 304 426 310
434 304 427 310
436 304 429 310
438 304 431 310
440 304 433 310
441 304 434 311
417 306 410 312
418 306 411 312
420 306 413 312
422 306 415 312
424 306 417 312
426 306 419 312
427 306 420 312
429 306 422 312
431 306 424 312
433 306 426 312
434 306 427 312
436 306 429 312
438 306 431 312
440 306 433 312
443 306 436 312
445 306 438 313
415 308 407 314
418 308 411 314
420 308 413 314
422 308 415 314
426 308 419 314
427 308 420 314
429 308 422 314
431 308 424 314
433 308 426 314
434 308 427 314
436 308 429 314
438 308 431 314
440 308 433 314
441 308 434 314
443 308 436 314
399 310 392 313
404 310 397 313
415 310 407 316
417 310 410 316
420 310 413 316
422 310 415 316
424 310 416 315
427 310 420 316
429 310 422 316
431 310 424 316
433 310 426 316
434 310 427 316
436 310 429 316
438 310 430 316
440 310 432 316
441 310 434 316
443 310 436 317
396 311 388 316
397 311 390 315
399 311 392 315
415 311 407 317
417 311 410 317
418 311 411 317
420 311 413 317
422 311 415 317
424 311 416 317
426 311 418 317
427 311 420 317
429 311 422 318
431 311 423 317
433 311 425 318
434 311 427 318
436 311 429 317
438 311 430 318
440 311 432 318
441 311 434 318
447 311 438 315
396 313 388 318
397 313 390 317
399 313 392 318
401 313 394 318
403 313 395 319
415 313 407 319
417 313 409 319
418 313 411 319
420 313 413 319
422 313 414 319
424 313 416 319
426 313 418 319
427 313 420 319
429 313 422 319
431 313 424 319
433 313 425 319
434 313 427 320
436 313 428 320
438 313 430 320
440 313 432 320
441 313 434 320
443 313 436 319
445 313 438 320
396 315 388 320
397 315 389 320
399 315 392 320
401 315 393 320
404 315 396 320
406 315 398 320
415 315 407 321
418 315 411 321
420 315 413 321
422 315 414 321
424 315 416 321
426 315 418 321
427 315 420 321
429 315 422 321
431 315 423 321
433 315 425 321
434 315 427 321
436 315 429 321
438 315 430 321
440 315 432 321
441 315 434 321
443 315 436 322
445 315 438 322
392 317 385 321
397 317 390 322
401 317 393 322
403 317 395 322
410 317 401 322
411 317 404 322
413 317 406 323
415 317 407 323
417 317 409 323
418 317 411 323
420 317 412 323
422 317 414 323
424 317 416 323
426 317 418 323
427 317 420 323
429 317 421 323
431 317 423 323
433 317 425 323
434 317 427 323
436 317 429 323
438 317 430 323
440 317 432 323
441 317 434 323
443 317 435 323
445 317 437 323
447 317 439 323
394 318 387 323
397 318 390 324
401 318 393 324
403 318 395 324
404 318 396 324
406 318 398 324
410 318 402 324
411 318 403 324
413 318 405 324
415 318 407 324
417 318 409 324
418 318 411 324
420 318 412 324
422 318 414 324
424 318 416 324
426 318 418 324
427 318 420 325
429 318 422 325
431 318 423 325
433 318 425 325
434 318 427 325
436 318 429 325
438 318 430 325
440 318 432 324
441 318 434 325
443 318 435 325
445 318 437 324
447 318 439 325
448 318 441 325
450 318 443 325
389 320 381 324
392 320 385 325
397 320 390 325
399 320 391 325
401 320 393 325
403 320 395 326
404 320 396 326
406 320 398 326
408 320 400 326
410 320 402 326
413 320 405 326
415 320 407 326
417 320 409 326
418 320 411 326
420 320 413 326
422 320 415 326
424 320 416 326
426 320 418 326
427 320 420 326
429 320 421 326
431 320 423 327
433 320 425 326
434 320 427 326
436 320 428 326
438 320 430 326
440 320 432 326
441 320 433 327
443 320 435 326
445 320 437 326
447 320 439 327
448 320 441 327
450 320 443 327
389 322 382 326
392 322 385 326
394 322 387 327
399 322 391 327
401 322 393 327
403 322 395 327
404 322 396 327
406 322 398 327
408 322 400 328
411 322 403 328
413 322 405 328
415 322 407 328
417 322 409 328
418 322 411 328
420 322 413 328
422 322 414 328
424 322 416 328
426 322 418 328
427 322 419 328
429 322 421 328
431 322 423 328
433 322 425 328
434 322 426 328
436 322 428 328
438 322 430 328
440 322 432 328
441 322 433 328
443 322 435 328
445 322 437 328
447 322 439 328
448 322 440 329
389 324 382 327
390 324 383 328
392 324 385 328
394 324 387 329
396 324 389 329
397 324 390 329
401 324 393 329
403 324 395 329
404 324 396 329
406 324 398 329
408 324 400 329
410 324 402 330
413 324 405 330
415 324 407 330
417 324 409 330
418 324 411 330
420 324 412 330
422 324 414 330
424 324 416 330
426 324 418 330
427 324 419 330
429 324 421 330
431 324 423 330
433 324 424 330
434 324 426 330
436 324 428 330
438 324 430 330
440 324 432 330
441 324 433 330
443 324 435 330
445 324 437 330
447 324 439 330
448 324 440 330
452 324 444 330
455 324 447 330
390 325 383 329
392 325 385 330
396 325 389 330
399 325 391 330
401 325 393 330
403 325 395 330
404 325 396 331
406 325 398 331
408 325 400 331
410 325 402 331
411 325 403 331
415 325 407 331
417 325 409 331
418 325 411 332
420 325 412 332
422 325 414 331
424 325 416 331
426 325 417 331
427 325 419 331
429 325 421 332
431 325 423 332
433 325 424 332
434 325 426 332
436 325 428 332
438 325 430 332
440 325 432 332
441 325 433 332
443 325 435 332
445 325 437 332
447 325 439 332
448 325 440 332
452 325 444 332
454 325 445 332
455 325 447 332
389 327 380 330
392 327 385 331
394 327 387 332
396 327 389 332
399 327 391 332
401 327 393 332
403 327 395 332
404 327 396 332
406 327 398 332
408 327 400 333
410 327 402 333
411 327 403 333
413 327 405 333
415 327 407 333
417 327 409 333
418 327 410 333
420 327 412 333
422 327 414 333
424 327 415 333
426 327 417 333
427 327 419 333
429 327 421 333
431 327 423 334
433 327 425 334
434 327 426 334
436 327 428 334
438 327 430 334
440 327 432 333
441 327 433 334
443 327 435 334
447 327 438 334
448 327 440 334
450 327 442 334
454 327 445 333
455 327 447 333
389 329 380 332
390 329 383 332
399 329 391 334
401 329 393 334
403 329 395 334
404 329 396 334
406 329 398 334
408 329 400 335
410 329 402 335
411 329 403 335
413 329 405 335
415 329 406 335
417 329 408 335
418 329 410 335
420 329 412 335
422 329 414 335
424 329 415 335
426 329 417 335
427 329 419 335
429 329 421 335
431 329 423 335
433 329 425 336
434 329 426 336
436 329 428 336
438 329 430 335
440 329 431 335
441 329 433 335
445 329 436 335
447 329 438 335
448 329 440 335
450 329 441 335
452 329 443 335
454 329 445 335
455 329 447 335
390 331 382 334
392 331 385 335
401 331 393 336
403 331 394 336
404 331 396 336
406 331 398 336
408 331 399 336
410 331 402 337
411 331 403 337
413 331 405 337
415 331 406 336
417 331 408 337
418 331 410 337
420 331 412 337
422 331 414 337
424 331 415 337
426 331 417 337
427 331 419 337
429 331 420 337
431 331 422 337
433 331 425 337
434 331 426 337
436 331 428 337
438 331 429 337
440 331 431 337
441 331 433 337
445 331 436 337
447 331 438 337
448 331 440 337
450 331 441 337
452 331 443 337
454 331 445 337
455 331 447 337
396 332 388 336
397 332 389 337
403 332 395 337
404 332 396 337
406 332 398 338
408 332 400 338
410 332 401 338
411 332 403 338
413 332 405 338
415 332 406 338
418 332 410 339
420 332 412 338
422 332 413 339
424 332 415 339
426 332 417 339
427 332 419 338
429 332 421 339
431 332 422 338
433 332 424 339
434 332 426 339
436 332 428 339
440 332 431 339
441 332 433 339
445 332 436 339
447 332 438 339
448 332 440 339
450 332 441 339
452 332 443 339
454 332 445 339
455 332 446 339
392 334 383 337
396 334 387 338
397 334 390 338
401 334 393 338
404 334 396 339
406 334 398 339
408 334 400 339
410 334 401 340
411 334 403 340
413 334 405 340
415 334 406 340
417 334 408 340
418 334 410 340
420 334 411 340
422 334 413 340
424 334 415 340
426 334 417 340
427 334 418 340
429 334 420 340
431 334 422 340
433 334 424 341
434 334 426 341
438 334 429 340
440 334 431 340
441 334 432 340
443 334 434 341
445 334 436 341
447 334 438 341
448 334 440 341
450 334 441 341
452 334 443 341
454 334 445 341
455 334 447 341
392 336 384 339
394 336 386 339
396 336 388 340
399 336 391 340
401 336 393 340
403 336 394 340
406 336 398 341
408 336 400 341
410 336 401 341
411 336 403 341
413 336 404 341
415 336 406 342
417 336 408 342
420 336 411 342
422 336 413 342
424 336 415 342
426 336 417 342
427 336 418 342
429 336 420 342
431 336 422 342
433 336 424 342
434 336 426 342
438 336 429 342
440 336 431 342
441 336 432 342
443 336 434 342
445 336 436 343
447 336 438 342
448 336 439 343
392 338 385 341
394 338 386 341
396 338 388 341
399 338 391 342
401 338 393 342
403 338 395 342
404 338 396 342
406 338 398 343
408 338 399 343
410 338 401 343
411 338 403 343
413 338 404 343
415 338 406 343
417 338 408 344
418 338 410 344
420 338 411 344
422 338 413 344
424 338 415 344
426 338 417 344
427 338 418 344
431 338 422 344
433 338 424 344
436 338 427 344
438 338 429 344
440 338 430 344
441 338 433 344
455 338 447 343
392 340 385 343
394 340 386 343
396 340 388 343
399 340 391 343
401 340 393 344
403 340 395 344
404 340 396 344
408 340 400 345
410 340 401 345
411 340 402 345
413 340 404 345
415 340 406 345
417 340 408 345
418 340 409 345
420 340 411 346
422 340 413 346
424 340 415 346
426 340 417 346
429 340 420 346
431 340 422 346
433 340 423 346
434 340 425 346
436 340 427 346
440 340 431 346
441 340 433 346
450 340 440 345
394 341 386 344
396 341 388 344
399 341 391 345
401 341 393 345
403 341 394 346
404 341 396 346
406 341 398 346
410 341 401 346
411 341 402 346
413 341 404 346
415 341 406 347
417 341 408 347
418 341 409 347
420 341 411 348
422 341 413 348
424 341 415 347
426 341 416 347
429 341 420 347
431 341 422 347
433 341 423 347
434 341 425 347
436 341 428 347
438 341 429 348
440 341 431 347
441 341 433 348
443 341 435 348
450 341 441 347
394 343 386 346
396 343 388 346
399 343 391 347
401 343 393 347
403 343 394 347
404 343 396 347
406 343 397 347
408 343 399 348
413 343 404 348
415 343 406 348
417 343 408 349
420 343 411 349
422 343 413 349
424 343 415 349
427 343 418 349
429 343 420 349
431 343 421 349
433 343 423 349
434 343 425 349
436 343 427 349
440 343 431 350
392 345 385 348
394 345 386 348
396 345 388 348
397 345 389 348
401 345 393 349
403 345 394 348
404 345 396 349
406 345 397 349
408 345 399 349
410 345 401 349
411 345 402 350
413 345 404 350
415 345 406 350
417 345 408 351
420 345 411 351
422 345 413 351
424 345 415 351
427 345 418 351
429 345 420 351
431 345 421 351
434 345 424 351
394 347 386 350
396 347 388 350
397 347 389 350
401 347 393 350
403 347 394 350
404 347 396 350
406 347 397 351
408 347 399 351
410 347 401 351
411 347 402 351
413 347 404 352
415 347 406 352
417 347 408 352
418 347 409 352
422 347 412 353
424 347 414 353
426 347 416 353
427 347 418 353
429 347 419 353
431 347 421 353
396 348 388 351
399 348 391 351
401 348 392 352
403 348 394 352
404 348 395 352
406 348 397 352
408 348 399 353
410 348 401 353
411 348 402 353
417 348 408 354
418 348 409 354
422 348 412 354
424 348 414 354
426 348 416 354
427 348 417 354
429 348 419 354
394 350 386 352
410 350 401 355
411 350 403 355
424 350 414 356
426 350 416 356
427 350 417 356
