418 303 411 313
422 303 415 313
424 303 417 314
427 303 420 314
429 303 421 314
431 303 423 313
433 303 425 313
434 303 426 313
438 303 429 312
440 303 430 312
441 303 432 312
443 303 435 312
418 304 411 315
420 304 412 315
422 304 414 315
424 304 416 316
426 304 418 316
431 304 422 315
433 304 424 315
434 304 426 315
438 304 429 315
440 304 430 314
417 306 409 317
418 306 411 317
420 306 412 317
422 306 414 317
424 306 416 317
427 306 419 317
429 306 420 317
431 306 422 317
433 306 424 317
434 306 425 317
438 306 428 317
440 306 430 317
441 306 431 317
415 308 407 318
417 308 409 319
418 308 410 319
420 308 412 319
427 308 418 319
429 308 420 319
431 308 422 319
433 308 423 319
434 308 425 319
438 308 428 319
440 308 429 319
441 308 431 319
443 308 433 319
389 310 379 318
394 310 386 318
396 310 388 318
404 310 397 318
415 310 406 320
417 310 408 321
418 310 410 321
420 310 412 321
422 310 413 321
431 310 421 321
433 310 423 320
434 310 425 321
438 310 428 321
440 310 430 321
441 310 431 321
443 310 433 320
397 311 390 319
399 311 393 319
401 311 394 319
404 311 397 320
415 311 406 322
417 311 408 322
418 311 410 322
420 311 411 322
422 311 413 322
426 311 416 322
427 311 417 322
429 311 419 322
431 311 421 322
433 311 423 322
434 311 424 322
438 311 427 322
440 311 429 322
443 311 432 322
396 313 388 322
397 313 390 321
399 313 392 321
403 313 395 323
404 313 396 322
415 313 406 324
417 313 408 324
418 313 409 324
420 313 411 324
422 313 413 324
426 313 416 324
427 313 417 324
429 313 419 324
431 313 421 324
433 313 422 324
436 313 425 324
438 313 427 324
440 313 428 324
441 313 430 324
443 313 432 324
445 313 434 325
396 315 388 324
397 315 390 324
399 315 392 323
404 315 396 325
406 315 398 324
415 315 405 325
417 315 407 326
418 315 409 326
420 315 410 326
422 315 412 326
427 315 417 326
429 315 419 326
431 315 420 326
434 315 423 326
436 315 424 326
438 315 426 326
441 315 430 326
443 315 431 326
445 315 433 326
447 315 435 327
394 317 386 324
399 317 392 325
403 317 394 325
406 317 398 325
410 317 400 325
411 317 402 325
413 317 404 327
415 317 405 328
417 317 407 327
418 317 409 328
420 317 410 328
424 317 413 328
426 317 415 327
427 317 417 327
429 317 418 327
433 317 421 328
434 317 423 328
436 317 424 328
438 317 426 328
440 317 427 328
441 317 429 328
443 317 431 328
447 317 435 328
397 318 390 327
399 318 391 327
403 318 394 327
404 318 396 327
406 318 397 328
410 318 400 326
411 318 402 328
413 318 403 329
415 318 405 329
417 318 407 329
418 318 408 329
420 318 410 329
422 318 412 329
426 318 415 329
427 318 417 329
429 318 418 329
433 318 421 329
434 318 422 329
436 318 424 329
438 318 425 329
440 318 427 329
441 318 429 329
443 318 431 329
447 318 434 329
448 318 435 330
396 320 387 328
397 320 389 329
399 320 391 328
403 320 394 329
404 320 395 329
406 320 397 330
410 320 399 328
411 320 401 330
413 320 403 331
415 320 405 331
417 320 406 331
418 320 408 331
420 320 410 331
426 320 414 331
427 320 416 331
429 320 418 331
433 320 420 331
434 320 422 331
436 320 423 331
440 320 427 331
443 320 430 331
445 320 432 331
447 320 434 332
448 320 435 331
450 320 437 331
390 322 380 323
403 322 393 330
404 322 395 331
410 322 399 330
411 322 401 332
413 322 402 332
415 322 404 332
417 322 406 333
418 322 408 332
420 322 409 333
426 322 414 332
427 322 415 332
429 322 417 333
433 322 420 333
434 322 422 333
438 322 425 333
440 322 427 333
443 322 430 333
445 322 432 333
447 322 433 333
448 322 434 333
411 324 400 333
413 324 402 334
415 324 404 334
417 324 406 334
424 324 412 334
426 324 413 334
427 324 415 334
431 324 418 334
433 324 420 334
436 324 423 334
438 324 425 334
441 324 428 334
443 324 429 334
445 324 431 334
447 324 433 334
448 324 434 335
455 324 445 333
389 325 378 325
403 325 391 332
404 325 394 333
406 325 395 333
408 325 397 334
410 325 399 334
411 325 400 335
413 325 402 336
415 325 404 336
417 325 406 336
422 325 410 335
424 325 412 336
426 325 413 336
427 325 415 336
431 325 418 336
434 325 421 336
436 325 423 336
438 325 424 336
441 325 427 336
443 325 429 336
445 325 431 336
447 325 432 336
452 325 437 336
454 325 439 336
389 327 378 327
392 327 381 327
394 327 383 328
401 327 389 332
404 327 393 334
406 327 395 335
408 327 397 335
410 327 398 336
413 327 402 337
415 327 403 338
422 327 410 337
424 327 411 338
426 327 413 338
427 327 415 338
431 327 418 338
433 327 419 337
434 327 420 337
436 327 422 337
438 327 424 337
441 327 427 338
443 327 429 338
445 327 430 338
448 327 433 338
452 327 437 338
454 327 438 338
389 329 378 328
392 329 381 329
394 329 382 329
396 329 384 331
401 329 389 333
408 329 396 337
410 329 398 337
411 329 400 338
418 329 406 339
420 329 408 339
422 329 409 339
424 329 411 339
426 329 413 339
427 329 414 339
431 329 417 340
433 329 419 339
434 329 420 339
436 329 422 339
440 329 425 339
441 329 427 339
443 329 428 339
447 329 431 339
450 329 434 339
452 329 436 339
454 329 438 339
455 329 439 340
390 331 378 330
392 331 380 330
394 331 382 331
397 331 386 333
404 331 392 336
410 331 398 339
411 331 399 339
415 331 402 340
418 331 406 341
420 331 407 341
422 331 409 341
424 331 411 341
426 331 412 341
427 331 414 341
433 331 418 341
434 331 420 341
436 331 421 340
440 331 425 341
441 331 426 341
445 331 430 341
447 331 431 341
450 331 434 341
452 331 436 341
390 332 378 332
392 332 380 332
394 332 382 333
403 332 390 336
404 332 392 338
406 332 394 339
408 332 396 339
417 332 404 342
418 332 405 343
420 332 407 342
422 332 408 342
424 332 410 343
426 332 412 343
431 332 416 343
433 332 418 343
434 332 419 342
436 332 421 342
440 332 424 343
443 332 428 342
445 332 429 343
447 332 431 342
450 332 434 343
452 332 436 342
454 332 437 342
455 332 439 342
394 334 382 334
401 334 388 337
403 334 390 338
406 334 393 340
408 334 395 341
410 334 397 341
413 334 400 342
415 334 401 341
418 334 405 344
420 334 406 344
422 334 408 344
424 334 410 344
429 334 414 344
431 334 416 344
433 334 418 344
434 334 419 344
436 334 421 345
441 334 426 344
443 334 427 344
445 334 429 344
447 334 430 344
450 334 433 344
454 334 437 344
455 334 439 344
392 336 379 334
396 336 383 336
397 336 384 336
401 336 388 339
403 336 390 340
404 336 391 340
408 336 395 342
410 336 397 343
413 336 399 343
415 336 401 343
417 336 402 343
418 336 405 346
420 336 406 346
422 336 408 346
426 336 411 346
429 336 414 346
431 336 416 346
433 336 417 346
434 336 419 346
440 336 424 346
441 336 425 346
443 336 427 346
445 336 429 346
447 336 430 346
454 336 437 346
392 338 379 336
394 338 381 336
397 338 384 338
399 338 386 339
403 338 389 342
404 338 391 342
406 338 393 342
411 338 397 344
413 338 399 345
415 338 401 345
417 338 402 345
418 338 404 348
420 338 406 348
424 338 409 347
427 338 412 348
429 338 414 348
431 338 416 347
433 338 417 347
440 338 423 347
441 338 425 347
443 338 427 347
445 338 428 347
447 338 430 348
450 338 433 347
452 338 435 347
454 338 436 347
396 340 382 339
399 340 385 340
404 340 390 343
408 340 394 344
410 340 395 345
413 340 399 346
415 340 400 346
417 340 402 346
420 340 405 349
422 340 407 349
424 340 409 349
427 340 412 349
429 340 413 349
431 340 415 349
433 340 417 349
434 340 418 349
436 340 420 349
438 340 422 349
440 340 424 349
443 340 427 349
445 340 428 349
450 340 432 348
452 340 434 349
394 341 380 340
396 341 382 340
397 341 384 341
401 341 387 342
404 341 390 345
408 341 393 345
410 341 395 346
411 341 397 347
415 341 400 348
417 341 402 349
418 341 403 349
422 341 407 350
424 341 408 351
427 341 411 351
429 341 413 350
431 341 415 350
434 341 418 350
436 341 421 351
438 341 423 351
440 341 425 351
441 341 426 351
445 341 428 352
452 341 442 348
397 343 384 343
401 343 386 343
404 343 389 345
410 343 395 348
411 343 396 348
413 343 398 349
417 343 401 351
418 343 403 352
420 343 405 352
422 343 406 352
426 343 409 352
427 343 411 352
429 343 413 352
434 343 419 352
436 343 438 346
401 345 386 344
403 345 387 345
406 345 391 348
408 345 393 348
411 345 396 350
413 345 397 350
415 345 399 350
418 345 403 353
420 345 404 354
422 345 406 354
426 345 409 354
427 345 411 354
429 345 412 354
431 345 414 354
443 345 436 350
399 347 384 345
406 347 391 349
408 347 392 350
410 347 394 350
413 347 397 352
415 347 399 352
417 347 401 353
418 347 402 354
420 347 404 356
424 347 407 356
426 347 409 356
427 347 411 356
438 347 427 353
440 347 429 353
399 348 383 346
401 348 385 347
403 348 387 347
404 348 388 348
408 348 392 351
410 348 394 351
411 348 395 352
415 348 399 354
417 348 401 355
420 348 404 357
422 348 406 357
426 348 409 357
427 348 410 357
438 348 427 355
401 350 385 348
403 350 387 349
418 350 402 357
429 350 411 358
396 352 391 353
397 352 393 353
399 352 395 354
418 352 402 359
422 352 404 359
424 352 406 359
426 352 407 360
427 352 409 360
429 352 411 360
399 354 396 356
417 357 420 362
