426 303 417 314
427 303 419 317
431 303 422 316
433 303 423 317
434 303 425 317
418 304 411 319
422 304 414 317
424 304 416 318
426 304 416 316
427 304 419 319
431 304 421 318
433 304 423 318
434 304 424 318
438 304 427 317
440 304 428 317
417 306 410 321
418 306 411 321
422 306 414 319
427 306 418 320
431 306 421 320
433 306 422 320
434 306 424 320
438 306 427 319
415 308 406 322
417 308 409 323
418 308 410 323
422 308 413 322
426 308 416 321
427 308 418 322
433 308 422 321
434 308 423 321
438 308 426 321
417 310 408 324
422 310 413 324
424 310 414 324
426 310 416 323
429 310 418 323
431 310 420 323
433 310 421 323
434 310 423 323
438 310 425 323
415 311 406 326
417 311 408 326
418 311 409 325
422 311 412 326
424 311 413 326
427 311 416 325
429 311 418 325
431 311 419 324
433 311 421 324
434 311 422 324
438 311 425 324
401 313 394 326
403 313 395 326
404 313 397 327
415 313 405 327
417 313 407 327
418 313 409 327
422 313 412 327
424 313 413 327
429 313 417 326
431 313 419 326
433 313 420 326
434 313 422 326
438 313 424 326
397 315 390 327
399 315 392 327
401 315 393 327
404 315 397 328
415 315 405 329
420 315 410 329
422 315 411 329
424 315 413 329
426 315 414 329
429 315 417 328
431 315 418 328
433 315 420 328
436 315 422 328
438 315 424 327
401 317 393 329
403 317 395 328
410 317 400 328
411 317 402 328
415 317 405 331
420 317 409 330
422 317 411 330
426 317 413 330
429 317 416 330
434 317 420 330
440 317 424 329
403 318 395 329
408 318 398 330
410 318 400 329
411 318 401 330
415 318 404 332
420 318 408 331
422 318 410 332
424 318 412 331
426 318 413 332
433 318 418 331
434 318 419 331
436 318 421 330
440 318 423 330
441 318 425 331
403 320 394 331
410 320 399 331
411 320 401 331
413 320 402 333
415 320 404 334
417 320 405 334
420 320 408 333
422 320 410 333
424 320 411 333
426 320 413 333
433 320 417 332
434 320 419 332
436 320 420 333
438 320 422 332
441 320 424 332
408 322 397 332
410 322 399 333
413 322 402 335
415 322 403 335
418 322 405 336
424 322 411 334
427 322 413 334
431 322 415 334
433 322 417 334
434 322 418 334
438 322 422 334
443 322 426 333
396 324 384 327
406 324 395 333
408 324 396 334
410 324 398 334
411 324 400 335
413 324 401 336
415 324 403 337
418 324 404 338
420 324 407 337
426 324 411 336
427 324 412 336
429 324 413 336
431 324 415 336
433 324 416 336
434 324 418 336
438 324 420 335
440 324 422 335
441 324 424 335
443 324 425 335
404 325 393 334
406 325 394 334
408 325 396 335
411 325 399 336
422 325 406 338
424 325 408 338
426 325 410 338
427 325 412 338
429 325 413 338
438 325 420 337
440 325 421 337
441 325 423 336
443 325 424 336
413 327 400 339
417 327 403 339
418 327 404 339
422 327 407 339
424 327 407 340
426 327 410 339
427 327 411 339
433 327 415 337
434 327 417 338
438 327 419 338
440 327 421 338
441 327 422 338
443 327 424 338
411 329 398 337
413 329 399 338
415 329 401 340
417 329 402 341
418 329 403 341
420 329 405 341
426 329 409 340
427 329 411 341
431 329 413 340
433 329 415 339
436 329 417 340
438 329 419 339
440 329 420 340
441 329 422 340
445 329 424 339
448 329 427 339
410 331 395 339
411 331 397 339
413 331 399 339
415 331 400 342
417 331 402 343
418 331 403 343
420 331 404 343
426 331 409 342
431 331 413 342
433 331 414 342
438 331 418 341
441 331 421 341
445 331 424 341
447 331 425 340
448 331 426 340
411 332 396 341
413 332 398 341
418 332 403 344
427 332 410 343
431 332 412 343
433 332 414 344
436 332 416 342
440 332 419 342
441 332 420 342
447 332 425 342
410 334 394 341
411 334 396 342
413 334 397 343
415 334 399 343
417 334 401 344
420 334 403 345
424 334 406 345
427 334 409 345
431 334 412 345
433 334 413 345
434 334 415 344
436 334 416 343
438 334 417 344
440 334 419 344
441 334 420 344
445 334 423 343
447 334 425 344
448 334 426 344
450 334 428 343
415 336 399 345
417 336 400 346
424 336 406 347
426 336 407 346
429 336 410 346
431 336 411 346
436 336 415 346
440 336 418 345
443 336 421 346
445 336 422 346
447 336 424 346
417 338 400 347
420 338 402 346
422 338 404 348
424 338 405 348
426 338 407 348
429 338 409 348
433 338 412 347
434 338 414 347
438 338 416 347
440 338 418 347
441 338 419 348
411 340 394 346
413 340 395 346
415 340 397 346
417 340 399 347
420 340 402 347
422 340 403 349
426 340 406 349
429 340 409 349
431 340 410 349
433 340 412 349
434 340 413 349
438 340 416 348
440 340 417 349
441 340 419 349
411 341 393 347
413 341 395 348
415 341 397 348
417 341 398 348
424 341 404 350
426 341 406 351
429 341 408 350
431 341 410 350
433 341 411 350
438 341 415 351
415 343 396 349
417 343 397 350
420 343 400 352
424 343 404 352
427 343 406 352
429 343 408 352
431 343 409 352
433 343 411 352
417 345 397 351
424 345 403 354
426 345 405 354
431 345 409 354
433 345 411 354
415 347 395 351
424 347 403 355
427 347 407 354
