417 303 415 304
420 303 418 304
422 303 420 304
424 303 422 304
426 303 424 304
429 303 427 303
431 303 429 304
434 303 432 304
436 303 434 304
438 303 436 304
441 303 440 304
443 303 442 304
418 304 416 305
420 304 418 305
422 304 420 305
424 304 422 305
427 304 425 305
429 304 427 305
431 304 429 305
434 304 432 305
436 304 434 305
438 304 436 305
417 306 415 307
418 306 416 307
422 306 420 307
427 306 425 307
429 306 427 307
433 306 431 307
434 306 433 307
436 306 434 307
438 306 436 307
441 306 439 307
443 306 441 307
415 308 412 309
417 308 414 309
418 308 416 309
420 308 418 309
424 308 422 309
426 308 424 309
427 308 425 309
429 308 427 309
433 308 431 309
436 308 434 309
438 308 436 309
440 308 438 309
443 308 441 309
445 308 444 309
394 310 390 308
396 310 393 308
397 310 395 308
399 310 397 308
401 310 399 308
403 310 401 308
404 310 402 308
415 310 412 311
417 310 414 311
420 310 418 310
422 310 420 311
426 310 424 310
427 310 425 310
429 310 427 310
431 310 429 311
433 310 431 311
436 310 434 311
438 310 436 311
440 310 438 311
441 310 439 311
443 310 441 311
445 310 443 310
399 311 398 309
403 311 401 312
404 311 402 312
415 311 412 312
417 311 415 312
418 311 417 312
422 311 420 312
426 311 424 312
431 311 429 312
433 311 431 312
436 311 434 312
438 311 436 312
440 311 438 312
441 311 439 312
443 311 441 312
447 311 446 313
390 313 388 313
394 313 392 314
396 313 394 314
399 313 397 313
401 313 399 313
403 313 401 314
404 313 402 314
415 313 412 314
417 313 415 314
418 313 416 314
420 313 418 314
422 313 420 314
424 313 422 314
427 313 425 314
429 313 427 314
433 313 431 314
434 313 432 314
436 313 434 314
438 313 436 314
440 313 437 314
441 313 439 314
443 313 441 314
390 315 388 316
394 315 392 316
396 315 394 316
399 315 397 315
401 315 399 316
403 315 401 316
415 315 412 316
417 315 415 316
418 315 416 316
420 315 418 316
422 315 420 316
424 315 422 316
427 315 425 316
433 315 430 316
434 315 432 316
436 315 434 316
438 315 436 316
440 315 437 316
441 315 439 316
443 315 441 316
445 315 443 316
447 315 446 317
389 317 387 318
390 317 388 318
394 317 392 318
396 317 394 318
403 317 401 318
404 317 402 318
406 317 404 318
408 317 406 318
410 317 408 318
417 317 415 318
418 317 416 318
420 317 418 318
422 317 420 318
426 317 423 318
431 317 429 318
433 317 430 318
434 317 432 318
436 317 434 318
438 317 436 318
440 317 438 318
441 317 439 318
443 317 441 318
445 317 443 318
448 317 448 320
450 317 450 322
390 318 388 319
392 318 390 319
399 318 397 319
401 318 399 319
403 318 401 319
404 318 402 319
406 318 404 319
410 318 408 319
411 318 409 319
413 318 411 319
415 318 413 319
417 318 415 319
418 318 417 319
420 318 418 319
422 318 420 319
426 318 423 319
427 318 425 319
434 318 432 319
436 318 434 319
438 318 436 319
440 318 438 319
441 318 439 319
443 318 441 319
445 318 443 319
447 318 445 320
452 318 451 323
390 320 388 321
392 320 390 321
394 320 392 321
396 320 394 321
397 320 395 321
399 320 397 321
401 320 399 321
403 320 401 321
404 320 402 321
406 320 404 321
408 320 406 321
411 320 409 321
413 320 411 321
415 320 413 321
417 320 415 321
418 320 417 321
424 320 421 321
426 320 423 321
427 320 425 321
429 320 428 321
433 320 431 321
436 320 434 321
438 320 436 321
440 320 438 321
441 320 439 321
443 320 441 321
445 320 443 321
447 320 445 321
448 320 446 321
390 322 388 323
392 322 390 323
399 322 397 323
401 322 399 323
413 322 411 323
417 322 414 323
418 322 416 323
424 322 421 323
429 322 426 323
431 322 429 323
433 322 431 323
436 322 434 323
438 322 436 323
440 322 438 323
441 322 439 323
443 322 441 323
445 322 443 323
447 322 445 323
450 322 448 323
389 324 387 324
390 324 388 325
392 324 390 325
394 324 392 324
396 324 394 324
397 324 395 324
399 324 397 325
401 324 399 325
403 324 401 325
404 324 402 325
408 324 405 324
410 324 408 324
418 324 416 325
424 324 421 325
426 324 423 325
427 324 425 325
429 324 427 325
434 324 432 325
436 324 434 325
438 324 436 325
440 324 438 325
441 324 439 325
443 324 441 325
445 324 443 325
447 324 445 325
448 324 446 325
450 324 448 325
389 325 387 326
390 325 388 326
392 325 390 326
396 325 394 326
397 325 395 326
403 325 400 326
406 325 404 326
413 325 411 327
420 325 418 326
433 325 431 326
436 325 434 326
438 325 436 327
440 325 438 327
441 325 439 327
443 325 441 327
445 325 443 326
447 325 445 326
448 325 446 327
450 325 448 326
452 325 450 326
454 325 452 326
455 325 454 327
389 327 387 328
394 327 392 328
397 327 395 328
399 327 397 328
401 327 399 328
404 327 402 328
406 327 404 328
411 327 409 328
418 327 416 328
424 327 422 328
426 327 423 328
433 327 431 328
434 327 432 328
440 327 438 328
441 327 439 328
443 327 441 328
445 327 443 328
447 327 445 328
448 327 446 328
450 327 448 328
455 327 454 328
389 329 385 329
390 329 388 330
392 329 390 330
394 329 392 330
396 329 394 330
397 329 395 330
399 329 397 330
401 329 399 330
403 329 401 330
404 329 402 330
406 329 404 330
408 329 406 330
410 329 408 330
415 329 412 329
426 329 423 330
429 329 427 330
433 329 431 330
434 329 432 329
436 329 434 330
438 329 436 330
440 329 438 330
441 329 439 330
443 329 441 330
445 329 443 330
447 329 445 330
448 329 446 330
452 329 450 330
454 329 452 330
455 329 454 330
389 331 385 331
390 331 388 331
392 331 390 332
396 331 393 332
397 331 395 332
401 331 399 332
403 331 401 332
404 331 402 331
406 331 404 332
408 331 406 332
410 331 408 332
413 331 411 331
415 331 412 331
418 331 416 332
426 331 423 332
427 331 425 332
429 331 427 332
433 331 431 331
434 331 432 331
440 331 438 332
441 331 439 332
443 331 441 332
445 331 443 332
447 331 445 332
448 331 447 332
450 331 448 332
452 331 450 332
454 331 452 332
455 331 453 332
390 332 386 333
392 332 389 333
394 332 392 333
396 332 393 333
397 332 395 333
399 332 397 333
401 332 399 333
403 332 401 333
404 332 402 333
406 332 404 333
408 332 406 333
410 332 408 333
415 332 412 333
417 332 414 333
420 332 418 333
424 332 422 333
427 332 425 333
431 332 429 333
433 332 431 333
434 332 432 333
436 332 434 333
438 332 436 333
445 332 443 334
447 332 445 334
450 332 448 334
454 332 452 334
455 332 453 334
390 334 386 335
392 334 389 335
394 334 391 335
396 334 393 335
397 334 395 335
399 334 397 335
401 334 399 335
403 334 400 335
404 334 402 335
406 334 404 335
408 334 406 335
410 334 408 335
411 334 409 335
415 334 412 335
420 334 418 335
422 334 420 335
427 334 425 335
429 334 427 335
431 334 429 335
433 334 431 335
434 334 432 335
436 334 434 335
438 334 436 335
440 334 438 335
441 334 439 335
443 334 441 335
448 334 447 335
452 334 450 335
455 334 454 335
392 336 390 337
396 336 394 337
397 336 395 337
399 336 397 337
401 336 399 337
403 336 401 337
404 336 402 337
406 336 404 337
408 336 406 337
410 336 408 337
411 336 409 337
415 336 412 337
417 336 414 337
418 336 416 337
422 336 420 337
426 336 424 337
429 336 427 337
434 336 432 337
436 336 434 337
438 336 436 337
440 336 438 337
441 336 439 337
447 336 445 337
448 336 447 337
450 336 448 337
454 336 452 337
455 336 454 337
392 338 390 339
394 338 392 339
396 338 394 339
397 338 395 339
399 338 397 339
401 338 399 339
403 338 401 339
404 338 402 339
406 338 404 339
408 338 406 339
410 338 408 339
415 338 413 339
417 338 414 339
422 338 420 339
424 338 422 339
431 338 429 339
433 338 431 339
434 338 432 339
436 338 434 339
441 338 441 338
443 338 443 338
445 338 444 338
447 338 446 338
448 338 447 338
452 338 450 339
454 338 452 338
392 340 390 340
394 340 392 340
396 340 394 340
397 340 395 341
399 340 397 340
401 340 399 340
403 340 401 340
404 340 402 340
406 340 404 340
408 340 406 341
410 340 408 340
411 340 409 341
417 340 414 341
420 340 418 340
424 340 422 341
426 340 423 341
427 340 425 341
429 340 427 341
431 340 429 341
433 340 430 341
434 340 432 340
436 340 434 340
438 340 436 340
440 340 439 340
441 340 441 340
443 340 443 340
445 340 445 340
447 340 446 340
448 340 448 340
450 340 450 340
454 340 451 341
455 340 453 340
392 341 390 342
394 341 392 342
396 341 394 342
397 341 395 342
399 341 397 342
401 341 399 342
403 341 401 342
404 341 402 342
406 341 404 342
408 341 406 342
410 341 408 342
411 341 409 342
417 341 414 342
418 341 416 342
420 341 418 342
424 341 422 342
426 341 423 342
427 341 425 342
429 341 427 342
431 341 429 342
433 341 430 342
434 341 432 342
436 341 434 342
438 341 437 342
440 341 439 341
441 341 441 341
443 341 443 341
445 341 444 342
447 341 446 341
448 341 448 341
452 341 450 342
392 343 390 344
394 343 392 344
396 343 394 344
397 343 395 344
399 343 397 344
401 343 399 344
403 343 401 344
404 343 402 344
406 343 404 344
408 343 406 344
410 343 408 344
411 343 409 344
417 343 414 344
418 343 416 344
420 343 418 344
422 343 420 344
424 343 422 344
426 343 423 344
427 343 425 344
429 343 427 344
431 343 429 344
433 343 430 344
434 343 432 344
436 343 434 344
438 343 437 343
440 343 439 343
441 343 441 343
443 343 443 343
445 343 445 343
392 345 390 346
394 345 392 346
396 345 394 346
397 345 395 346
399 345 397 346
401 345 399 346
403 345 401 346
404 345 402 346
406 345 404 346
408 345 406 346
410 345 408 346
411 345 409 346
413 345 411 346
417 345 414 346
418 345 416 346
420 345 418 346
426 345 423 346
427 345 425 346
429 345 427 346
431 345 429 346
433 345 430 346
434 345 432 346
436 345 434 346
438 345 437 345
440 345 439 345
441 345 441 345
443 345 443 345
394 347 392 347
396 347 394 347
397 347 395 347
399 347 397 348
401 347 399 348
403 347 401 348
404 347 402 348
406 347 404 348
408 347 406 348
410 347 408 348
411 347 409 348
413 347 411 348
415 347 413 348
418 347 416 347
420 347 418 347
424 347 422 348
426 347 423 348
427 347 425 348
429 347 427 347
431 347 429 347
433 347 430 347
434 347 432 348
436 347 436 347
438 347 438 347
440 347 439 346
441 347 441 346
397 348 395 349
399 348 397 349
401 348 399 349
403 348 401 349
406 348 404 349
408 348 406 349
410 348 408 349
413 348 411 349
415 348 413 349
418 348 416 349
420 348 418 349
422 348 420 349
424 348 421 349
426 348 423 349
427 348 425 349
429 348 427 349
431 348 429 349
434 348 433 349
436 348 436 348
438 348 438 348
440 348 439 348
397 350 395 351
401 350 399 351
403 350 401 351
404 350 402 351
406 350 404 351
408 350 406 351
410 350 408 351
413 350 411 351
415 350 413 351
418 350 416 351
420 350 418 351
422 350 419 351
424 350 421 351
426 350 423 351
427 350 425 351
429 350 427 351
431 350 429 351
434 350 434 350
399 352 396 353
401 352 399 353
403 352 401 353
404 352 402 353
406 352 404 353
413 352 411 353
417 352 414 353
418 352 416 353
420 352 418 353
422 352 419 353
424 352 421 353
426 352 423 353
399 354 396 354
401 354 399 355
399 355 397 356
401 355 399 356
410 355 408 356
411 355 410 356
399 357 397 358
401 357 399 358
403 357 401 358
406 357 405 358
408 357 406 358
410 357 408 358
411 357 410 358
413 357 412 358
