417 303 392 295
418 303 394 295
440 304 428 307
431 306 415 304
441 306 429 309
418 308 402 301
429 308 413 306
438 308 423 323
389 310 375 304
433 310 418 325
438 310 405 317
441 310 425 325
431 311 416 327
433 311 418 327
434 311 412 312
443 311 426 326
431 313 416 328
436 313 420 328
429 315 414 330
431 315 415 330
441 315 410 321
443 315 424 329
445 315 425 329
429 317 410 315
431 317 412 316
441 317 409 323
417 318 399 318
418 320 388 308
433 320 414 334
434 320 416 333
403 322 384 307
418 322 387 310
420 322 389 310
434 322 415 335
441 322 420 334
443 322 421 334
403 324 383 309
415 324 381 312
417 324 383 312
424 324 391 311
429 324 410 338
431 324 412 322
433 324 413 336
441 324 419 336
447 324 423 335
452 324 427 336
406 325 378 326
408 325 380 326
424 325 390 313
445 325 421 336
447 325 422 337
406 327 378 327
408 327 380 328
411 327 396 338
440 327 417 339
441 327 418 338
445 327 420 338
450 327 424 338
454 327 426 338
418 329 384 320
420 329 387 323
424 329 391 329
426 329 406 328
427 329 407 328
431 329 410 328
441 329 418 340
445 329 419 340
448 329 422 339
452 329 424 339
455 329 426 340
390 331 373 323
408 331 379 330
417 331 382 321
418 331 383 322
424 331 390 330
431 331 409 329
440 331 415 341
441 331 417 342
448 331 421 340
390 332 372 325
410 332 378 331
417 332 381 322
431 332 408 331
438 332 413 342
440 332 415 343
447 332 419 342
450 332 421 342
452 332 423 342
418 334 382 324
433 334 409 343
438 334 412 344
443 334 417 344
452 334 423 343
438 336 412 346
443 336 416 345
396 338 375 316
420 338 382 326
426 338 404 333
431 338 405 334
436 338 411 333
438 338 412 333
441 338 414 347
401 340 380 323
420 340 382 328
431 340 405 335
396 341 375 318
397 341 377 319
415 341 380 334
426 341 401 336
427 341 402 336
433 341 407 336
401 343 379 323
420 343 397 350
408 345 384 338
394 347 376 332
406 347 382 338
408 347 384 339
410 347 386 340
396 348 373 322
410 350 384 333
427 350 390 343
406 357 380 338
408 357 382 340
410 357 383 341
413 357 385 343
