433 310 418 325
431 311 416 327
433 311 418 327
431 313 416 328
436 313 420 328
429 315 414 330
431 315 415 330
433 320 414 334
434 320 416 333
434 322 415 335
441 322 420 334
443 322 421 334
429 324 410 338
433 324 413 336
441 324 419 336
445 325 421 336
411 327 396 338
440 327 417 339
441 327 418 338
445 327 420 338
441 329 418 340
445 329 419 340
448 329 422 339
390 331 373 323
440 331 415 341
441 331 417 342
448 331 421 340
390 332 372 325
438 332 413 342
440 332 415 343
447 332 419 342
433 334 409 343
438 334 412 344
443 334 417 344
438 336 412 346
420 343 397 350
