420 303 412 315
422 303 414 313
427 303 420 316
431 303 422 315
433 303 424 315
434 303 425 315
436 303 427 315
440 303 429 313
441 303 431 313
418 304 411 318
420 304 413 318
422 304 414 317
424 304 416 317
426 304 418 317
427 304 419 318
431 304 422 317
433 304 423 317
434 304 425 317
436 304 426 317
440 304 429 316
441 304 430 316
443 304 433 315
417 306 409 319
418 306 411 319
420 306 412 320
424 306 415 319
426 306 417 319
427 306 419 319
431 306 421 319
433 306 423 319
434 306 424 319
436 306 426 319
440 306 429 318
441 306 430 318
443 306 432 318
415 308 407 318
417 308 409 321
418 308 410 321
424 308 415 320
427 308 418 321
431 308 420 320
433 308 422 320
434 308 424 320
436 308 425 320
440 308 428 320
441 308 429 320
443 308 431 320
397 310 390 321
404 310 397 321
415 310 407 322
417 310 408 323
418 310 410 323
422 310 413 322
424 310 414 322
426 310 416 323
431 310 420 322
433 310 422 322
434 310 424 322
436 310 425 322
440 310 428 322
441 310 429 322
397 311 390 322
399 311 393 321
403 311 395 322
404 311 396 322
415 311 406 324
417 311 408 324
418 311 409 324
422 311 412 324
424 311 414 324
426 311 415 324
427 311 417 323
431 311 420 323
433 311 422 324
434 311 423 323
440 311 428 323
396 313 388 324
399 313 392 323
403 313 395 324
404 313 396 324
417 313 408 326
422 313 412 326
424 313 414 326
426 313 415 326
429 313 418 325
431 313 420 325
433 313 421 325
434 313 422 326
436 313 425 325
440 313 427 325
396 315 388 326
397 315 390 325
399 315 392 325
403 315 395 326
404 315 396 326
406 315 398 326
415 315 405 328
418 315 409 327
422 315 412 328
424 315 413 328
426 315 414 328
429 315 417 327
431 315 419 327
433 315 421 327
436 315 423 328
440 315 426 327
404 317 396 328
410 317 400 327
411 317 402 327
413 317 404 329
415 317 405 329
417 317 406 329
418 317 408 329
422 317 411 329
424 317 413 329
426 317 414 329
429 317 417 329
431 317 418 329
434 317 421 329
438 317 424 329
440 317 426 329
397 318 390 329
401 318 393 329
404 318 395 330
406 318 397 330
410 318 400 328
411 318 401 329
413 318 403 331
415 318 404 331
417 318 406 331
420 318 409 331
422 318 411 330
424 318 412 331
429 318 417 330
431 318 418 331
434 318 420 330
436 318 422 330
438 318 423 330
440 318 425 330
397 320 390 330
399 320 391 330
401 320 393 330
404 320 395 331
406 320 396 331
410 320 399 330
411 320 401 330
413 320 402 332
415 320 404 333
417 320 406 332
418 320 407 332
422 320 410 332
426 320 413 332
429 320 416 332
431 320 417 332
433 320 419 332
436 320 421 332
438 320 423 332
440 320 425 332
410 322 399 332
411 322 400 332
413 322 402 334
417 322 405 334
418 322 407 334
422 322 410 334
424 322 411 334
426 322 413 334
429 322 415 334
431 322 417 334
436 322 421 334
438 322 423 333
440 322 424 333
404 324 394 333
411 324 400 335
413 324 401 336
415 324 403 336
417 324 405 336
418 324 407 336
424 324 411 335
427 324 413 336
429 324 415 336
431 324 417 336
434 324 419 335
436 324 421 335
438 324 422 335
443 324 427 335
390 325 379 324
404 325 393 333
411 325 400 337
415 325 403 337
417 325 405 337
422 325 409 337
426 325 411 337
427 325 413 337
429 325 415 337
431 325 416 338
434 325 419 337
436 325 420 336
441 325 425 337
443 325 426 337
390 327 378 326
408 327 396 335
410 327 397 336
413 327 401 339
417 327 403 339
418 327 404 339
422 327 409 338
426 327 411 339
427 327 413 339
429 327 414 339
434 327 418 338
436 327 420 338
438 327 421 338
441 327 424 338
443 327 426 338
445 327 427 338
390 329 378 328
392 329 380 328
408 329 395 337
410 329 397 338
413 329 400 337
417 329 403 340
418 329 404 340
420 329 406 340
422 329 408 340
426 329 411 340
427 329 412 340
429 329 413 340
431 329 415 340
434 329 418 340
436 329 419 340
440 329 422 340
441 329 424 340
443 329 425 340
445 329 427 340
392 331 380 330
394 331 382 330
410 331 396 339
413 331 399 339
417 331 402 342
420 331 406 342
422 331 407 342
424 331 409 342
427 331 412 342
433 331 416 342
434 331 417 341
440 331 422 341
441 331 423 341
443 331 425 341
448 331 429 341
406 332 393 339
415 332 401 342
418 332 403 343
420 332 405 343
422 332 407 343
429 332 412 343
431 332 414 343
438 332 420 343
440 332 421 343
441 332 423 343
445 332 426 343
448 332 428 343
450 332 430 343
390 334 377 331
410 334 395 341
411 334 397 342
413 334 398 342
418 334 403 345
420 334 404 345
422 334 406 345
426 334 409 345
427 334 411 345
431 334 413 345
433 334 415 345
434 334 416 344
438 334 419 344
440 334 421 344
441 334 422 344
443 334 424 344
445 334 426 344
448 334 428 344
450 334 429 344
404 336 389 339
410 336 395 343
411 336 396 343
413 336 398 344
415 336 400 344
417 336 401 344
418 336 403 346
420 336 404 346
426 336 409 346
427 336 410 346
431 336 413 346
434 336 416 346
438 336 419 346
440 336 420 346
443 336 424 346
445 336 425 346
452 336 431 345
396 338 381 336
401 338 386 339
403 338 387 339
406 338 391 341
411 338 395 344
413 338 397 345
415 338 399 346
417 338 401 346
418 338 402 348
424 338 407 348
426 338 408 348
427 338 409 348
431 338 413 348
433 338 414 347
434 338 415 348
436 338 417 348
452 338 431 347
401 340 385 340
403 340 387 341
406 340 390 343
408 340 392 343
413 340 397 346
415 340 398 347
417 340 400 348
418 340 402 349
422 340 405 349
424 340 406 349
426 340 408 349
427 340 409 349
433 340 414 349
434 340 415 349
436 340 417 349
404 341 388 343
410 341 393 346
411 341 395 347
415 341 398 349
417 341 400 350
422 341 404 351
424 341 406 351
426 341 407 351
427 341 409 351
431 341 412 351
433 341 413 351
434 341 415 351
408 343 390 345
410 343 392 346
411 343 394 348
415 343 397 349
420 343 402 352
422 343 404 352
424 343 405 352
426 343 407 353
431 343 412 352
433 343 413 352
408 345 390 347
415 345 397 350
417 345 399 351
418 345 400 351
420 345 402 354
422 345 403 354
424 345 405 354
426 345 406 354
431 345 411 354
433 345 413 354
417 347 398 352
418 347 400 353
422 347 403 356
424 347 404 356
426 347 406 356
427 347 408 356
