418 303 411 311
422 303 415 311
424 303 417 311
426 303 418 312
429 303 421 311
433 303 425 311
434 303 427 311
436 303 428 310
438 303 430 310
440 303 432 310
441 303 433 309
418 304 411 313
420 304 413 313
422 304 415 313
424 304 417 313
426 304 418 313
429 304 421 313
431 304 423 313
434 304 427 313
436 304 428 313
438 304 430 313
440 304 432 313
441 304 433 313
443 304 434 311
445 304 437 312
417 306 409 315
418 306 411 315
420 306 413 315
422 306 414 315
426 306 418 315
429 306 421 315
431 306 423 315
433 306 424 315
434 306 426 315
436 306 428 315
438 306 430 315
440 306 431 315
441 306 433 315
443 306 435 315
415 308 408 317
417 308 409 317
418 308 411 317
420 308 412 316
422 308 414 317
426 308 418 316
429 308 421 317
431 308 423 317
433 308 424 317
434 308 426 317
436 308 428 316
438 308 430 317
440 308 431 317
441 308 433 317
443 308 434 317
396 310 388 316
397 310 390 316
415 310 406 318
417 310 409 318
418 310 410 319
420 310 412 318
422 310 414 318
427 310 419 319
429 310 421 319
431 310 423 318
433 310 424 319
434 310 426 319
438 310 429 319
440 310 431 319
441 310 432 319
443 310 434 319
397 311 390 317
401 311 394 317
403 311 395 320
404 311 396 320
415 311 406 320
417 311 409 320
418 311 410 320
420 311 412 320
422 311 414 320
426 311 417 319
427 311 419 320
429 311 420 320
431 311 422 320
433 311 424 320
434 311 425 320
436 311 427 320
438 311 429 320
440 311 431 320
441 311 432 320
443 311 434 320
445 311 436 320
394 313 387 321
396 313 389 321
399 313 392 320
403 313 395 322
404 313 396 322
415 313 406 321
417 313 409 322
418 313 410 322
420 313 412 322
422 313 414 322
426 313 417 322
429 313 420 322
431 313 422 322
433 313 424 322
436 313 427 322
438 313 429 322
440 313 430 322
441 313 432 322
443 313 434 322
445 313 436 322
406 315 398 323
415 315 406 323
418 315 410 324
420 315 412 324
422 315 414 324
424 315 416 324
427 315 418 324
429 315 420 324
431 315 422 324
433 315 423 324
434 315 425 324
436 315 427 324
438 315 428 324
440 315 430 324
441 315 432 324
443 315 434 324
445 315 436 324
447 315 438 324
394 317 386 324
397 317 389 324
399 317 392 324
403 317 394 324
404 317 396 324
406 317 398 324
408 317 399 324
411 317 403 324
413 317 405 325
415 317 406 325
417 317 408 325
418 317 410 326
420 317 411 326
422 317 413 325
426 317 417 326
427 317 418 325
429 317 420 326
431 317 421 326
433 317 423 326
434 317 425 325
436 317 427 325
438 317 428 326
440 317 430 326
441 317 432 325
443 317 434 325
445 317 435 325
447 317 437 326
448 317 439 326
389 318 380 321
394 318 386 325
396 318 388 325
397 318 389 325
399 318 392 326
403 318 394 326
404 318 396 326
406 318 397 326
408 318 399 326
411 318 402 327
413 318 404 327
415 318 406 327
417 318 408 327
418 318 410 327
422 318 413 327
426 318 416 327
427 318 418 327
429 318 420 327
431 318 421 328
433 318 423 327
434 318 425 327
436 318 426 327
438 318 428 327
440 318 430 327
441 318 431 327
443 318 433 327
445 318 435 327
447 318 437 327
389 320 380 322
390 320 382 323
392 320 383 323
394 320 386 327
396 320 388 327
397 320 390 327
401 320 393 327
403 320 394 327
406 320 397 328
408 320 399 328
410 320 401 328
411 320 402 329
413 320 404 329
415 320 406 329
417 320 408 329
418 320 409 329
422 320 412 329
424 320 414 329
426 320 416 329
427 320 418 329
429 320 419 329
431 320 421 329
434 320 424 329
436 320 426 329
438 320 428 329
440 320 430 329
441 320 431 329
443 320 433 329
447 320 436 329
448 320 438 329
450 320 440 329
390 322 381 324
392 322 383 324
396 322 388 329
397 322 390 329
401 322 392 329
403 322 394 329
404 322 395 329
406 322 397 330
408 322 399 330
410 322 401 330
411 322 402 331
413 322 404 331
415 322 406 331
418 322 409 331
420 322 411 331
422 322 412 331
424 322 414 331
426 322 416 331
427 322 417 331
429 322 419 331
431 322 421 331
433 322 423 331
434 322 424 331
436 322 426 331
438 322 428 331
440 322 429 331
441 322 431 331
443 322 433 331
447 322 436 331
448 322 437 331
390 324 381 326
392 324 383 326
396 324 387 328
404 324 395 331
406 324 397 331
408 324 399 332
410 324 401 332
411 324 402 332
413 324 404 332
417 324 407 333
418 324 408 333
420 324 410 332
422 324 412 332
424 324 414 333
426 324 415 333
427 324 417 333
429 324 419 333
431 324 421 333
433 324 423 332
434 324 424 333
436 324 426 333
438 324 427 333
440 324 429 333
441 324 431 333
445 324 434 332
447 324 436 332
389 325 379 327
390 325 381 328
392 325 383 328
397 325 388 330
399 325 390 331
401 325 391 331
403 325 393 331
406 325 397 333
408 325 398 333
410 325 400 333
413 325 403 334
417 325 407 334
418 325 408 334
420 325 410 334
422 325 412 334
424 325 413 334
426 325 415 334
427 325 417 334
429 325 419 335
433 325 422 334
434 325 424 334
436 325 425 334
438 325 427 334
441 325 430 334
443 325 432 334
445 325 434 334
389 327 379 329
390 327 381 329
392 327 383 330
394 327 385 330
396 327 386 331
397 327 388 332
399 327 390 332
401 327 391 332
403 327 393 333
404 327 395 333
408 327 398 334
410 327 400 335
413 327 403 335
417 327 406 336
418 327 408 336
420 327 410 336
422 327 411 336
424 327 413 336
426 327 415 336
427 327 417 336
429 327 419 336
431 327 420 336
433 327 422 336
434 327 424 336
436 327 425 336
438 327 427 336
441 327 430 336
443 327 432 336
445 327 434 336
447 327 435 336
389 329 379 330
390 329 381 331
392 329 383 331
394 329 385 332
396 329 386 332
399 329 390 334
401 329 391 334
403 329 393 335
404 329 395 335
406 329 396 335
413 329 403 337
415 329 404 337
417 329 406 338
418 329 408 338
420 329 410 338
422 329 411 338
424 329 413 338
426 329 415 338
427 329 416 338
431 329 420 338
433 329 422 338
434 329 423 338
436 329 425 338
440 329 428 338
441 329 430 338
443 329 432 338
445 329 433 338
447 329 435 338
392 331 382 333
396 331 386 334
403 331 393 336
404 331 394 336
406 331 396 337
408 331 398 337
417 331 406 339
418 331 408 339
420 331 409 340
422 331 411 339
424 331 413 339
429 331 418 339
431 331 420 339
433 331 421 339
434 331 423 339
436 331 425 340
440 331 428 339
441 331 430 339
443 331 431 340
445 331 433 339
390 332 378 333
396 332 386 336
397 332 387 336
399 332 389 336
401 332 391 337
404 332 394 338
406 332 396 338
408 332 398 339
410 332 399 339
413 332 402 339
415 332 404 340
417 332 406 341
418 332 407 341
420 332 409 341
422 332 411 341
426 332 415 341
427 332 416 341
429 332 418 341
431 332 420 341
433 332 421 341
434 332 423 341
438 332 426 341
440 332 428 341
441 332 429 341
443 332 431 341
447 332 435 340
390 334 378 335
392 334 382 336
394 334 384 336
397 334 387 337
399 334 389 338
401 334 391 338
403 334 392 338
406 334 396 340
408 334 398 341
413 334 402 341
415 334 404 342
418 334 407 343
420 334 409 343
422 334 411 343
424 334 413 342
426 334 414 342
427 334 416 343
429 334 418 343
431 334 419 343
433 334 421 343
436 334 424 342
438 334 426 342
440 334 428 343
441 334 429 343
443 334 431 343
445 334 433 342
392 336 380 337
394 336 383 337
396 336 385 338
397 336 387 339
399 336 389 340
401 336 390 340
403 336 392 340
404 336 394 341
408 336 397 342
410 336 399 342
411 336 400 343
413 336 402 343
415 336 403 343
417 336 405 343
424 336 412 344
426 336 414 344
427 336 416 344
429 336 417 344
431 336 419 344
433 336 421 344
436 336 424 344
438 336 426 344
440 336 427 344
441 336 429 344
392 338 381 339
394 338 383 339
396 338 385 340
401 338 390 341
403 338 392 342
404 338 394 343
411 338 400 344
413 338 402 344
415 338 403 344
417 338 405 345
418 338 406 345
420 338 408 346
422 338 410 346
424 338 412 346
426 338 414 346
427 338 415 346
429 338 417 346
431 338 419 346
433 338 421 346
436 338 424 346
438 338 425 346
392 340 382 341
394 340 383 341
396 340 385 341
397 340 387 342
399 340 388 342
401 340 390 343
403 340 392 344
404 340 393 344
411 340 400 346
413 340 401 346
415 340 403 346
417 340 405 347
418 340 407 347
420 340 408 348
422 340 410 348
424 340 412 348
426 340 414 348
427 340 415 348
429 340 417 348
431 340 419 348
438 340 425 348
440 340 428 347
394 341 383 342
396 341 385 343
397 341 387 343
399 341 388 344
403 341 392 345
404 341 393 346
408 341 396 346
410 341 398 347
413 341 401 348
415 341 403 348
417 341 405 348
418 341 407 349
420 341 408 350
422 341 410 350
424 341 412 349
426 341 413 350
427 341 415 349
429 341 417 349
394 343 383 344
396 343 385 344
397 343 387 345
399 343 388 345
401 343 390 346
404 343 393 347
408 343 396 348
410 343 398 348
411 343 400 349
415 343 403 350
417 343 405 350
418 343 406 351
420 343 408 351
422 343 410 351
424 343 412 351
426 343 413 351
427 343 415 351
396 345 385 346
397 345 386 346
399 345 388 347
403 345 391 347
408 345 396 349
410 345 398 350
411 345 399 350
413 345 401 351
417 345 405 352
418 345 406 352
420 345 408 353
422 345 409 353
424 345 411 353
426 345 413 353
399 347 388 348
401 347 390 349
403 347 391 349
408 347 396 351
410 347 398 351
411 347 399 352
413 347 401 352
415 347 403 353
418 347 406 354
420 347 407 354
422 347 409 354
424 347 411 355
403 348 391 350
410 348 397 353
411 348 399 353
413 348 401 354
415 348 403 354
417 348 404 354
418 348 406 355
397 350 386 351
408 350 396 354
413 350 402 355
