410 315 411 314
411 315 412 314
413 315 414 314
414 315 415 315
415 315 416 315
417 315 417 315
421 315 421 315
423 315 423 315
425 315 424 315
426 315 426 315
427 315 427 315
429 315 429 314
430 315 430 314
434 315 434 315
418 316 418 316
419 316 419 316
421 316 421 316
422 316 422 316
423 316 423 316
425 316 424 316
426 316 426 316
427 316 427 316
429 316 428 316
430 316 430 316
434 316 434 316
435 316 435 316
409 317 409 318
410 317 411 317
411 317 412 317
415 317 415 318
417 317 417 318
418 317 418 317
419 317 419 317
421 317 421 317
422 317 422 317
423 317 423 317
425 317 425 317
426 317 426 317
431 317 431 317
434 317 434 317
435 317 435 317
436 317 436 317
411 319 411 319
413 319 413 319
417 319 417 319
418 319 418 318
419 319 419 318
421 319 421 318
422 319 422 318
423 319 423 319
425 319 424 319
427 319 427 319
429 319 429 319
431 319 431 319
432 319 432 318
434 319 434 318
435 319 435 318
436 319 436 318
410 320 410 320
411 320 411 320
413 320 413 320
415 320 415 320
419 320 419 320
421 320 421 320
422 320 422 320
423 320 423 320
425 320 425 320
430 320 429 321
431 320 430 321
435 320 435 320
436 320 436 320
407 321 407 322
409 321 409 322
411 321 411 321
413 321 413 321
414 321 414 321
417 321 417 321
418 321 418 321
419 321 419 321
421 321 421 321
422 321 422 321
423 321 423 321
425 321 425 321
429 321 428 322
430 321 429 322
431 321 430 322
434 321 434 320
436 321 436 321
407 322 407 323
410 322 410 323
411 322 411 323
413 322 413 323
417 322 417 323
418 322 418 322
422 322 422 322
423 322 423 322
427 322 427 323
430 322 429 323
432 322 433 322
434 322 434 322
406 324 406 325
407 324 407 324
409 324 409 324
410 324 410 324
411 324 411 324
413 324 413 324
414 324 414 324
417 324 417 324
419 324 419 324
421 324 421 324
422 324 422 324
423 324 423 324
425 324 424 324
426 324 426 324
427 324 427 324
431 324 431 324
432 324 432 323
435 324 435 323
436 324 436 323
406 325 406 325
407 325 407 325
409 325 409 325
410 325 410 325
411 325 411 325
413 325 413 325
414 325 414 325
415 325 415 325
417 325 417 325
418 325 418 325
419 325 419 325
421 325 421 325
422 325 422 325
425 325 424 325
427 325 427 325
435 325 435 324
436 325 437 324
406 326 406 327
410 326 410 326
411 326 411 327
413 326 413 327
414 326 414 327
415 326 415 327
417 326 417 326
418 326 418 326
422 326 423 326
425 326 424 326
426 326 426 326
431 326 432 327
434 326 434 326
435 326 435 327
405 328 404 329
406 328 406 328
407 328 407 328
409 328 409 328
410 328 410 328
411 328 411 328
413 328 413 328
414 328 414 328
415 328 415 328
417 328 417 328
418 328 418 328
419 328 419 328
421 328 422 327
427 328 427 327
432 328 433 328
434 328 434 328
435 328 435 328
436 328 437 328
392 329 393 330
394 329 394 330
396 329 396 330
397 329 397 330
398 329 398 330
401 329 401 330
402 329 402 330
403 329 403 330
406 329 406 329
407 329 407 329
409 329 409 329
410 329 410 329
411 329 411 329
413 329 413 329
414 329 414 329
415 329 415 329
417 329 417 329
418 329 418 329
419 329 419 329
421 329 422 328
422 329 423 328
423 329 423 329
425 329 424 329
426 329 425 329
427 329 427 330
431 329 432 330
432 329 433 329
434 329 434 329
435 329 435 329
436 329 437 329
393 330 393 331
394 330 394 331
397 330 397 331
398 330 398 331
399 330 400 331
401 330 401 331
402 330 402 331
403 330 403 330
405 330 405 330
406 330 406 330
407 330 407 330
409 330 409 330
410 330 410 330
411 330 411 330
413 330 413 330
414 330 414 330
415 330 415 330
417 330 417 330
418 330 418 330
419 330 419 330
421 330 420 330
422 330 421 330
423 330 423 330
425 330 424 330
426 330 426 331
427 330 427 331
434 330 434 330
393 332 393 332
394 332 394 332
396 332 395 332
397 332 397 332
398 332 398 332
399 332 399 332
401 332 401 332
402 332 402 332
403 332 403 332
405 332 405 332
406 332 406 332
407 332 407 332
409 332 409 332
410 332 410 332
411 332 411 332
413 332 413 332
414 332 414 332
415 332 415 332
417 332 416 332
418 332 418 332
419 332 419 332
421 332 420 332
422 332 421 332
423 332 423 332
425 332 424 332
426 332 426 332
427 332 426 332
429 332 429 332
432 332 432 331
435 332 435 331
436 332 436 331
392 333 393 334
394 333 394 333
396 333 395 333
398 333 398 333
399 333 399 333
401 333 401 333
402 333 402 333
403 333 403 333
405 333 405 333
406 333 406 333
407 333 407 333
409 333 409 333
410 333 410 333
411 333 411 333
413 333 413 333
414 333 414 333
415 333 415 333
417 333 417 333
418 333 418 333
419 333 419 333
421 333 420 333
422 333 421 333
423 333 423 333
426 333 426 333
427 333 427 333
429 333 429 334
432 333 432 333
434 333 434 332
435 333 435 332
436 333 436 332
393 334 393 335
394 334 394 335
396 334 395 335
397 334 397 335
398 334 398 335
399 334 399 335
401 334 401 335
402 334 402 335
403 334 403 334
405 334 405 334
406 334 406 334
407 334 407 334
409 334 409 334
410 334 410 334
411 334 411 334
413 334 413 334
414 334 414 334
415 334 415 334
417 334 417 334
418 334 418 334
419 334 419 334
421 334 421 334
422 334 422 334
423 334 423 334
425 334 424 333
429 334 429 335
431 334 431 333
432 334 432 335
394 336 394 336
396 336 395 336
397 336 397 336
399 336 399 336
401 336 401 336
402 336 402 336
403 336 403 336
405 336 405 336
406 336 406 336
407 336 407 336
409 336 409 336
410 336 410 336
411 336 411 336
413 336 413 336
414 336 414 336
415 336 415 336
417 336 417 336
418 336 418 336
419 336 419 336
421 336 421 336
422 336 421 336
425 336 424 335
426 336 426 335
427 336 427 335
429 336 428 336
430 336 429 336
432 336 432 336
392 337 393 338
394 337 394 337
396 337 395 337
397 337 397 337
398 337 398 337
399 337 399 337
401 337 401 338
402 337 402 337
403 337 404 337
405 337 405 337
406 337 406 337
407 337 407 337
409 337 408 337
410 337 410 337
411 337 411 337
413 337 413 337
414 337 414 337
415 337 415 337
417 337 417 337
418 337 418 337
419 337 419 337
421 337 420 337
422 337 421 337
423 337 423 337
425 337 424 337
426 337 426 336
429 337 428 337
430 337 429 337
432 337 432 336
392 338 393 339
394 338 394 338
397 338 397 338
398 338 398 338
399 338 399 339
401 338 401 339
402 338 402 338
403 338 403 338
405 338 405 338
406 338 406 338
407 338 407 338
409 338 409 338
410 338 410 338
411 338 411 338
413 338 413 338
414 338 414 338
415 338 415 338
417 338 416 338
418 338 418 338
419 338 419 338
421 338 420 338
422 338 422 338
423 338 422 338
425 338 424 338
426 338 426 338
427 338 427 337
430 338 429 339
431 338 430 338
432 338 432 337
392 340 393 340
394 340 394 340
396 340 395 340
397 340 397 340
398 340 398 340
399 340 399 340
401 340 401 340
402 340 402 340
403 340 403 340
405 340 405 340
406 340 406 340
407 340 407 340
409 340 409 340
410 340 410 340
411 340 411 340
413 340 413 340
414 340 414 340
415 340 415 340
417 340 417 340
418 340 418 340
419 340 419 340
421 340 420 340
422 340 421 340
423 340 422 340
426 340 426 339
427 340 427 339
393 341 393 341
394 341 394 341
396 341 396 341
398 341 398 341
399 341 399 341
401 341 401 341
402 341 402 341
403 341 403 341
405 341 405 341
406 341 406 341
407 341 407 341
409 341 409 341
410 341 410 341
411 341 411 341
413 341 413 341
414 341 414 341
415 341 415 341
417 341 416 341
418 341 417 341
419 341 419 341
421 341 420 341
422 341 421 341
425 341 425 340
426 341 426 340
427 341 427 340
393 342 393 342
394 342 394 342
396 342 396 342
399 342 399 343
401 342 401 342
402 342 402 342
403 342 403 342
405 342 405 342
406 342 406 342
407 342 407 342
409 342 409 342
410 342 410 342
411 342 411 342
413 342 413 342
414 342 414 342
418 342 417 342
419 342 418 342
421 342 420 342
422 342 421 342
423 342 423 341
425 342 423 342
426 342 425 342
393 344 393 344
394 344 394 344
397 344 397 343
398 344 398 343
401 344 401 344
402 344 402 344
403 344 403 344
405 344 405 344
406 344 406 344
407 344 407 344
409 344 409 343
410 344 410 344
411 344 411 344
413 344 413 344
414 344 414 344
415 344 415 343
417 344 417 343
418 344 417 344
419 344 418 344
421 344 420 344
422 344 421 344
423 344 422 344
393 345 393 345
394 345 394 345
396 345 395 345
397 345 397 344
398 345 398 344
399 345 399 344
401 345 401 345
402 345 402 345
403 345 403 345
405 345 405 345
406 345 406 345
407 345 407 345
409 345 409 345
410 345 410 345
411 345 411 345
413 345 412 345
414 345 414 345
415 345 415 345
417 345 416 345
418 345 417 345
419 345 418 345
421 345 420 345
422 345 421 345
393 346 393 346
394 346 394 346
396 346 395 346
397 346 397 345
398 346 398 345
399 346 399 345
401 346 401 346
402 346 402 346
403 346 403 346
405 346 405 346
406 346 406 346
407 346 407 346
409 346 408 346
410 346 410 346
411 346 411 346
413 346 412 346
414 346 413 346
415 346 415 346
417 346 416 346
418 346 417 346
419 346 418 346
394 348 394 347
396 348 395 347
397 348 397 347
398 348 398 347
399 348 399 347
401 348 401 347
402 348 402 347
403 348 403 348
405 348 405 347
406 348 406 347
407 348 407 347
409 348 408 348
410 348 409 348
411 348 411 348
413 348 412 348
414 348 413 348
396 349 396 348
397 349 397 349
398 349 398 349
399 349 399 349
401 349 401 349
402 349 402 349
403 349 403 349
405 349 405 349
406 349 406 349
407 349 407 349
409 349 408 349
410 349 409 349
411 349 411 349
414 349 413 349
415 349 414 349
397 350 397 350
398 350 398 350
399 350 399 350
401 350 401 350
402 350 402 350
403 350 403 350
405 350 405 350
406 350 406 350
407 350 407 350
409 350 408 350
410 350 409 350
413 350 411 350
414 350 413 350
