414 315 412 316
415 315 413 317
417 315 415 316
423 315 422 316
425 315 423 316
414 316 412 318
415 316 413 318
417 316 415 318
419 316 418 317
425 316 423 318
414 317 412 319
418 317 417 318
423 317 421 318
410 319 408 320
411 319 410 320
415 319 413 320
417 319 415 320
418 319 416 320
419 319 418 320
422 319 420 320
423 319 421 320
425 319 423 320
413 320 411 322
414 320 412 322
415 320 413 322
417 320 415 322
418 320 416 322
421 320 419 322
422 320 420 322
423 320 421 322
425 320 423 322
410 321 408 323
411 321 409 323
414 321 412 323
415 321 413 323
417 321 415 323
418 321 416 323
421 321 419 323
422 321 420 323
423 321 421 323
427 321 425 323
431 321 431 322
410 322 408 325
411 322 409 324
418 322 416 324
421 322 419 324
427 322 425 324
429 322 426 325
436 322 434 325
414 324 412 325
415 324 413 325
417 324 415 325
422 324 420 325
423 324 421 325
425 324 423 325
407 325 406 326
410 325 408 327
411 325 410 327
414 325 412 327
415 325 414 327
417 325 415 326
418 325 416 326
421 325 418 327
422 325 420 327
423 325 421 327
425 325 423 326
427 325 425 327
429 325 426 326
409 326 407 328
410 326 408 328
411 326 409 328
414 326 412 328
415 326 414 328
417 326 415 328
418 326 416 328
422 326 420 328
423 326 421 328
426 326 423 328
427 326 425 328
429 326 426 328
410 328 408 329
411 328 409 329
414 328 412 330
415 328 413 330
417 328 415 329
422 328 420 329
423 328 421 329
425 328 423 329
427 328 425 329
398 329 396 330
399 329 398 330
402 329 400 330
403 329 402 330
414 329 412 331
415 329 413 331
418 329 416 330
427 329 425 331
397 330 395 331
398 330 396 331
399 330 398 332
402 330 400 331
403 330 402 331
405 330 403 332
410 330 408 332
411 330 409 332
417 330 415 332
418 330 416 331
419 330 418 331
422 330 420 331
423 330 421 331
425 330 423 332
429 330 426 332
435 330 433 330
436 330 434 331
397 332 395 333
398 332 396 333
399 332 398 333
402 332 400 333
403 332 402 333
405 332 403 333
407 332 405 333
409 332 407 333
410 332 408 333
411 332 409 333
413 332 411 333
415 332 413 333
417 332 415 333
418 332 416 333
421 332 419 333
422 332 420 333
423 332 421 333
425 332 423 333
427 332 425 333
431 332 430 332
432 332 431 331
397 333 395 334
398 333 396 335
399 333 397 334
402 333 400 334
403 333 402 334
405 333 403 334
407 333 405 334
409 333 407 334
410 333 408 334
411 333 409 334
414 333 412 334
415 333 413 334
417 333 415 334
418 333 416 334
421 333 419 334
422 333 420 334
423 333 421 334
425 333 422 334
427 333 424 335
429 333 426 334
435 333 433 333
436 333 431 338
394 334 392 334
398 334 396 336
399 334 397 336
402 334 400 336
403 334 401 336
405 334 403 336
407 334 405 336
409 334 406 336
410 334 408 336
411 334 410 336
421 334 418 336
426 334 423 336
427 334 425 336
434 334 431 336
392 336 373 324
397 336 395 336
407 336 404 338
409 336 406 338
415 336 413 337
418 336 416 337
422 336 420 337
423 336 421 337
429 336 426 337
392 337 373 325
394 337 390 336
396 337 393 338
397 337 395 338
398 337 396 338
399 337 397 338
402 337 400 338
403 337 402 338
405 337 403 338
410 337 408 338
411 337 409 338
414 337 412 338
417 337 415 338
418 337 416 338
421 337 418 338
422 337 420 338
423 337 421 338
426 337 423 338
427 337 424 338
429 337 426 338
392 338 373 327
396 338 393 339
397 338 395 339
398 338 396 339
401 338 399 339
402 338 400 339
403 338 402 339
405 338 403 339
407 338 405 340
409 338 407 339
410 338 408 339
411 338 409 340
415 338 413 339
417 338 414 339
419 338 417 339
421 338 418 339
422 338 420 339
423 338 421 339
426 338 423 339
427 338 424 339
430 338 427 339
393 340 390 341
401 340 399 341
402 340 400 341
403 340 402 341
405 340 403 341
407 340 405 341
409 340 407 341
410 340 408 341
411 340 409 341
415 340 413 341
417 340 415 341
419 340 417 341
421 340 418 341
426 340 423 341
401 341 399 342
402 341 400 342
419 341 417 342
427 341 425 341
394 342 392 343
396 342 393 343
398 342 396 343
403 342 402 343
405 342 403 343
406 342 404 343
409 342 407 343
410 342 408 343
411 342 409 343
414 342 411 343
415 342 413 343
417 342 415 343
421 342 418 343
422 342 419 343
423 342 421 343
426 342 423 343
392 344 390 345
394 344 392 345
396 344 393 344
397 344 394 344
398 344 396 344
401 344 399 345
403 344 402 345
405 344 403 345
407 344 405 345
409 344 407 345
410 344 408 345
413 344 410 345
414 344 411 345
415 344 413 345
417 344 415 345
419 344 417 345
421 344 418 345
392 345 390 346
394 345 392 346
396 345 393 346
397 345 395 346
401 345 399 346
402 345 400 346
403 345 402 346
405 345 403 346
407 345 405 346
409 345 407 346
410 345 408 346
411 345 409 346
414 345 412 346
415 345 413 346
417 345 414 346
392 346 390 347
394 346 392 347
396 346 393 347
402 346 400 347
403 346 401 347
405 346 403 347
407 346 405 347
409 346 406 347
410 346 408 347
414 346 411 347
418 346 416 347
419 346 418 346
396 348 393 349
398 348 396 349
401 348 398 349
407 348 405 349
411 348 409 349
415 348 413 348
402 349 400 350
403 349 401 350
405 349 403 350
409 349 406 350
410 349 407 350
411 349 409 350
414 349 411 350
415 349 413 350
397 350 395 351
398 350 396 351
401 350 398 351
402 350 400 351
403 350 401 351
406 350 403 351
409 350 406 351
411 350 408 351
413 350 410 351
414 350 411 351
