422 308 422 308
423 308 423 308
425 308 425 308
426 308 426 308
420 309 420 309
422 309 422 309
423 309 423 309
417 311 417 311
418 311 418 311
420 311 420 311
422 311 422 311
423 311 423 311
425 311 425 311
426 311 426 311
428 311 428 311
414 313 414 313
415 313 415 313
417 313 417 313
418 313 419 313
420 313 420 313
422 313 422 313
423 313 423 313
425 313 425 313
426 313 426 313
428 313 428 313
414 314 414 314
415 314 415 314
417 314 417 314
418 314 418 314
420 314 420 314
422 314 422 314
426 314 426 314
423 316 423 316
425 316 425 316
409 317 409 317
417 317 417 317
418 317 418 317
420 317 420 317
422 317 422 317
423 317 423 317
411 319 411 319
412 319 412 319
415 319 415 319
417 319 417 319
418 319 418 319
420 319 420 319
422 319 422 319
423 319 423 319
406 320 404 321
411 320 411 320
415 320 415 320
417 320 417 320
418 320 418 320
420 320 420 320
422 320 422 320
423 320 423 320
433 320 433 321
411 322 411 322
414 322 414 322
415 322 415 322
417 322 417 322
418 322 418 322
420 322 420 322
422 322 422 322
425 322 425 322
426 322 426 322
408 324 407 324
409 324 409 323
414 324 414 323
415 324 415 323
417 324 417 323
418 324 419 324
420 324 420 324
422 324 422 324
423 324 423 323
425 324 425 324
426 324 426 324
434 324 434 323
379 325 380 325
381 325 381 323
404 325 404 325
408 325 407 325
409 325 409 325
411 325 411 325
414 325 414 325
415 325 415 325
417 325 417 325
418 325 418 325
420 325 420 325
422 325 422 325
425 325 425 325
426 325 426 325
378 327 377 325
379 327 380 326
381 327 381 326
398 327 398 326
401 327 401 327
403 327 403 327
404 327 404 327
408 327 407 327
409 327 409 327
411 327 411 327
412 327 412 327
415 327 415 327
417 327 417 327
418 327 418 327
420 327 420 327
422 327 422 327
423 327 423 327
425 327 425 327
426 327 426 327
379 328 379 328
381 328 381 328
397 328 397 328
398 328 398 328
400 328 400 328
403 328 403 328
404 328 404 328
406 328 406 328
409 328 409 328
411 328 411 328
412 328 412 328
414 328 414 328
415 328 415 328
417 328 417 328
418 328 418 328
420 328 420 328
422 328 421 328
423 328 423 328
425 328 425 328
426 328 426 328
378 330 378 330
379 330 379 330
381 330 381 330
395 330 395 330
397 330 397 330
398 330 398 330
400 330 400 330
401 330 401 330
403 330 403 330
404 330 404 330
406 330 406 330
408 330 408 330
411 330 411 330
412 330 412 330
414 330 414 330
415 330 415 330
417 330 417 330
418 330 418 330
420 330 420 330
422 330 421 330
423 330 423 330
425 330 425 330
426 330 426 330
378 331 378 331
387 331 387 331
394 331 394 331
395 331 395 331
397 331 397 331
398 331 398 331
400 331 400 331
401 331 401 331
403 331 403 331
404 331 404 331
406 331 406 331
408 331 408 331
411 331 411 331
412 331 412 331
414 331 414 331
415 331 415 331
417 331 417 331
418 331 418 331
420 331 420 331
422 331 421 331
423 331 423 331
425 331 425 331
426 331 426 331
428 331 428 331
381 333 381 333
389 333 389 333
390 333 390 333
392 333 392 333
394 333 394 333
395 333 395 333
397 333 397 333
398 333 398 333
400 333 400 333
401 333 401 333
403 333 403 333
404 333 404 333
406 333 406 333
409 333 409 333
411 333 411 333
412 333 412 333
414 333 414 333
415 333 415 333
417 333 417 333
418 333 418 333
420 333 420 333
422 333 422 333
423 333 423 333
425 333 425 333
426 333 426 333
428 333 428 333
429 333 430 333
378 334 378 335
384 334 384 334
387 334 387 334
389 334 389 334
390 334 390 334
392 334 392 334
394 334 394 334
395 334 395 335
397 334 396 334
398 334 398 334
400 334 400 334
401 334 401 335
403 334 403 334
404 334 404 334
406 334 406 334
408 334 408 334
411 334 411 334
412 334 412 335
414 334 414 334
415 334 415 334
417 334 417 334
418 334 418 334
420 334 420 334
422 334 422 334
423 334 423 334
425 334 425 334
426 334 426 335
434 334 435 333
378 336 378 336
379 336 379 336
383 336 382 336
384 336 384 336
389 336 389 336
390 336 390 336
392 336 392 336
394 336 394 336
398 336 398 336
400 336 400 336
401 336 401 336
403 336 403 336
404 336 404 336
406 336 406 336
408 336 408 336
411 336 411 336
412 336 412 336
414 336 414 336
415 336 415 336
417 336 417 336
418 336 418 336
420 336 420 336
422 336 422 336
423 336 423 336
425 336 425 336
426 336 426 336
429 336 430 336
431 336 431 337
383 338 382 338
384 338 384 338
386 338 386 338
389 338 389 338
390 338 390 338
392 338 392 338
394 338 394 338
395 338 395 336
397 338 397 337
400 338 400 337
401 338 401 338
403 338 403 338
404 338 404 338
408 338 407 338
409 338 409 338
411 338 411 338
412 338 412 338
414 338 414 338
415 338 415 338
417 338 417 338
418 338 418 338
420 338 420 338
422 338 422 338
423 338 423 338
425 338 425 338
426 338 426 338
429 338 430 338
384 339 384 339
387 339 387 339
389 339 389 339
390 339 390 339
392 339 392 339
398 339 398 338
400 339 400 339
401 339 401 339
403 339 403 339
404 339 404 339
406 339 406 339
411 339 410 339
412 339 412 339
414 339 414 339
415 339 415 339
417 339 417 339
418 339 419 339
420 339 420 339
422 339 422 339
423 339 423 339
425 339 425 339
426 339 426 339
428 339 428 339
429 339 429 339
387 341 387 341
389 341 389 341
390 341 390 341
392 341 392 341
397 341 397 340
398 341 398 341
400 341 400 341
401 341 401 341
403 341 403 341
411 341 410 341
414 341 414 341
415 341 415 341
417 341 417 341
418 341 419 341
422 341 422 341
423 341 423 341
425 341 425 341
426 341 426 341
389 342 389 342
390 342 390 342
392 342 392 342
394 342 393 342
395 342 395 341
397 342 397 342
398 342 398 342
400 342 400 342
401 342 401 342
404 342 404 342
406 342 406 342
412 342 412 342
417 342 417 342
422 342 422 342
423 342 423 342
387 344 387 344
395 344 395 344
398 344 398 344
403 344 403 344
404 344 404 344
406 344 406 344
411 344 411 344
412 344 412 345
415 344 415 344
418 344 418 344
420 344 420 344
389 345 389 345
390 345 390 345
392 345 392 345
394 345 394 346
395 345 395 346
397 345 397 346
400 345 400 345
401 345 401 345
403 345 403 345
404 345 404 345
406 345 406 345
414 345 414 345
415 345 415 345
417 345 417 345
418 345 418 345
390 347 390 347
392 347 392 347
394 347 394 348
398 347 398 347
400 347 400 347
401 347 401 347
403 347 403 347
404 347 404 347
406 347 406 347
408 347 408 347
414 347 414 347
415 347 415 347
417 347 417 347
394 348 394 349
398 348 398 348
400 348 400 348
401 348 401 348
403 348 403 348
404 348 404 348
406 348 406 348
409 348 409 348
411 348 411 349
414 348 414 348
415 348 415 348
417 348 417 348
398 350 398 350
400 350 400 350
401 350 401 350
403 350 403 350
404 350 404 350
406 350 406 350
408 350 408 350
409 350 409 350
411 350 411 350
