411 308 411 307
412 308 412 307
415 308 415 308
417 308 417 308
418 308 418 308
422 308 422 308
426 308 426 308
429 308 429 307
431 308 431 307
433 308 432 307
434 308 434 307
412 309 412 309
415 309 415 309
417 309 417 309
418 309 418 309
422 309 422 309
425 309 425 309
426 309 426 309
428 309 428 309
431 309 431 309
408 311 409 309
414 311 414 311
415 311 415 311
418 311 419 311
420 311 420 311
423 311 423 311
426 311 426 311
428 311 428 311
429 311 429 311
431 311 431 311
411 313 411 313
412 313 412 313
414 313 414 313
415 313 415 313
417 313 417 313
418 313 418 313
420 313 420 313
425 313 425 313
428 313 428 313
429 313 429 312
408 314 407 314
409 314 409 314
415 314 415 314
417 314 417 314
418 314 418 314
422 314 422 314
423 314 423 314
425 314 425 314
426 314 426 314
431 314 431 314
406 316 406 315
408 316 407 315
409 316 409 316
411 316 411 316
412 316 412 316
414 316 414 316
420 316 420 316
422 316 422 316
423 316 423 316
426 316 426 316
428 316 428 316
431 316 431 315
406 317 406 317
408 317 408 317
409 317 409 317
411 317 411 317
412 317 412 317
415 317 415 317
417 317 417 317
418 317 418 317
420 317 420 317
422 317 422 317
423 317 423 317
425 317 425 317
426 317 426 318
429 317 429 318
433 317 432 318
434 317 434 317
408 319 407 319
409 319 409 319
411 319 411 319
414 319 414 319
417 319 417 319
418 319 418 319
420 319 420 319
422 319 422 319
423 319 423 319
428 319 428 319
431 319 431 319
404 320 404 320
406 320 406 320
408 320 408 320
409 320 409 320
411 320 411 320
414 320 414 321
415 320 415 321
417 320 417 320
418 320 418 320
420 320 420 320
422 320 422 320
423 320 423 320
425 320 425 320
434 320 434 321
378 322 378 322
379 322 380 321
383 322 383 321
384 322 384 321
386 322 386 321
387 322 387 321
390 322 390 321
392 322 392 321
394 322 393 321
404 322 404 322
409 322 409 322
411 322 411 322
414 322 414 322
417 322 417 322
418 322 419 322
420 322 420 322
422 322 422 322
423 322 423 322
425 322 425 322
378 324 378 323
379 324 380 323
381 324 381 323
386 324 386 322
389 324 389 323
390 324 390 323
392 324 392 323
394 324 394 323
395 324 395 323
404 324 404 323
408 324 408 324
411 324 411 324
415 324 415 323
417 324 417 323
418 324 419 324
420 324 420 324
422 324 422 324
423 324 423 324
425 324 425 323
426 324 426 323
431 324 431 323
434 324 434 323
381 325 381 324
390 325 390 324
392 325 392 324
394 325 393 324
395 325 395 324
403 325 403 325
404 325 404 325
406 325 406 325
408 325 408 325
409 325 409 325
415 325 415 325
417 325 417 325
418 325 418 325
420 325 420 325
422 325 422 325
423 325 423 325
425 325 425 325
426 325 426 325
433 325 432 324
379 327 379 326
381 327 381 326
386 327 386 326
389 327 389 326
390 327 390 326
392 327 392 326
394 327 393 326
395 327 395 326
397 327 397 326
398 327 398 326
401 327 401 327
403 327 403 327
404 327 404 327
406 327 406 327
408 327 408 327
409 327 409 327
411 327 411 327
415 327 415 327
417 327 417 327
418 327 418 327
420 327 420 327
422 327 422 327
423 327 423 327
425 327 425 327
426 327 426 326
428 327 428 326
431 327 431 326
434 327 434 326
378 328 378 328
381 328 381 328
392 328 392 328
397 328 397 328
398 328 398 328
400 328 400 328
401 328 401 328
403 328 403 328
404 328 404 328
406 328 406 328
408 328 408 328
409 328 409 328
411 328 411 328
412 328 412 328
414 328 414 328
415 328 415 328
417 328 417 328
418 328 418 328
420 328 420 328
422 328 422 328
423 328 423 328
425 328 425 328
426 328 426 328
428 328 428 328
429 328 429 328
431 328 431 328
434 328 434 328
378 330 377 329
379 330 379 330
381 330 381 330
386 330 386 330
389 330 388 330
390 330 390 330
392 330 392 330
397 330 397 330
398 330 398 330
400 330 400 330
401 330 401 330
403 330 403 330
404 330 404 330
406 330 406 330
408 330 408 330
409 330 409 330
411 330 411 330
412 330 412 330
414 330 414 330
415 330 415 330
417 330 417 330
418 330 419 330
420 330 420 330
422 330 422 330
423 330 423 330
426 330 426 330
428 330 428 330
431 330 431 329
433 330 432 329
434 330 434 329
379 331 380 331
384 331 384 331
386 331 386 331
389 331 389 331
390 331 390 331
392 331 392 331
394 331 394 331
395 331 395 331
397 331 397 331
398 331 398 331
400 331 400 331
403 331 403 331
408 331 408 331
409 331 409 331
411 331 411 331
414 331 414 331
415 331 415 331
417 331 417 331
418 331 419 331
420 331 420 331
422 331 422 331
423 331 423 331
425 331 425 331
426 331 426 331
428 331 428 331
429 331 429 331
431 331 431 331
433 331 433 331
378 333 378 333
381 333 381 333
384 333 384 333
386 333 386 333
387 333 387 333
389 333 389 333
390 333 390 333
392 333 392 333
394 333 394 333
397 333 397 333
398 333 398 333
401 333 401 333
403 333 403 333
404 333 404 333
406 333 406 333
408 333 408 333
409 333 409 333
411 333 411 333
412 333 412 333
414 333 414 333
415 333 415 333
417 333 417 333
418 333 418 333
420 333 420 333
422 333 422 333
423 333 423 333
425 333 425 333
426 333 426 333
428 333 428 333
429 333 430 333
431 333 431 333
433 333 432 333
434 333 434 333
378 334 378 334
379 334 379 334
381 334 381 334
386 334 386 334
387 334 387 334
389 334 389 334
390 334 390 334
392 334 392 334
395 334 395 334
397 334 397 334
398 334 398 334
401 334 401 334
403 334 403 334
404 334 404 334
406 334 406 334
408 334 408 334
409 334 409 334
411 334 411 334
412 334 412 334
414 334 414 334
415 334 415 334
417 334 417 334
418 334 419 334
420 334 420 334
422 334 422 334
423 334 423 334
425 334 425 334
426 334 426 334
428 334 428 334
431 334 431 336
378 336 378 336
379 336 379 336
381 336 381 336
384 336 384 336
389 336 389 336
390 336 390 336
392 336 392 336
394 336 394 336
395 336 395 336
397 336 397 336
400 336 400 336
401 336 401 336
403 336 403 336
404 336 404 336
406 336 406 336
408 336 408 336
409 336 409 336
411 336 411 336
412 336 412 336
414 336 414 336
415 336 415 336
417 336 417 336
418 336 419 336
420 336 420 336
422 336 422 336
423 336 423 336
425 336 425 336
426 336 426 336
379 338 380 337
383 338 382 337
384 338 384 338
390 338 390 337
392 338 392 338
394 338 394 337
395 338 395 337
398 338 398 338
400 338 400 338
401 338 401 338
403 338 403 338
404 338 404 338
406 338 406 338
408 338 408 338
409 338 409 338
411 338 411 338
412 338 412 338
414 338 414 338
415 338 415 338
417 338 417 338
418 338 419 338
420 338 420 338
422 338 422 338
423 338 423 338
425 338 425 338
426 338 426 338
387 339 387 339
389 339 389 339
390 339 390 339
400 339 400 339
401 339 401 339
403 339 403 339
404 339 404 339
406 339 406 339
408 339 408 339
409 339 409 339
411 339 411 339
412 339 412 339
414 339 414 339
415 339 415 339
417 339 417 339
418 339 419 339
420 339 420 339
422 339 422 339
423 339 423 339
425 339 425 339
426 339 426 339
428 339 428 339
384 341 384 341
387 341 387 341
389 341 389 341
390 341 390 341
394 341 394 341
395 341 395 341
397 341 397 341
398 341 398 341
400 341 400 341
401 341 401 341
403 341 403 341
404 341 404 341
406 341 406 341
408 341 408 341
409 341 409 341
411 341 411 340
412 341 412 341
414 341 414 341
415 341 415 341
417 341 417 341
418 341 418 341
420 341 420 341
422 341 422 341
423 341 423 341
425 341 425 341
426 341 426 341
384 342 384 342
386 342 386 342
389 342 389 342
390 342 390 342
392 342 392 342
394 342 394 342
395 342 395 342
397 342 397 342
398 342 398 342
400 342 400 342
401 342 401 342
403 342 403 342
404 342 404 342
406 342 406 342
408 342 408 342
409 342 409 342
411 342 411 342
412 342 412 342
414 342 414 342
415 342 415 342
417 342 417 342
418 342 419 342
420 342 420 342
422 342 422 342
423 342 423 342
389 344 389 344
390 344 390 344
392 344 392 344
394 344 394 344
395 344 395 344
397 344 397 344
398 344 398 344
400 344 400 344
401 344 401 344
403 344 403 344
404 344 404 344
406 344 406 344
408 344 408 344
409 344 409 344
411 344 411 344
412 344 412 344
414 344 414 344
415 344 415 344
417 344 417 344
418 344 419 344
420 344 420 344
387 345 387 345
389 345 389 345
390 345 390 345
392 345 392 345
394 345 394 345
395 345 395 345
397 345 396 345
398 345 398 345
400 345 400 345
401 345 401 345
403 345 403 345
404 345 404 345
406 345 406 345
408 345 408 345
409 345 409 345
411 345 411 345
412 345 412 345
414 345 414 345
415 345 415 345
417 345 417 345
418 345 419 345
390 347 390 347
392 347 392 347
394 347 394 347
395 347 395 346
397 347 396 347
400 347 400 347
401 347 401 347
403 347 403 347
404 347 404 347
406 347 406 347
408 347 408 347
409 347 409 347
411 347 411 347
412 347 412 347
414 347 414 347
415 347 415 347
417 347 418 346
392 348 392 348
394 348 393 348
395 348 395 348
397 348 396 348
398 348 398 349
400 348 400 348
401 348 401 348
403 348 403 348
404 348 404 348
406 348 406 348
408 348 408 349
409 348 409 348
411 348 411 349
412 348 412 348
414 348 414 348
415 348 415 348
395 350 395 350
397 350 397 350
398 350 398 350
400 350 400 350
401 350 401 350
403 350 403 350
404 350 404 350
406 350 406 350
408 350 408 350
409 350 409 350
411 350 411 350
412 350 412 350
