417 304 411 313
419 304 413 313
421 304 415 313
423 304 417 314
424 304 419 314
426 304 420 314
428 304 422 314
430 304 424 313
433 304 426 313
435 304 428 313
437 304 429 312
439 304 431 312
441 304 433 312
442 304 435 312
414 306 408 313
419 306 413 315
421 306 415 315
423 306 417 316
424 306 418 316
426 306 420 316
428 306 422 316
433 306 426 315
435 306 428 316
437 306 429 315
439 306 431 315
441 306 433 314
414 307 408 318
415 307 410 317
419 307 413 317
421 307 414 317
423 307 416 318
424 307 418 317
426 307 419 317
428 307 421 317
430 307 423 317
433 307 426 317
435 307 428 317
437 307 429 317
439 307 431 317
441 307 433 316
442 307 434 316
392 309 388 319
394 309 389 319
396 309 391 319
397 309 393 319
412 309 406 318
414 309 408 319
415 309 409 319
419 309 412 319
421 309 414 319
423 309 416 319
424 309 417 319
426 309 419 319
428 309 421 319
430 309 423 319
433 309 426 319
435 309 427 319
437 309 429 319
439 309 431 319
441 309 432 320
442 309 434 318
444 309 436 318
390 311 385 319
392 311 387 320
394 311 389 321
396 311 391 321
399 311 395 320
403 311 397 320
412 311 406 320
414 311 407 321
419 311 412 321
421 311 414 321
423 311 416 321
424 311 417 321
426 311 419 321
428 311 420 321
430 311 422 321
433 311 425 321
435 311 427 321
437 311 429 321
439 311 430 321
441 311 432 321
442 311 434 320
444 311 436 321
397 313 393 322
399 313 394 321
403 313 396 322
412 313 406 322
417 313 410 323
419 313 412 323
421 313 414 323
423 313 415 323
424 313 417 323
426 313 418 323
428 313 420 323
430 313 422 323
433 313 425 323
435 313 427 323
437 313 429 323
439 313 430 323
441 313 432 323
442 313 433 323
444 313 435 322
446 313 437 322
392 315 387 323
394 315 389 323
396 315 391 323
397 315 392 323
399 315 394 323
412 315 405 324
414 315 407 324
417 315 410 325
419 315 412 325
421 315 413 325
423 315 415 325
424 315 416 325
426 315 418 325
430 315 421 325
433 315 425 325
435 315 426 325
437 315 428 325
439 315 430 325
441 315 431 325
442 315 433 325
444 315 435 326
446 315 437 324
392 316 386 324
394 316 388 324
396 316 390 325
397 316 392 325
399 316 394 325
401 316 395 325
403 316 397 326
412 316 405 326
414 316 407 326
417 316 409 326
419 316 411 326
421 316 413 326
423 316 414 326
424 316 416 327
426 316 418 326
432 316 422 326
433 316 424 326
435 316 425 326
437 316 427 326
439 316 429 326
441 316 431 327
442 316 432 327
444 316 435 328
446 316 436 328
385 318 379 321
387 318 381 323
392 318 386 326
394 318 388 326
396 318 390 326
397 318 392 326
399 318 393 327
408 318 400 325
410 318 403 328
412 318 405 328
414 318 406 328
417 318 409 328
419 318 411 328
421 318 412 328
423 318 414 328
424 318 416 328
430 318 421 328
432 318 422 328
433 318 424 328
435 318 425 328
437 318 427 328
439 318 429 328
442 318 432 329
444 318 434 329
446 318 436 330
394 320 388 328
396 320 390 328
397 320 391 328
405 320 397 328
406 320 398 328
415 320 407 330
417 320 409 330
419 320 411 330
421 320 412 330
423 320 414 330
424 320 415 330
426 320 418 329
430 320 420 330
432 320 422 330
433 320 423 330
435 320 425 330
437 320 427 330
439 320 428 330
399 322 393 329
405 322 397 330
406 322 398 330
412 322 404 331
415 322 407 331
417 322 409 332
419 322 410 332
421 322 412 332
423 322 413 332
428 322 418 331
430 322 420 331
432 322 421 332
433 322 423 332
435 322 424 332
437 322 426 332
441 322 429 332
442 322 431 332
444 322 433 332
446 322 434 332
387 324 379 323
390 324 383 325
401 324 393 330
403 324 395 331
406 324 398 333
408 324 399 331
410 324 401 332
415 324 407 333
417 324 408 333
419 324 410 333
421 324 411 333
423 324 413 333
426 324 416 333
428 324 417 333
430 324 419 333
432 324 421 333
433 324 423 333
435 324 424 333
437 324 426 333
442 324 431 333
444 324 432 333
446 324 434 333
448 324 436 334
387 325 379 325
392 325 384 327
394 325 386 327
397 325 389 330
401 325 393 332
403 325 394 332
405 325 396 333
410 325 401 334
414 325 404 335
415 325 406 335
417 325 408 335
419 325 410 335
421 325 411 335
423 325 413 335
426 325 415 335
428 325 417 335
430 325 419 334
432 325 421 335
433 325 422 335
435 325 424 335
441 325 429 335
442 325 430 335
444 325 432 335
446 325 433 335
448 325 435 335
387 327 379 326
392 327 383 327
394 327 385 329
396 327 387 330
405 327 396 334
414 327 404 337
415 327 405 337
417 327 407 336
419 327 409 336
421 327 411 336
423 327 412 337
428 327 417 337
430 327 419 337
432 327 420 337
433 327 422 337
435 327 424 337
439 327 427 337
441 327 428 336
442 327 430 336
444 327 432 336
446 327 433 336
448 327 435 337
451 327 438 337
387 329 378 328
388 329 380 328
392 329 383 329
396 329 387 332
408 329 398 335
414 329 404 338
415 329 405 338
417 329 407 338
419 329 409 338
421 329 410 338
426 329 415 338
428 329 417 339
430 329 418 338
432 329 420 338
433 329 421 338
435 329 423 338
439 329 426 338
441 329 428 338
442 329 430 338
444 329 431 338
446 329 433 338
448 329 435 338
390 331 381 330
396 331 387 334
406 331 396 337
408 331 398 338
410 331 400 337
412 331 402 339
414 331 403 340
415 331 405 340
417 331 407 340
419 331 409 340
421 331 410 340
426 331 415 340
428 331 416 340
430 331 418 340
432 331 420 340
433 331 421 340
439 331 426 340
441 331 428 340
442 331 429 340
444 331 431 340
446 331 432 340
451 331 437 340
453 331 439 339
387 333 378 330
401 333 390 336
406 333 396 339
408 333 398 339
410 333 399 339
414 333 403 342
415 333 405 342
417 333 406 342
419 333 408 342
423 333 411 342
426 333 414 342
428 333 416 342
430 333 417 342
432 333 419 342
437 333 424 342
439 333 426 342
441 333 427 342
442 333 429 342
444 333 430 342
451 333 437 341
453 333 439 341
390 334 380 332
401 334 390 338
403 334 392 339
406 334 396 340
408 334 397 341
410 334 399 341
412 334 401 341
414 334 403 343
415 334 404 343
417 334 406 343
424 334 412 343
426 334 414 343
428 334 416 343
430 334 417 343
435 334 422 343
437 334 424 343
439 334 425 343
441 334 427 343
442 334 428 343
444 334 430 343
450 334 435 343
451 334 437 343
453 334 438 343
390 336 379 334
394 336 383 335
399 336 388 339
401 336 390 339
403 336 392 340
405 336 394 340
406 336 396 342
408 336 397 342
410 336 399 343
412 336 401 343
417 336 405 345
419 336 407 345
423 336 410 345
424 336 412 345
426 336 413 345
428 336 415 345
430 336 417 345
433 336 420 345
435 336 421 345
437 336 423 345
439 336 425 345
441 336 427 345
442 336 428 345
446 336 432 344
450 336 434 345
451 336 436 345
453 336 438 345
392 338 381 336
394 338 383 337
396 338 384 337
397 338 386 339
401 338 390 341
403 338 392 342
405 338 393 342
408 338 397 344
410 338 398 344
412 338 400 344
415 338 403 345
417 338 405 346
419 338 407 347
423 338 410 347
424 338 412 347
426 338 413 347
428 338 415 347
430 338 417 347
433 338 419 346
435 338 421 346
437 338 423 347
439 338 425 347
441 338 426 347
442 338 428 347
450 338 434 347
453 338 437 347
392 340 380 338
394 340 382 339
396 340 384 339
403 340 391 343
405 340 393 343
406 340 395 344
415 340 403 347
419 340 406 348
421 340 408 349
423 340 410 349
424 340 411 349
426 340 413 349
428 340 415 349
432 340 418 348
435 340 421 348
439 340 424 349
448 340 432 348
450 340 434 348
394 342 382 340
396 342 384 341
397 342 385 341
399 342 387 343
401 342 389 344
405 342 392 345
406 342 394 345
408 342 396 346
410 342 398 347
412 342 399 347
415 342 403 349
419 342 406 350
421 342 408 350
423 342 409 350
424 342 411 350
426 342 413 350
430 342 416 350
432 342 418 350
433 342 420 350
435 342 422 350
439 342 424 351
441 342 426 351
399 343 387 345
401 343 389 345
403 343 391 346
408 343 395 347
410 343 397 348
414 343 401 349
415 343 402 349
417 343 404 351
419 343 406 352
421 343 407 352
423 343 409 352
424 343 411 352
426 343 412 352
428 343 414 351
430 343 416 352
432 343 418 352
433 343 420 352
435 343 422 352
437 343 424 352
448 343 435 352
403 345 390 347
406 345 393 348
408 345 395 348
412 345 398 350
414 345 400 350
415 345 402 351
417 345 403 353
419 345 405 353
421 345 407 353
423 345 409 353
424 345 410 353
426 345 412 353
428 345 414 354
430 345 416 354
432 345 418 354
439 345 435 350
397 347 384 345
399 347 386 345
403 347 390 349
408 347 395 350
410 347 396 350
414 347 400 352
415 347 401 352
417 347 403 355
419 347 405 355
421 347 407 355
423 347 408 355
424 347 410 355
426 347 412 356
428 347 413 356
437 347 431 352
397 349 384 346
399 349 385 347
401 349 387 347
408 349 394 351
410 349 396 352
415 349 401 354
417 349 403 356
419 349 405 357
421 349 406 357
423 349 408 357
424 349 410 357
437 349 425 356
397 351 384 348
401 351 387 349
423 351 408 359
417 352 402 359
419 352 404 359
421 352 406 359
432 352 427 357
397 354 397 356
