415 304 413 305
417 304 415 305
419 304 417 305
421 304 419 305
423 304 421 305
424 304 423 305
426 304 424 305
428 304 426 305
430 304 428 305
432 304 430 305
433 304 432 305
435 304 433 305
437 304 435 305
439 304 437 305
414 306 412 306
415 306 414 306
417 306 415 306
419 306 417 306
421 306 419 306
423 306 421 307
424 306 423 307
426 306 424 307
428 306 426 307
430 306 428 307
432 306 430 307
433 306 432 307
435 306 433 306
437 306 435 306
439 306 437 307
414 307 412 308
415 307 414 308
417 307 415 308
419 307 417 308
421 307 419 308
423 307 421 308
424 307 423 308
426 307 424 308
428 307 426 308
430 307 428 308
432 307 430 308
433 307 432 308
435 307 433 308
437 307 435 308
439 307 437 308
390 309 389 310
392 309 390 310
394 309 392 310
396 309 394 310
399 309 397 310
401 309 399 310
403 309 401 310
412 309 410 310
414 309 412 310
415 309 414 310
417 309 415 310
419 309 417 310
421 309 419 310
423 309 421 310
424 309 422 310
426 309 424 310
428 309 426 310
430 309 428 310
432 309 430 310
433 309 432 310
435 309 433 310
437 309 435 310
439 309 437 310
441 309 439 310
444 309 443 310
390 311 388 312
392 311 390 312
394 311 392 311
399 311 397 312
401 311 399 312
403 311 401 312
412 311 410 312
414 311 412 312
415 311 413 312
417 311 415 312
419 311 417 312
421 311 419 312
423 311 421 312
424 311 422 312
426 311 424 312
428 311 426 312
430 311 428 312
432 311 430 312
433 311 432 312
435 311 434 312
437 311 435 312
439 311 437 312
441 311 439 312
442 311 441 312
444 311 443 312
387 313 385 313
394 313 392 314
396 313 394 314
397 313 395 314
399 313 397 314
401 313 399 314
403 313 401 314
412 313 410 314
414 313 412 314
415 313 413 314
417 313 415 314
419 313 417 314
421 313 419 313
423 313 421 314
424 313 423 314
426 313 424 314
428 313 426 314
430 313 428 314
432 313 430 314
433 313 432 314
435 313 434 314
437 313 436 314
439 313 437 314
441 313 439 314
444 313 442 314
385 315 384 315
387 315 385 315
388 315 387 315
396 315 394 316
397 315 396 316
399 315 397 316
401 315 399 315
403 315 401 315
412 315 410 316
414 315 412 316
415 315 413 315
417 315 415 316
419 315 417 316
421 315 419 315
423 315 421 315
424 315 423 315
426 315 424 315
428 315 426 316
430 315 428 316
432 315 430 316
433 315 432 316
435 315 433 316
437 315 436 316
439 315 438 316
441 315 439 316
442 315 440 315
444 315 442 316
446 315 444 315
385 316 383 317
388 316 387 317
392 316 390 317
394 316 392 317
399 316 397 317
401 316 399 317
403 316 401 317
412 316 410 317
414 316 412 317
415 316 413 317
417 316 415 317
419 316 417 317
421 316 419 317
423 316 421 317
426 316 424 317
428 316 426 317
430 316 428 317
432 316 430 318
433 316 431 317
435 316 433 318
437 316 436 317
439 316 437 317
441 316 439 317
442 316 440 318
444 316 442 317
385 318 383 319
387 318 385 319
390 318 388 319
394 318 392 319
397 318 396 319
399 318 397 319
401 318 399 319
410 318 408 319
412 318 410 319
414 318 412 319
415 318 413 319
417 318 415 319
419 318 417 319
421 318 419 319
423 318 421 319
424 318 423 319
428 318 426 319
430 318 428 319
432 318 430 319
433 318 432 319
435 318 433 319
437 318 435 319
439 318 437 319
441 318 439 319
442 318 441 319
444 318 442 319
446 318 444 319
385 320 383 321
387 320 385 320
390 320 388 321
392 320 390 321
394 320 392 321
396 320 394 321
397 320 396 321
399 320 397 321
401 320 399 321
403 320 401 321
405 320 403 321
408 320 406 320
410 320 408 321
412 320 410 321
414 320 412 321
415 320 413 321
417 320 415 321
419 320 417 321
421 320 419 321
423 320 421 321
424 320 423 321
426 320 425 320
428 320 426 321
430 320 428 321
432 320 430 321
433 320 432 321
435 320 433 321
437 320 435 321
439 320 437 321
441 320 439 321
442 320 440 321
444 320 442 321
446 320 444 321
448 320 446 321
385 322 383 323
387 322 385 323
388 322 386 322
392 322 390 323
394 322 392 322
396 322 394 322
397 322 395 323
399 322 397 323
401 322 399 323
403 322 401 323
405 322 403 323
408 322 406 323
410 322 408 323
412 322 410 323
414 322 412 323
415 322 414 323
417 322 415 323
419 322 417 323
421 322 419 322
423 322 421 322
424 322 423 323
426 322 425 323
428 322 426 323
430 322 428 323
432 322 430 323
433 322 432 323
435 322 433 323
437 322 435 323
439 322 437 323
441 322 439 323
442 322 440 323
444 322 442 323
446 322 444 322
448 322 446 322
450 322 448 322
385 324 384 325
387 324 385 324
388 324 387 324
390 324 388 324
392 324 390 324
394 324 392 324
396 324 394 324
397 324 396 324
399 324 397 325
401 324 399 325
403 324 401 325
405 324 403 324
406 324 404 324
408 324 406 324
412 324 410 325
414 324 412 325
415 324 413 325
417 324 415 325
419 324 417 324
421 324 420 324
423 324 421 324
424 324 423 325
426 324 424 325
428 324 426 325
430 324 428 325
433 324 431 325
435 324 433 325
437 324 435 325
439 324 437 325
441 324 439 325
442 324 440 325
444 324 442 324
446 324 444 324
448 324 446 324
450 324 448 324
451 324 450 324
385 325 384 326
387 325 385 326
388 325 387 326
390 325 388 326
394 325 392 326
396 325 394 326
397 325 396 326
399 325 397 326
401 325 399 326
403 325 401 326
405 325 403 326
412 325 410 326
414 325 412 326
415 325 414 326
417 325 415 326
419 325 417 326
421 325 419 326
423 325 421 326
424 325 422 326
426 325 424 326
428 325 426 326
430 325 428 326
432 325 430 326
433 325 431 326
435 325 433 326
437 325 435 326
439 325 437 326
441 325 439 326
442 325 441 326
444 325 442 326
446 325 444 326
448 325 446 326
450 325 448 326
451 325 450 326
453 325 451 325
385 327 383 328
387 327 385 328
388 327 387 328
390 327 388 328
394 327 392 328
396 327 394 328
397 327 395 328
399 327 397 328
401 327 399 328
403 327 401 328
405 327 403 328
406 327 404 328
408 327 406 328
414 327 412 328
415 327 414 328
417 327 416 328
419 327 417 328
421 327 419 328
423 327 421 328
424 327 422 328
426 327 424 328
428 327 426 328
430 327 428 328
432 327 430 328
433 327 431 328
435 327 433 328
437 327 435 328
439 327 437 328
441 327 439 328
442 327 441 328
444 327 442 328
446 327 444 328
448 327 446 328
450 327 448 328
451 327 450 328
453 327 451 328
385 329 383 330
387 329 385 330
388 329 387 330
390 329 389 330
392 329 390 330
396 329 394 330
397 329 395 330
399 329 397 330
401 329 399 330
403 329 401 330
405 329 403 330
406 329 404 330
408 329 406 330
410 329 408 330
412 329 410 330
414 329 412 330
415 329 414 330
417 329 415 330
419 329 417 330
421 329 419 330
423 329 420 330
424 329 422 330
426 329 424 330
428 329 426 330
430 329 428 330
432 329 430 330
433 329 431 330
435 329 433 330
437 329 435 330
439 329 437 330
441 329 439 330
442 329 441 330
444 329 442 330
446 329 444 330
448 329 446 330
451 329 449 330
453 329 451 330
387 331 385 332
388 331 387 332
390 331 389 332
392 331 390 332
394 331 392 332
396 331 394 332
397 331 396 332
399 331 397 332
401 331 399 332
403 331 401 332
405 331 403 332
406 331 404 332
408 331 406 332
410 331 408 332
412 331 410 332
414 331 412 332
415 331 413 332
417 331 415 332
419 331 417 332
421 331 419 332
423 331 421 332
424 331 422 332
426 331 424 332
428 331 426 332
430 331 428 332
432 331 430 332
435 331 433 332
437 331 435 332
439 331 437 332
441 331 439 332
442 331 440 332
444 331 442 332
446 331 444 332
448 331 446 332
450 331 448 332
451 331 449 332
453 331 451 332
387 333 385 333
388 333 387 333
390 333 388 334
392 333 390 334
394 333 392 334
396 333 394 334
397 333 396 333
399 333 397 333
401 333 399 333
403 333 401 334
405 333 403 334
406 333 405 334
408 333 406 334
410 333 408 333
412 333 410 334
415 333 413 334
417 333 415 334
419 333 417 334
421 333 419 334
423 333 421 334
424 333 422 334
426 333 424 334
428 333 426 334
430 333 428 333
433 333 431 334
435 333 433 334
437 333 435 334
439 333 437 334
441 333 439 334
442 333 440 334
444 333 442 334
446 333 444 334
450 333 448 334
451 333 450 334
453 333 451 334
387 334 386 335
388 334 387 335
390 334 389 335
392 334 390 335
394 334 392 335
396 334 394 335
397 334 396 335
399 334 397 335
401 334 399 335
403 334 401 335
405 334 403 335
406 334 404 335
408 334 406 335
410 334 408 335
412 334 410 335
414 334 412 335
415 334 413 335
417 334 415 335
419 334 417 335
421 334 419 335
423 334 421 335
424 334 422 335
426 334 424 335
428 334 426 335
430 334 428 335
432 334 430 335
433 334 431 335
435 334 433 335
437 334 435 335
439 334 437 335
441 334 439 335
442 334 440 335
444 334 442 335
446 334 444 335
448 334 446 335
450 334 448 335
451 334 450 335
453 334 451 335
387 336 386 337
388 336 387 337
390 336 389 337
392 336 390 337
394 336 392 337
396 336 394 337
397 336 395 337
399 336 397 337
401 336 399 337
403 336 401 337
405 336 403 337
406 336 404 337
408 336 406 337
410 336 408 337
412 336 410 337
414 336 412 337
417 336 415 337
419 336 417 337
421 336 419 337
423 336 421 337
424 336 422 337
426 336 424 337
428 336 426 337
430 336 428 337
432 336 430 337
433 336 431 337
435 336 433 337
437 336 435 337
439 336 437 337
441 336 439 337
442 336 441 337
444 336 442 337
446 336 444 337
448 336 446 337
450 336 448 337
451 336 450 337
453 336 451 337
387 338 387 339
390 338 389 339
392 338 390 339
394 338 392 339
396 338 394 339
397 338 395 339
399 338 397 339
401 338 399 339
403 338 401 339
405 338 403 339
406 338 404 339
408 338 406 339
410 338 408 339
412 338 410 339
414 338 412 339
415 338 413 339
417 338 415 339
419 338 417 339
421 338 419 339
423 338 420 339
424 338 422 339
426 338 424 339
428 338 426 339
430 338 428 339
432 338 430 339
433 338 431 339
435 338 433 339
437 338 435 339
439 338 437 339
441 338 439 339
442 338 441 339
444 338 442 339
446 338 444 339
448 338 446 339
450 338 448 339
451 338 450 339
453 338 451 339
387 340 387 340
390 340 389 340
392 340 390 341
394 340 392 341
396 340 394 341
397 340 395 340
399 340 397 341
401 340 399 341
403 340 401 341
405 340 403 341
406 340 404 341
408 340 406 341
410 340 408 341
412 340 410 341
414 340 411 341
415 340 413 341
417 340 415 340
419 340 417 341
421 340 419 341
423 340 421 341
424 340 422 341
426 340 424 341
428 340 426 341
430 340 428 341
432 340 430 341
433 340 432 341
435 340 433 341
437 340 435 341
439 340 437 341
441 340 439 341
442 340 441 341
444 340 443 341
446 340 445 341
448 340 447 340
451 340 450 341
453 340 451 341
387 342 387 342
390 342 389 342
392 342 390 342
394 342 392 342
396 342 394 342
397 342 395 342
399 342 397 342
401 342 399 342
403 342 401 343
405 342 403 343
406 342 404 342
408 342 406 342
410 342 408 343
412 342 410 343
414 342 412 343
415 342 413 343
417 342 415 342
419 342 417 342
421 342 419 343
423 342 421 343
424 342 422 343
426 342 424 343
428 342 426 343
430 342 428 343
432 342 430 342
433 342 432 343
435 342 433 343
437 342 435 343
439 342 437 343
442 342 441 343
446 342 444 342
448 342 446 342
392 343 391 344
394 343 392 344
396 343 394 344
397 343 395 344
399 343 397 344
401 343 399 344
403 343 401 344
405 343 403 344
406 343 404 344
408 343 406 344
410 343 408 344
412 343 410 344
414 343 412 344
415 343 413 344
417 343 415 344
419 343 417 344
421 343 419 344
423 343 421 344
424 343 422 344
426 343 424 344
428 343 426 344
430 343 428 344
432 343 430 344
433 343 431 344
435 343 433 344
437 343 435 344
439 343 437 344
396 345 394 346
397 345 395 346
399 345 397 346
401 345 399 346
403 345 401 346
405 345 403 346
406 345 404 346
408 345 406 346
410 345 408 346
412 345 410 346
414 345 412 346
415 345 413 346
417 345 415 346
421 345 419 346
423 345 421 346
424 345 422 346
426 345 424 346
428 345 426 346
430 345 428 346
432 345 430 346
433 345 431 346
435 345 435 345
437 345 437 345
439 345 438 345
441 345 440 345
442 345 442 345
396 347 394 348
397 347 396 348
399 347 397 348
401 347 399 348
403 347 401 348
405 347 403 348
406 347 404 348
408 347 406 348
410 347 408 348
412 347 410 348
414 347 412 348
419 347 417 348
421 347 419 348
423 347 421 348
424 347 422 348
426 347 424 348
428 347 426 348
430 347 428 348
432 347 430 348
433 347 431 348
435 347 435 347
437 347 437 347
439 347 439 347
441 347 440 347
442 347 442 347
396 349 394 350
397 349 396 350
399 349 397 350
401 349 399 349
405 349 402 350
406 349 404 350
408 349 406 350
410 349 408 350
412 349 410 350
414 349 412 350
415 349 413 350
417 349 415 350
419 349 417 350
421 349 419 350
423 349 421 350
424 349 422 350
426 349 424 350
428 349 426 350
430 349 428 350
432 349 429 350
433 349 432 349
439 349 437 349
396 351 394 352
397 351 396 352
401 351 399 352
403 351 401 352
405 351 403 352
406 351 405 352
408 351 407 352
410 351 409 351
414 351 412 352
415 351 413 352
417 351 415 352
419 351 417 352
421 351 419 351
423 351 421 352
424 351 422 352
426 351 424 351
428 351 426 351
432 351 429 351
435 351 435 350
396 352 394 353
397 352 396 353
399 352 398 353
401 352 399 353
403 352 401 353
408 352 405 353
415 352 413 353
417 352 415 353
419 352 417 353
421 352 419 353
433 352 433 351
396 354 394 355
397 354 396 355
399 354 398 355
401 354 399 355
403 354 401 355
396 356 394 357
397 356 395 357
399 356 397 357
405 356 403 357
408 356 405 357
410 356 409 356
412 356 411 357
396 358 394 359
397 358 396 359
399 358 398 359
401 358 400 359
403 358 401 359
405 358 403 359
406 358 405 359
408 358 407 359
410 358 408 359
