417 304 412 311
419 304 414 311
421 304 416 311
423 304 417 312
424 304 419 312
426 304 421 312
428 304 422 312
430 304 424 312
432 304 426 312
433 304 428 312
435 304 429 311
437 304 431 311
439 304 432 310
441 304 435 310
414 306 408 311
417 306 412 313
419 306 413 313
421 306 415 313
423 306 417 313
424 306 419 313
426 306 420 314
428 306 422 313
430 306 424 313
432 306 426 313
433 306 427 313
435 306 429 313
437 306 431 314
439 306 432 312
442 306 437 311
415 307 410 315
417 307 411 315
419 307 413 315
421 307 415 315
423 307 417 315
424 307 418 315
426 307 420 315
428 307 422 315
430 307 424 315
432 307 425 315
433 307 427 315
435 307 429 315
437 307 431 315
439 307 432 316
442 307 436 313
390 309 384 317
392 309 388 317
394 309 389 317
396 309 391 317
399 309 395 317
403 309 397 317
412 309 406 316
414 309 408 317
419 309 413 317
421 309 415 317
424 309 418 317
426 309 420 317
428 309 422 317
430 309 424 317
432 309 425 317
433 309 427 317
435 309 429 317
437 309 431 317
439 309 432 317
441 309 434 317
390 311 385 317
412 311 406 318
414 311 408 319
417 311 411 319
419 311 413 319
421 311 415 319
423 311 416 319
424 311 418 319
426 311 420 319
428 311 422 319
430 311 423 319
432 311 425 319
433 311 427 319
435 311 428 319
437 311 430 319
444 311 437 320
399 313 394 320
412 313 406 320
414 313 408 320
417 313 411 321
419 313 413 321
421 313 415 321
423 313 416 321
424 313 418 321
426 313 419 321
428 313 421 320
430 313 423 321
432 313 425 321
433 313 426 321
435 313 428 321
437 313 430 321
439 313 432 320
441 313 434 321
442 313 435 321
446 313 439 322
392 315 387 322
394 315 389 321
396 315 391 322
399 315 393 322
401 315 395 322
412 315 406 322
414 315 407 322
415 315 409 322
417 315 411 322
419 315 412 323
421 315 414 322
423 315 416 322
424 315 417 322
426 315 419 322
428 315 421 322
430 315 423 323
432 315 425 323
433 315 426 323
435 315 428 322
439 315 432 322
441 315 433 322
442 315 435 322
444 315 437 322
446 315 439 324
392 316 386 323
394 316 388 323
397 316 392 323
399 316 394 323
401 316 395 323
412 316 405 324
414 316 407 324
415 316 409 324
417 316 411 324
419 316 412 324
421 316 414 324
423 316 416 324
424 316 417 324
426 316 419 324
428 316 421 324
430 316 423 324
432 316 425 324
433 316 426 324
435 316 428 324
437 316 430 324
439 316 432 324
441 316 433 324
442 316 435 324
446 316 438 325
388 318 382 320
390 318 385 325
392 318 386 324
394 318 388 324
396 318 390 325
397 318 392 325
399 318 393 325
405 318 398 324
406 318 399 324
408 318 401 324
410 318 403 325
412 318 405 326
414 318 407 326
417 318 410 326
419 318 412 326
421 318 414 326
423 318 416 326
424 318 417 326
426 318 419 326
428 318 421 326
430 318 423 326
432 318 425 326
433 318 426 326
435 318 427 326
437 318 430 325
439 318 431 326
441 318 433 326
442 318 434 326
444 318 436 326
446 318 438 327
387 320 380 321
388 320 381 321
394 320 388 326
403 320 396 326
405 320 398 326
406 320 399 326
410 320 403 327
414 320 407 327
415 320 408 328
417 320 410 328
419 320 412 328
421 320 413 328
423 320 415 328
424 320 417 328
426 320 419 328
428 320 420 328
430 320 422 328
432 320 424 328
433 320 425 328
435 320 427 328
437 320 429 328
439 320 431 327
441 320 433 328
448 320 440 329
385 322 379 323
388 322 382 323
390 322 383 323
396 322 390 328
397 322 392 327
399 322 393 328
403 322 396 328
405 322 398 328
406 322 399 328
408 322 401 328
410 322 403 328
412 322 405 330
414 322 406 330
415 322 408 330
417 322 410 330
419 322 412 330
421 322 413 330
423 322 415 330
424 322 417 330
426 322 419 330
428 322 420 330
430 322 422 330
432 322 424 330
433 322 425 330
435 322 427 330
437 322 429 330
439 322 431 330
442 322 434 329
444 322 435 329
446 322 437 330
448 322 439 330
450 322 442 330
385 324 379 325
388 324 382 325
390 324 383 325
397 324 390 329
399 324 392 329
401 324 394 329
403 324 396 330
405 324 397 330
406 324 399 330
408 324 400 329
410 324 403 330
412 324 405 331
414 324 406 332
415 324 408 332
417 324 410 331
419 324 412 331
421 324 414 331
423 324 415 331
424 324 416 332
426 324 418 332
428 324 420 332
430 324 422 332
432 324 423 332
433 324 425 332
435 324 427 331
437 324 429 332
444 324 435 331
446 324 437 331
448 324 439 331
450 324 441 332
451 324 444 332
387 325 380 327
388 325 381 327
390 325 383 327
392 325 385 327
394 325 387 329
399 325 392 330
401 325 394 331
403 325 396 331
405 325 397 332
406 325 399 332
408 325 400 332
410 325 402 332
412 325 404 333
414 325 406 333
415 325 407 333
417 325 409 333
419 325 411 333
421 325 413 333
423 325 414 333
424 325 416 334
426 325 418 333
428 325 420 334
430 325 422 333
432 325 423 333
433 325 425 333
435 325 427 333
441 325 432 333
442 325 433 333
444 325 435 333
446 325 437 333
448 325 439 333
450 325 441 333
451 325 442 333
387 327 380 328
388 327 381 328
390 327 383 329
392 327 385 329
394 327 387 331
396 327 388 331
397 327 390 331
401 327 393 332
403 327 395 333
405 327 397 333
406 327 399 334
408 327 400 334
410 327 402 334
412 327 404 335
414 327 405 335
415 327 407 335
417 327 409 335
419 327 411 335
421 327 413 335
423 327 414 335
424 327 416 335
426 327 418 335
428 327 420 335
430 327 422 335
432 327 423 335
435 327 426 335
437 327 428 335
439 327 430 335
441 327 432 335
442 327 433 335
444 327 435 335
446 327 437 335
448 327 439 335
450 327 440 335
451 327 442 335
387 329 380 330
388 329 381 330
390 329 383 331
392 329 384 331
396 329 389 333
397 329 390 333
399 329 391 333
401 329 393 334
403 329 395 334
405 329 397 335
406 329 399 335
408 329 400 336
412 329 404 337
414 329 405 337
415 329 407 337
417 329 409 337
419 329 410 337
421 329 412 337
423 329 414 337
424 329 416 337
426 329 418 337
428 329 419 337
430 329 421 337
433 329 425 337
437 329 428 337
439 329 430 337
441 329 431 336
442 329 433 336
444 329 435 336
446 329 436 337
448 329 438 337
450 329 440 337
451 329 442 337
453 329 444 337
387 331 379 331
388 331 381 332
390 331 383 332
392 331 385 333
394 331 386 333
396 331 388 334
397 331 390 335
399 331 391 335
405 331 397 336
406 331 398 337
408 331 400 337
410 331 402 337
417 331 408 338
419 331 410 338
421 331 412 338
423 331 414 338
424 331 416 339
426 331 417 339
428 331 419 339
430 331 421 338
435 331 426 339
437 331 428 339
441 331 431 338
442 331 433 338
444 331 435 338
446 331 436 338
448 331 438 339
450 331 440 339
451 331 441 339
453 331 443 338
390 333 383 334
394 333 386 335
397 333 389 336
399 333 391 336
401 333 393 337
403 333 394 337
405 333 397 338
406 333 398 339
408 333 400 339
410 333 402 339
412 333 404 340
414 333 405 340
415 333 407 340
417 333 408 340
419 333 410 340
421 333 412 340
423 333 414 340
424 333 416 340
426 333 417 340
428 333 419 340
430 333 421 340
433 333 424 339
439 333 429 340
441 333 431 340
442 333 432 340
444 333 434 340
446 333 436 340
448 333 438 340
451 333 441 340
453 333 443 340
387 334 379 335
390 334 382 335
392 334 384 336
394 334 386 337
396 334 388 337
397 334 389 338
399 334 391 338
401 334 392 338
403 334 394 339
406 334 398 340
408 334 400 340
410 334 401 341
412 334 404 341
414 334 405 342
415 334 407 342
417 334 408 342
419 334 410 342
421 334 412 342
423 334 413 342
424 334 415 342
426 334 417 342
430 334 420 342
432 334 422 342
433 334 423 341
435 334 425 341
437 334 427 341
439 334 429 342
441 334 431 342
442 334 432 342
444 334 434 342
446 334 436 342
448 334 438 342
451 334 441 342
453 334 443 341
387 336 378 336
390 336 382 337
392 336 384 338
394 336 385 338
396 336 387 338
399 336 391 340
401 336 392 340
403 336 394 340
405 336 396 340
408 336 399 342
410 336 401 342
412 336 403 343
414 336 405 343
417 336 408 344
419 336 410 344
421 336 412 344
423 336 413 344
424 336 415 344
428 336 418 344
430 336 420 344
432 336 422 344
433 336 423 344
435 336 425 344
437 336 427 343
439 336 429 343
441 336 430 344
442 336 432 344
444 336 434 343
446 336 436 343
448 336 438 343
450 336 440 343
451 336 442 343
453 336 443 343
387 338 380 339
388 338 380 338
392 338 383 339
394 338 385 339
396 338 387 340
397 338 389 340
399 338 391 342
401 338 393 342
403 338 394 342
405 338 396 342
406 338 397 343
408 338 399 344
410 338 401 344
412 338 403 344
415 338 405 344
417 338 408 345
419 338 410 345
421 338 412 345
423 338 413 345
426 338 416 346
428 338 418 346
430 338 420 345
432 338 422 345
433 338 423 345
435 338 425 346
437 338 427 345
439 338 429 345
441 338 430 345
446 338 436 345
451 338 441 346
453 338 444 346
390 340 382 340
394 340 385 341
396 340 387 341
397 340 389 341
401 340 392 343
403 340 394 344
405 340 396 344
406 340 397 344
408 340 399 345
412 340 403 346
417 340 407 346
419 340 410 347
421 340 411 347
423 340 413 347
426 340 416 347
428 340 418 347
430 340 420 347
432 340 421 347
433 340 423 347
435 340 425 348
437 340 426 348
441 340 430 347
450 340 439 348
451 340 441 348
453 340 444 348
387 342 382 344
390 342 382 341
392 342 383 342
396 342 387 343
397 342 388 343
399 342 390 344
401 342 392 345
403 342 394 346
405 342 396 346
406 342 397 346
410 342 401 347
414 342 404 348
415 342 406 348
419 342 409 348
421 342 411 349
424 342 414 349
426 342 416 349
428 342 418 349
430 342 420 349
432 342 421 349
433 342 423 349
435 342 424 349
450 342 439 350
392 343 383 343
394 343 385 343
397 343 388 345
399 343 390 346
403 343 394 347
405 343 395 347
406 343 397 347
408 343 399 348
410 343 401 348
414 343 404 349
415 343 406 350
417 343 407 350
421 343 411 351
423 343 412 350
424 343 414 350
426 343 416 351
428 343 418 350
430 343 420 351
433 343 423 351
392 345 383 345
394 345 385 345
396 345 387 345
397 345 388 346
399 345 390 347
401 345 392 348
403 345 394 349
405 345 395 349
406 345 397 349
408 345 398 349
410 345 400 350
414 345 403 351
419 345 409 352
423 345 412 352
424 345 414 352
426 345 416 352
435 345 428 352
439 345 435 350
394 347 385 347
396 347 386 347
399 347 390 348
401 347 391 349
405 347 395 350
406 347 397 351
408 347 398 351
410 347 400 352
412 347 402 352
415 347 405 352
419 347 408 354
421 347 410 354
423 347 412 354
424 347 414 354
426 347 416 354
432 347 424 354
437 347 433 352
439 347 435 352
396 349 386 349
397 349 388 349
401 349 391 350
403 349 393 351
406 349 396 352
408 349 398 353
412 349 401 353
414 349 403 354
415 349 405 354
417 349 407 355
419 349 408 355
421 349 410 356
423 349 412 356
424 349 413 356
426 349 416 356
435 349 435 349
437 349 438 349
396 351 387 350
397 351 388 351
399 351 389 351
401 351 391 352
403 351 393 352
405 351 395 353
408 351 398 355
412 351 401 355
414 351 403 356
415 351 405 356
417 351 407 357
419 351 408 357
421 351 410 357
433 351 428 357
397 352 388 352
399 352 390 353
403 352 393 354
408 352 399 356
412 352 401 357
417 352 406 359
419 352 408 359
421 352 410 359
423 352 411 359
397 354 390 354
401 354 392 355
406 358 416 362
408 358 418 362
