415 304 392 295
439 304 430 307
424 306 409 303
428 307 414 304
433 309 421 324
437 309 424 323
439 309 425 324
414 311 383 304
415 311 385 304
432 311 419 326
437 311 423 325
412 313 387 298
414 313 382 305
432 313 412 312
437 313 422 327
441 313 424 326
442 313 426 326
424 315 393 304
441 315 424 327
442 315 425 328
430 316 412 314
435 316 404 322
437 316 420 314
439 316 422 328
441 316 423 329
442 316 425 329
410 318 377 305
412 318 379 305
428 318 411 316
435 318 403 323
437 318 420 316
439 318 421 330
441 318 423 331
442 318 424 317
414 320 385 307
435 320 418 317
437 320 419 317
439 320 421 318
441 320 422 319
442 320 424 319
444 320 424 332
415 322 383 311
432 322 414 334
433 322 416 335
435 322 417 334
437 322 417 321
442 322 423 333
444 322 424 333
415 324 387 310
417 324 388 311
424 324 393 311
426 324 411 321
428 324 412 321
432 324 414 336
442 324 422 335
444 324 423 335
446 324 426 334
385 325 373 318
387 325 376 321
414 325 382 313
415 325 384 313
428 325 411 323
441 325 420 336
442 325 421 336
385 327 373 319
412 327 380 314
414 327 382 315
415 327 384 315
437 327 417 338
441 327 419 337
446 327 423 337
414 329 381 317
437 329 416 339
441 329 419 339
450 329 424 338
453 329 427 338
414 331 382 320
423 331 405 328
426 331 408 328
428 331 409 328
432 331 412 328
435 331 415 324
446 331 422 339
451 331 425 340
453 331 426 340
387 333 373 324
417 333 383 323
421 333 389 331
435 333 414 326
439 333 416 342
441 333 417 342
444 333 420 340
448 333 422 341
451 333 424 341
387 334 372 326
430 334 409 345
439 334 415 343
441 334 403 337
444 334 419 342
448 334 421 342
428 336 406 346
439 336 414 345
441 336 402 339
446 336 409 338
417 338 382 326
433 338 411 332
435 338 412 332
392 340 373 316
394 340 375 317
397 340 379 321
399 340 381 323
430 340 406 334
433 340 410 334
435 340 411 333
394 342 375 319
399 342 380 324
428 342 405 350
430 342 406 336
433 342 410 335
450 342 414 349
390 343 384 341
415 343 395 348
417 343 397 349
397 345 377 336
406 345 385 337
408 345 387 338
423 345 383 330
405 347 383 338
406 347 385 339
