433 309 421 324
432 311 419 326
439 318 421 330
441 318 423 331
432 322 414 334
433 322 416 335
435 322 417 334
442 322 423 333
432 324 414 336
442 324 422 335
385 325 373 318
387 325 376 321
441 325 420 336
442 325 421 336
385 327 373 319
437 327 417 338
441 327 419 337
437 329 416 339
441 329 419 339
446 331 422 339
387 333 373 324
439 333 416 342
441 333 417 342
444 333 420 340
448 333 422 341
430 334 409 345
439 334 415 343
444 334 419 342
448 334 421 342
428 336 406 346
439 336 414 345
428 342 405 350
415 343 395 348
417 343 397 349
397 345 377 336
