415 304 410 314
426 304 420 317
428 304 421 317
430 304 422 317
432 304 424 317
433 304 425 317
437 304 428 314
439 304 429 314
441 304 431 314
442 304 433 314
417 306 412 320
423 306 416 318
424 306 418 319
426 306 419 319
428 306 421 319
432 306 423 319
433 306 425 318
435 306 426 318
437 306 428 318
439 306 429 319
441 306 431 315
442 306 433 315
414 307 409 317
415 307 410 321
417 307 411 321
419 307 413 321
424 307 417 320
426 307 418 321
428 307 420 320
432 307 423 320
433 307 424 320
435 307 425 320
442 307 432 317
399 309 394 325
412 309 406 321
414 309 407 323
415 309 409 323
417 309 411 323
424 309 416 322
426 309 418 322
428 309 420 322
432 309 422 322
433 309 424 322
435 309 425 322
437 309 427 321
414 311 407 324
415 311 408 325
417 311 410 325
419 311 412 325
424 311 416 324
426 311 417 324
428 311 419 324
432 311 422 323
433 311 423 323
435 311 425 324
437 311 426 323
441 311 429 323
397 313 392 325
414 313 407 326
415 313 408 326
419 313 411 326
421 313 413 326
423 313 414 325
424 313 416 325
426 313 417 325
428 313 419 325
432 313 421 325
433 313 423 325
435 313 424 325
439 313 427 325
441 313 428 325
442 313 430 324
392 315 387 326
394 315 389 326
399 315 394 326
401 315 396 327
403 315 397 327
414 315 406 328
415 315 408 328
417 315 409 328
419 315 411 328
421 315 412 327
424 315 415 327
426 315 416 327
428 315 418 327
432 315 421 327
433 315 422 326
439 315 426 326
441 315 427 326
442 315 429 326
444 315 431 326
446 315 435 327
392 316 386 327
394 316 388 328
397 316 392 327
399 316 394 328
403 316 397 329
412 316 404 329
414 316 406 329
415 316 407 329
417 316 409 329
419 316 410 329
423 316 413 329
424 316 414 329
426 316 416 328
430 316 419 329
432 316 420 328
433 316 421 329
439 316 426 327
441 316 427 328
442 316 428 328
444 316 431 329
446 316 435 329
392 318 386 330
394 318 388 329
401 318 395 328
406 318 398 329
408 318 400 328
410 318 402 328
414 318 405 331
417 318 408 331
419 318 410 331
423 318 412 331
424 318 414 330
426 318 415 330
432 318 419 330
435 318 422 330
437 318 424 329
439 318 425 329
441 318 427 329
442 318 428 330
444 318 430 330
446 318 431 331
390 320 384 332
392 320 386 332
397 320 392 331
405 320 398 330
408 320 400 330
410 320 402 330
414 320 405 333
415 320 406 333
417 320 408 332
419 320 409 332
423 320 412 332
424 320 414 332
426 320 415 332
430 320 417 331
432 320 419 331
435 320 421 331
437 320 423 331
439 320 424 331
441 320 426 331
446 320 431 333
394 322 386 325
403 322 395 333
410 322 401 333
412 322 403 334
414 322 404 334
415 322 406 334
417 322 408 334
419 322 409 334
423 322 411 334
424 322 413 333
428 322 415 333
430 322 417 333
432 322 418 333
433 322 420 333
437 322 423 333
439 322 424 333
446 322 432 335
396 324 403 330
397 324 389 330
408 324 399 334
410 324 401 335
412 324 402 336
414 324 404 336
415 324 405 336
417 324 407 335
426 324 413 335
428 324 414 335
430 324 416 334
432 324 418 335
437 324 422 334
439 324 423 334
444 324 427 334
396 325 403 332
403 325 394 333
406 325 397 334
410 325 400 336
412 325 402 337
414 325 403 337
417 325 405 338
421 325 408 337
424 325 411 336
426 325 413 337
428 325 414 337
430 325 416 336
432 325 417 336
435 325 420 335
437 325 421 336
442 325 425 335
444 325 426 335
446 325 428 335
406 327 396 336
408 327 398 336
412 327 401 339
414 327 403 339
419 327 407 338
421 327 408 338
426 327 412 338
428 327 414 339
435 327 419 337
437 327 421 337
441 327 423 337
442 327 425 337
444 327 426 337
450 327 430 337
451 327 432 337
414 329 402 340
415 329 404 340
419 329 406 340
421 329 407 340
426 329 412 340
428 329 413 340
433 329 417 339
435 329 419 339
437 329 420 339
439 329 422 339
442 329 424 339
444 329 426 339
448 329 428 338
450 329 430 338
451 329 431 338
410 331 398 338
412 331 400 341
414 331 401 342
417 331 404 342
419 331 405 342
421 331 407 342
426 331 411 341
428 331 413 341
430 331 414 341
433 331 417 340
435 331 418 340
437 331 420 340
442 331 423 340
444 331 425 340
448 331 428 339
450 331 429 339
388 333 386 324
410 333 398 340
412 333 400 343
414 333 401 344
417 333 403 343
419 333 405 343
426 333 410 343
428 333 412 343
433 333 416 342
435 333 418 342
437 333 419 342
441 333 422 342
442 333 423 342
444 333 425 341
448 333 427 341
450 333 429 341
410 334 397 342
417 334 403 345
419 334 405 344
426 334 410 344
432 334 414 344
433 334 415 343
435 334 417 343
437 334 419 343
441 334 421 343
442 334 423 343
448 334 427 342
450 334 428 342
451 334 430 342
406 336 409 341
412 336 398 344
417 336 402 346
419 336 404 346
421 336 406 346
424 336 408 346
430 336 412 345
432 336 414 345
433 336 415 345
435 336 416 345
439 336 419 345
441 336 421 344
442 336 423 344
446 336 426 344
451 336 430 343
453 336 431 344
406 338 409 343
410 338 395 344
412 338 397 345
419 338 404 348
421 338 405 347
424 338 408 347
428 338 410 347
430 338 412 347
432 338 413 347
433 338 414 346
435 338 416 347
441 338 421 346
442 338 422 347
444 338 424 347
453 338 430 345
405 340 407 344
406 340 409 344
410 340 395 346
412 340 397 346
414 340 398 347
415 340 400 348
423 340 406 349
424 340 407 349
428 340 409 349
430 340 411 348
432 340 412 349
433 340 414 348
435 340 415 348
439 340 418 349
441 340 420 349
388 342 386 340
414 342 398 348
421 342 404 350
423 342 405 350
424 342 406 350
428 342 410 350
433 342 414 350
435 342 415 350
437 342 417 351
441 342 419 351
388 343 385 343
390 343 387 342
392 343 389 343
419 343 401 351
421 343 403 351
423 343 404 352
426 343 408 352
428 343 409 352
432 343 412 351
433 343 414 351
437 343 417 352
390 345 387 344
392 345 389 344
399 345 396 348
419 345 401 353
421 345 402 353
423 345 404 353
424 345 406 353
426 345 407 353
444 345 424 349
392 347 388 346
399 347 396 350
415 347 397 352
421 347 402 355
424 347 406 355
426 347 407 355
397 349 394 351
399 349 395 352
