421 304 414 313
423 304 417 316
424 304 419 316
430 304 423 315
432 304 424 316
435 304 427 314
437 304 429 314
439 304 430 313
441 304 431 313
442 304 434 313
414 306 408 315
417 306 412 318
419 306 413 318
423 306 415 315
426 306 419 318
430 306 423 317
433 306 425 317
435 306 427 317
437 306 428 316
439 306 430 317
441 306 432 315
442 306 434 315
414 307 407 317
415 307 410 320
417 307 411 320
419 307 413 320
424 307 417 319
426 307 419 319
428 307 421 319
430 307 422 319
433 307 425 319
435 307 426 319
437 307 428 318
439 307 430 319
442 307 434 317
396 309 391 321
397 309 393 322
412 309 406 320
414 309 408 321
417 309 411 322
419 309 412 322
423 309 415 321
424 309 417 321
426 309 418 321
430 309 421 321
433 309 424 321
435 309 426 321
437 309 428 321
394 311 389 323
396 311 391 323
401 311 395 322
412 311 406 323
414 311 407 323
417 311 410 323
419 311 412 323
423 311 415 322
424 311 416 323
426 311 418 323
428 311 419 322
430 311 421 323
433 311 424 323
435 311 425 323
437 311 427 323
439 311 429 322
442 311 431 320
397 313 393 323
403 313 397 323
412 313 406 324
415 313 408 325
417 313 410 325
421 313 413 325
426 313 417 324
428 313 419 324
430 313 421 324
433 313 424 324
435 313 425 324
439 313 428 324
442 313 431 323
392 315 387 325
394 315 389 325
396 315 391 325
414 315 406 326
415 315 408 326
417 315 409 327
419 315 411 326
421 315 413 326
424 315 415 325
428 315 418 326
430 315 421 326
433 315 423 326
435 315 424 326
437 315 426 326
441 315 429 326
442 315 430 325
444 315 432 325
392 316 387 326
394 316 388 326
396 316 391 326
397 316 392 326
399 316 394 326
412 316 404 328
414 316 406 328
415 316 407 328
419 316 411 328
421 316 412 328
424 316 415 328
426 316 417 327
428 316 418 327
432 316 421 328
433 316 422 328
439 316 427 328
441 316 428 328
442 316 430 328
444 316 432 328
446 316 434 328
385 318 379 324
394 318 388 328
397 318 392 328
399 318 393 328
408 318 400 327
410 318 402 329
414 318 405 330
417 318 408 329
419 318 410 329
421 318 412 329
424 318 414 330
430 318 419 329
432 318 420 329
433 318 422 329
439 318 426 329
441 318 428 329
442 318 430 330
444 318 431 330
392 320 387 332
397 320 392 329
399 320 393 329
405 320 397 330
406 320 398 331
408 320 400 329
410 320 402 329
414 320 405 332
415 320 406 332
417 320 408 331
419 320 410 331
421 320 412 331
424 320 414 331
428 320 416 331
430 320 418 331
432 320 420 331
433 320 421 331
435 320 423 331
439 320 426 331
441 320 427 331
442 320 429 331
444 320 431 332
446 320 435 333
448 320 436 333
385 322 377 326
387 322 381 328
396 322 390 331
403 322 395 332
405 322 397 332
406 322 398 332
410 322 401 331
412 322 403 333
414 322 405 333
417 322 408 333
419 322 410 333
423 322 411 333
424 322 413 333
428 322 416 333
430 322 418 333
432 322 419 333
437 322 424 332
439 322 425 332
441 322 427 332
446 322 433 332
385 324 378 330
397 324 389 329
403 324 395 333
406 324 398 334
412 324 403 335
414 324 404 335
417 324 407 335
421 324 409 335
423 324 411 335
428 324 416 335
430 324 418 334
432 324 419 334
433 324 421 334
437 324 423 334
439 324 425 334
442 324 428 334
444 324 430 334
390 325 381 325
394 325 385 326
412 325 402 336
415 325 405 336
421 325 409 336
423 325 410 336
424 325 412 336
428 325 415 336
430 325 417 336
432 325 419 336
435 325 421 335
437 325 423 335
439 325 424 335
441 325 426 335
442 325 428 335
446 325 430 335
448 325 432 335
390 327 381 326
392 327 382 327
394 327 385 328
396 327 386 329
406 327 396 336
408 327 398 336
410 327 400 336
414 327 403 338
415 327 405 338
419 327 408 338
421 327 409 338
424 327 412 338
428 327 415 338
430 327 417 338
435 327 421 337
437 327 423 337
439 327 424 337
441 327 426 337
444 327 428 337
446 327 430 337
448 327 431 337
394 329 384 329
396 329 385 331
412 329 401 339
414 329 403 339
415 329 404 339
419 329 407 340
421 329 408 340
423 329 410 339
424 329 412 340
428 329 415 339
430 329 416 340
432 329 417 339
435 329 420 339
437 329 422 339
441 329 425 339
442 329 427 339
448 329 435 340
451 329 434 338
453 329 435 338
408 331 397 338
410 331 399 338
412 331 401 340
414 331 402 341
417 331 405 341
419 331 407 341
423 331 410 341
424 331 411 341
428 331 414 341
433 331 418 340
435 331 420 341
437 331 422 341
439 331 423 340
442 331 426 340
444 331 428 340
446 331 429 340
448 331 430 340
451 331 433 340
406 333 395 339
408 333 397 340
410 333 398 339
414 333 402 343
417 333 404 343
421 333 408 343
423 333 409 343
424 333 411 343
428 333 414 343
435 333 419 342
439 333 423 342
441 333 424 342
446 333 429 342
448 333 430 341
451 333 433 341
453 333 435 342
410 334 398 341
412 334 400 342
419 334 406 344
421 334 407 344
423 334 409 344
426 334 412 344
430 334 415 344
433 334 417 344
437 334 421 343
439 334 422 343
442 334 425 344
444 334 427 343
446 334 429 343
448 334 430 343
451 334 433 343
412 336 399 344
415 336 402 344
417 336 403 345
419 336 405 346
421 336 407 346
424 336 410 346
428 336 413 345
430 336 414 345
433 336 417 345
435 336 418 345
437 336 420 345
439 336 422 345
441 336 424 345
444 336 427 344
446 336 428 344
448 336 430 344
453 336 435 344
394 338 381 335
401 338 388 340
403 338 390 341
410 338 396 344
415 338 401 346
417 338 403 347
419 338 405 347
421 338 406 347
426 338 410 347
428 338 412 347
430 338 414 347
433 338 416 347
435 338 418 347
437 338 420 347
439 338 421 347
450 338 432 346
451 338 433 346
453 338 435 346
396 340 382 337
401 340 387 341
403 340 389 342
405 340 391 342
408 340 394 345
410 340 396 346
412 340 398 346
414 340 399 346
415 340 401 348
417 340 403 348
419 340 404 349
421 340 406 349
424 340 409 349
426 340 410 349
428 340 412 349
432 340 414 349
433 340 416 349
435 340 418 348
437 340 420 349
439 340 421 349
450 340 432 347
451 340 433 347
387 342 377 337
396 342 382 338
399 342 385 341
401 342 387 343
403 342 389 343
405 342 390 344
408 342 394 346
410 342 396 347
412 342 397 347
414 342 399 348
415 342 401 350
417 342 402 350
419 342 404 351
424 342 408 350
426 342 410 351
428 342 411 351
432 342 414 351
433 342 415 351
435 342 418 350
450 342 432 349
410 343 395 348
412 343 397 349
414 343 399 349
417 343 402 352
423 343 406 352
424 343 408 352
426 343 409 352
428 343 411 352
430 343 413 352
446 343 429 350
390 345 388 347
392 345 390 346
397 345 382 341
415 345 399 351
417 345 401 353
421 345 404 353
423 345 406 353
424 345 408 354
426 345 409 354
428 345 411 354
430 345 413 354
396 347 393 350
397 347 381 342
399 347 383 342
415 347 399 353
419 347 403 356
421 347 404 355
423 347 405 355
424 347 407 355
426 347 409 355
428 347 410 356
430 347 425 348
396 349 396 354
399 349 396 351
417 349 401 356
423 349 405 357
424 349 407 357
426 349 424 349
399 351 396 353
401 351 398 353
417 351 401 357
428 351 425 351
430 352 425 353
432 352 426 353
