415 304 410 309
417 304 412 309
419 304 414 309
421 304 416 309
423 304 418 309
424 304 420 309
426 304 421 309
428 304 423 309
430 304 425 309
432 304 427 309
435 304 430 309
437 304 432 309
439 304 433 309
414 306 408 310
415 306 411 311
428 306 423 311
433 306 428 311
435 306 430 311
439 306 433 310
414 307 408 313
415 307 410 313
417 307 412 313
419 307 414 312
421 307 415 312
423 307 417 312
424 307 419 312
426 307 421 312
428 307 423 312
432 307 426 312
433 307 428 312
435 307 430 312
439 307 433 312
390 309 385 314
394 309 389 314
399 309 395 315
403 309 397 314
414 309 408 315
417 309 412 315
421 309 415 314
423 309 417 313
428 309 423 314
432 309 426 314
433 309 428 314
435 309 430 314
437 309 432 314
439 309 433 314
441 309 436 316
442 309 438 316
444 309 440 315
390 311 385 316
392 311 387 316
396 311 391 315
399 311 394 317
421 311 415 316
423 311 417 316
424 311 419 316
426 311 421 316
428 311 422 316
430 311 424 316
432 311 426 316
433 311 428 316
435 311 430 316
439 311 433 316
441 311 436 318
442 311 437 318
444 311 439 318
394 313 389 319
397 313 393 317
399 313 394 318
403 313 397 317
412 313 407 318
419 313 413 318
421 313 415 318
423 313 417 318
424 313 418 317
426 313 420 318
428 313 422 318
430 313 424 318
432 313 426 318
435 313 430 318
439 313 433 318
441 313 436 319
442 313 437 319
444 313 439 319
446 313 442 320
392 315 387 320
394 315 389 320
396 315 391 320
397 315 393 319
412 315 407 320
421 315 415 320
423 315 416 320
424 315 418 319
426 315 420 319
428 315 422 320
430 315 424 320
432 315 426 320
433 315 427 320
437 315 432 320
439 315 434 320
394 316 389 321
403 316 397 321
412 316 406 322
414 316 408 321
421 316 415 321
423 316 417 321
424 316 418 321
426 316 420 321
428 316 422 321
430 316 424 321
432 316 426 321
435 316 429 322
437 316 432 322
439 316 434 321
442 316 436 322
385 318 380 321
388 318 383 321
392 318 387 323
394 318 389 323
403 318 397 323
406 318 400 322
408 318 402 322
410 318 404 323
414 318 408 324
417 318 411 323
419 318 413 324
421 318 415 324
423 318 417 324
424 318 418 323
432 318 426 323
433 318 428 323
435 318 430 323
437 318 431 323
439 318 433 323
441 318 435 323
442 318 436 323
444 318 438 324
385 320 380 323
388 320 383 323
390 320 385 324
392 320 387 324
401 320 395 324
403 320 397 324
405 320 399 325
406 320 400 324
408 320 402 324
410 320 404 325
415 320 409 325
417 320 411 325
419 320 413 326
421 320 415 326
423 320 416 326
428 320 422 325
430 320 424 325
432 320 426 325
433 320 428 325
435 320 429 325
437 320 431 325
439 320 433 325
441 320 435 325
442 320 436 325
444 320 438 325
446 320 440 326
385 322 380 325
387 322 382 325
388 322 383 325
390 322 385 326
396 322 391 326
399 322 393 327
401 322 395 326
403 322 397 326
405 322 399 326
406 322 400 326
408 322 402 326
410 322 404 327
412 322 406 327
414 322 408 327
415 322 410 327
417 322 411 327
419 322 413 327
421 322 414 328
423 322 416 328
426 322 420 327
428 322 422 327
430 322 424 327
432 322 426 327
433 322 428 327
435 322 429 327
437 322 431 327
439 322 433 327
441 322 435 327
442 322 436 327
444 322 438 327
448 322 442 327
387 324 382 327
388 324 383 327
390 324 385 327
392 324 387 328
394 324 389 328
401 324 395 328
403 324 397 328
405 324 399 328
406 324 400 328
408 324 402 328
410 324 404 329
412 324 406 329
414 324 408 329
415 324 410 329
417 324 411 329
419 324 413 329
421 324 414 329
424 324 418 329
426 324 420 329
428 324 422 329
430 324 424 329
432 324 426 329
433 324 427 329
435 324 429 329
437 324 431 329
439 324 433 329
441 324 435 329
442 324 436 329
444 324 438 329
446 324 440 329
448 324 442 329
450 324 444 329
385 325 380 328
387 325 382 328
388 325 383 328
390 325 385 329
392 325 387 329
394 325 389 330
396 325 390 330
399 325 393 329
401 325 395 330
403 325 397 330
405 325 399 330
406 325 400 330
410 325 404 331
412 325 406 331
415 325 409 331
417 325 411 331
419 325 413 331
421 325 414 331
423 325 416 331
426 325 420 330
428 325 422 331
430 325 424 331
432 325 426 331
433 325 427 331
435 325 429 331
437 325 431 331
439 325 433 331
441 325 434 331
442 325 436 331
444 325 438 331
446 325 440 331
448 325 442 331
450 325 443 331
451 325 445 331
385 327 380 329
387 327 382 330
388 327 383 330
390 327 385 330
392 327 387 331
394 327 389 331
396 327 391 331
399 327 393 331
401 327 395 331
403 327 397 331
405 327 399 332
408 327 402 332
410 327 404 333
412 327 406 332
415 327 409 332
417 327 411 332
419 327 413 333
421 327 415 333
423 327 416 333
424 327 418 332
426 327 420 332
428 327 422 332
430 327 424 332
432 327 426 332
433 327 427 333
435 327 429 333
437 327 431 333
439 327 432 333
441 327 434 332
442 327 436 332
444 327 438 332
446 327 440 332
448 327 441 333
450 327 443 333
451 327 445 332
453 327 446 332
385 329 380 332
387 329 382 332
388 329 383 332
390 329 385 332
392 329 387 332
394 329 389 333
396 329 391 333
399 329 393 333
401 329 395 333
403 329 397 333
405 329 398 334
406 329 400 334
408 329 402 334
412 329 406 334
414 329 407 334
415 329 409 334
417 329 411 334
419 329 413 334
423 329 416 334
424 329 418 334
426 329 420 334
428 329 422 334
430 329 423 334
432 329 425 334
433 329 427 334
435 329 429 334
437 329 431 334
439 329 433 334
441 329 434 334
442 329 436 334
444 329 438 334
446 329 440 334
448 329 441 334
450 329 443 334
451 329 445 334
453 329 446 334
387 331 382 334
388 331 383 334
390 331 385 334
392 331 387 334
394 331 388 334
396 331 390 335
399 331 393 335
401 331 396 335
405 331 398 335
406 331 400 336
410 331 403 335
412 331 406 336
414 331 407 336
415 331 409 336
419 331 413 336
421 331 415 336
423 331 416 336
424 331 418 336
426 331 420 336
428 331 421 336
430 331 423 336
432 331 425 336
433 331 427 336
435 331 429 336
437 331 431 336
439 331 432 336
441 331 434 336
442 331 436 336
444 331 437 336
446 331 440 336
448 331 441 336
450 331 443 336
451 331 444 336
453 331 446 336
388 333 383 336
392 333 387 336
394 333 388 336
396 333 390 336
399 333 393 336
401 333 396 337
405 333 398 337
406 333 400 337
408 333 402 337
410 333 404 337
414 333 407 338
415 333 409 338
417 333 411 338
419 333 413 338
426 333 420 338
428 333 421 338
430 333 423 338
432 333 425 337
433 333 427 338
435 333 429 338
437 333 430 338
439 333 432 338
441 333 434 338
442 333 436 338
444 333 437 338
446 333 440 338
448 333 441 338
450 333 443 338
451 333 444 338
453 333 446 338
392 334 387 337
397 334 391 338
399 334 393 338
401 334 395 338
403 334 397 338
405 334 398 339
406 334 400 339
408 334 402 339
410 334 404 339
412 334 405 339
421 334 414 340
423 334 416 339
424 334 418 339
426 334 420 339
428 334 421 339
430 334 423 339
432 334 425 339
433 334 427 339
435 334 429 339
437 334 430 339
439 334 432 339
441 334 434 339
442 334 436 339
444 334 438 339
446 334 440 339
448 334 441 339
450 334 443 339
451 334 445 339
453 334 446 339
388 336 383 338
390 336 385 339
394 336 388 339
397 336 391 339
399 336 393 340
401 336 395 340
403 336 397 340
405 336 398 340
406 336 400 341
408 336 402 341
410 336 404 341
412 336 405 341
414 336 407 341
415 336 409 341
417 336 410 341
419 336 412 341
421 336 414 342
423 336 416 341
424 336 418 341
426 336 419 341
428 336 421 341
430 336 423 341
432 336 425 341
433 336 426 341
435 336 428 341
437 336 430 341
439 336 432 341
441 336 434 341
442 336 436 341
451 336 445 341
453 336 447 341
387 338 382 339
388 338 383 340
390 338 385 340
392 338 387 340
397 338 391 341
399 338 393 342
401 338 395 342
403 338 397 342
405 338 398 342
406 338 400 342
408 338 402 343
410 338 404 342
412 338 405 342
417 338 410 343
419 338 412 343
423 338 416 343
424 338 418 343
426 338 419 343
428 338 421 343
430 338 423 343
432 338 425 343
433 338 426 343
435 338 428 343
437 338 430 343
439 338 432 343
441 338 434 343
453 338 446 343
388 340 383 342
390 340 385 342
392 340 386 342
399 340 393 343
401 340 395 344
403 340 397 344
405 340 398 344
406 340 400 344
408 340 402 344
410 340 404 344
412 340 405 344
414 340 407 344
415 340 408 344
417 340 410 344
419 340 412 345
421 340 414 345
423 340 416 345
424 340 418 345
426 340 419 345
428 340 421 345
430 340 423 345
432 340 425 345
433 340 426 345
435 340 428 345
437 340 430 345
439 340 432 345
441 340 434 345
392 342 386 344
396 342 390 344
397 342 391 344
399 342 393 345
401 342 395 345
403 342 397 346
405 342 398 345
406 342 400 346
408 342 401 346
410 342 403 346
412 342 405 346
414 342 407 346
415 342 409 346
417 342 410 346
419 342 412 346
421 342 414 347
423 342 416 347
424 342 417 346
426 342 419 347
428 342 421 347
430 342 423 347
432 342 425 347
433 342 427 347
435 342 429 347
439 342 432 346
441 342 434 346
444 342 435 346
392 343 386 345
394 343 388 346
397 343 391 346
405 343 398 347
406 343 400 347
408 343 401 347
410 343 403 347
412 343 405 347
414 343 407 348
415 343 408 348
417 343 410 348
419 343 412 348
421 343 414 348
423 343 416 348
424 343 417 348
426 343 419 348
428 343 421 348
430 343 423 349
432 343 425 349
433 343 426 348
435 343 428 348
394 345 388 347
396 345 390 347
397 345 391 348
399 345 393 348
401 345 394 347
403 345 396 348
405 345 398 349
406 345 400 349
408 345 401 349
410 345 403 349
412 345 405 349
414 345 407 349
415 345 408 350
417 345 410 350
419 345 412 350
421 345 414 350
423 345 416 350
424 345 417 350
426 345 419 350
428 345 421 350
430 345 423 350
432 345 425 350
433 345 426 350
435 345 429 351
437 345 432 350
394 347 388 349
396 347 389 349
397 347 391 350
399 347 393 350
401 347 394 349
405 347 398 350
406 347 400 351
410 347 403 351
412 347 405 351
414 347 407 351
415 347 408 352
421 347 414 352
423 347 416 352
424 347 417 352
426 347 419 352
428 347 421 352
430 347 423 352
432 347 425 352
396 349 389 351
397 349 391 351
399 349 393 351
401 349 394 351
403 349 396 351
405 349 398 352
406 349 400 353
408 349 401 353
410 349 403 353
412 349 405 353
414 349 407 353
415 349 408 353
417 349 410 354
419 349 412 354
421 349 414 354
424 349 417 354
426 349 419 354
396 351 389 353
397 351 391 353
401 351 394 353
405 351 398 354
406 351 400 354
408 351 401 355
412 351 405 355
419 351 412 355
421 351 413 355
424 351 417 356
426 351 419 355
397 352 391 355
399 352 392 355
401 352 394 355
405 352 398 356
423 352 415 357
397 354 391 356
399 354 392 357
