419 316 418 317
421 316 420 317
425 316 423 317
416 317 415 318
418 317 416 318
421 317 420 318
423 317 421 318
425 317 423 318
414 318 412 320
415 318 414 319
416 318 414 319
420 318 419 319
421 318 420 320
425 318 423 319
412 319 410 321
414 319 412 321
415 319 413 321
416 319 414 321
420 319 418 321
421 319 420 321
423 319 421 321
412 321 410 322
414 321 412 323
435 321 433 322
415 322 413 323
416 322 414 323
419 322 417 323
420 322 418 323
421 322 420 323
423 322 421 323
425 322 423 324
410 323 408 324
414 323 412 325
415 323 413 325
419 323 417 325
420 323 419 324
421 323 420 325
423 323 421 325
428 323 426 325
432 323 432 323
409 324 407 326
410 324 408 326
411 324 409 326
414 324 412 326
415 324 413 326
416 324 414 326
419 324 417 326
420 324 418 326
421 324 420 326
427 324 425 326
428 324 426 326
411 326 409 328
414 326 412 328
415 326 413 328
407 327 405 328
409 327 407 328
410 327 408 328
416 327 414 328
419 327 417 328
420 327 419 328
421 327 420 328
423 327 421 328
425 327 423 328
427 327 425 328
428 327 426 328
406 328 403 330
407 328 405 330
409 328 407 330
410 328 408 329
411 328 409 330
414 328 412 330
415 328 413 330
416 328 414 330
419 328 416 330
420 328 418 330
421 328 420 330
423 328 421 330
425 328 423 330
427 328 425 330
402 330 400 330
403 330 402 331
407 330 405 331
410 330 408 331
411 330 409 331
414 330 412 331
415 330 413 331
420 330 418 331
421 330 420 331
424 330 422 331
425 330 423 331
427 330 425 331
430 330 429 330
433 330 432 330
437 330 435 331
397 331 395 331
398 331 396 332
402 331 400 332
414 331 412 333
415 331 413 333
419 331 416 333
420 331 418 332
421 331 419 333
425 331 423 333
433 331 433 331
437 331 435 333
397 332 395 333
398 332 396 333
400 332 398 333
402 332 400 333
403 332 402 333
409 332 407 333
410 332 408 333
411 332 409 333
423 332 421 334
430 332 429 332
397 333 395 334
398 333 396 334
400 333 398 334
402 333 400 335
403 333 402 335
405 333 403 335
407 333 405 334
409 333 407 334
410 333 408 334
411 333 409 335
414 333 412 335
415 333 413 335
416 333 414 335
418 333 416 335
420 333 418 335
421 333 419 335
424 333 422 335
425 333 423 335
427 333 425 335
428 333 426 335
432 333 431 333
395 335 392 334
398 335 396 336
400 335 398 336
402 335 400 336
403 335 401 336
405 335 403 336
407 335 405 336
409 335 406 336
410 335 408 336
411 335 409 336
414 335 412 336
415 335 413 336
416 335 414 336
419 335 417 336
420 335 418 336
421 335 419 336
423 335 421 337
425 335 423 337
427 335 424 336
428 335 426 336
430 335 428 336
432 335 430 336
403 336 402 337
407 336 405 338
409 336 406 338
410 336 408 338
411 336 409 337
415 336 413 338
416 336 414 338
419 336 417 338
420 336 418 338
421 336 419 338
423 336 421 338
425 336 423 338
427 336 424 338
396 337 394 338
397 337 395 338
398 337 396 338
400 337 398 338
402 337 400 338
407 337 404 339
409 337 406 339
415 337 413 339
416 337 414 339
421 337 419 339
425 337 423 339
397 339 395 339
398 339 396 340
400 339 398 340
401 339 399 340
403 339 402 340
405 339 403 340
410 339 408 340
411 339 409 340
412 339 411 340
419 339 417 340
420 339 418 340
427 339 425 340
428 339 426 340
397 340 395 341
398 340 396 341
400 340 397 341
403 340 402 341
405 340 403 341
406 340 404 341
409 340 407 341
410 340 408 341
411 340 409 341
415 340 413 341
416 340 414 342
419 340 416 342
420 340 418 342
421 340 419 342
425 340 423 341
427 340 424 341
396 341 394 342
398 341 396 342
400 341 397 342
402 341 400 342
403 341 402 342
405 341 403 342
406 341 404 342
409 341 407 342
410 341 408 342
411 341 409 342
414 341 412 343
415 341 413 343
416 341 414 343
419 341 416 343
420 341 418 343
421 341 419 343
424 341 421 343
393 342 391 344
396 342 393 344
397 342 395 344
403 342 402 344
412 342 411 344
415 342 413 344
419 342 416 344
397 344 395 346
398 344 396 345
405 344 403 345
406 344 404 345
409 344 407 345
410 344 408 345
411 344 409 345
416 344 415 345
395 345 393 346
400 345 398 346
402 345 400 346
403 345 402 346
405 345 403 346
406 345 404 346
409 345 407 346
410 345 408 346
411 345 409 346
412 345 411 347
415 345 413 346
416 345 415 346
393 346 391 348
395 346 393 348
398 346 396 348
400 346 398 347
402 346 400 347
403 346 401 347
405 346 402 348
406 346 404 348
409 346 407 347
410 346 408 347
411 346 409 348
415 346 413 348
418 346 418 346
395 348 393 349
397 348 395 349
398 348 396 349
403 348 401 349
405 348 402 349
406 348 404 349
409 348 407 349
412 348 411 349
416 348 416 348
410 349 408 350
411 349 410 350
412 349 411 350
415 349 413 350
397 350 394 351
398 350 396 351
400 350 398 351
402 350 400 351
403 350 402 351
405 350 403 351
406 350 404 351
409 350 407 351
410 350 408 351
411 350 409 351
