479 282 429 313
481 282 431 313
482 282 433 313
472 283 428 316
479 283 429 314
481 283 431 315
476 285 426 328
436 287 391 324
441 287 396 324
463 288 410 322
476 288 425 331
477 288 427 330
461 290 406 324
463 290 410 323
464 290 411 324
474 290 423 332
479 290 428 333
435 292 414 318
438 292 385 324
464 292 411 325
466 292 413 331
467 292 414 331
469 292 416 332
472 292 420 333
476 292 423 334
479 292 427 335
482 292 430 320
449 293 394 324
464 293 410 332
466 293 412 332
467 293 414 333
469 293 415 333
471 293 417 334
472 293 419 334
474 293 421 335
476 293 423 335
481 293 428 321
436 295 383 328
438 295 385 328
453 295 397 328
454 295 399 328
464 295 410 333
466 295 411 334
467 295 413 334
469 295 415 335
471 295 417 336
472 295 418 336
474 295 420 337
476 295 422 338
477 295 424 338
425 297 381 325
441 297 418 322
449 297 393 328
451 297 395 328
453 297 396 329
458 297 401 330
464 297 409 335
466 297 410 335
467 297 412 336
469 297 414 336
471 297 415 337
472 297 417 338
476 297 421 339
428 298 406 329
438 298 415 323
440 298 402 334
448 298 407 330
458 298 400 333
461 298 404 335
466 298 410 337
467 298 411 337
469 298 413 338
471 298 415 339
472 298 417 340
474 298 419 340
476 298 420 340
449 300 393 332
454 300 396 333
456 300 398 334
458 300 400 335
461 300 419 328
467 300 410 339
469 300 412 340
471 300 414 340
472 300 416 341
474 300 418 342
476 300 420 342
425 302 381 329
443 302 403 334
446 302 406 333
453 302 394 334
454 302 396 335
456 302 397 336
458 302 399 336
461 302 402 339
463 302 404 339
464 302 405 340
466 302 407 340
469 302 411 341
471 302 413 341
472 302 415 342
474 302 416 326
476 302 419 343
425 303 381 331
454 303 395 336
456 303 397 337
458 303 398 338
459 303 400 338
463 303 403 341
464 303 405 341
469 303 411 343
471 303 413 343
474 303 415 328
456 305 396 339
458 305 398 340
459 305 399 340
461 305 401 341
463 305 402 343
466 305 421 337
426 306 382 335
428 306 384 336
430 306 386 335
431 306 388 336
458 306 397 341
459 306 399 341
461 306 400 342
431 308 387 337
454 308 409 340
456 308 395 342
458 308 397 343
459 308 398 343
461 308 400 344
463 308 401 344
430 310 386 342
448 310 404 343
449 310 406 343
451 310 408 343
454 310 409 342
458 310 396 344
459 310 397 344
461 310 399 345
463 310 400 346
464 310 402 346
466 310 404 348
433 311 388 343
448 311 403 345
449 311 405 345
451 311 407 345
454 311 409 344
456 311 394 345
458 311 395 345
459 311 397 346
461 311 398 347
466 311 403 349
467 311 405 350
433 313 388 345
435 313 390 346
449 313 405 346
451 313 406 346
454 313 408 347
456 313 393 347
458 313 395 347
459 313 396 348
461 313 415 344
466 313 402 351
467 313 404 351
469 313 406 352
471 313 423 344
453 315 406 348
454 315 408 349
461 315 414 345
466 315 402 352
467 315 403 353
469 315 406 353
471 315 422 345
443 316 395 352
445 316 397 353
453 316 406 350
458 316 393 350
463 316 398 351
466 316 401 354
467 316 403 355
469 316 419 346
471 316 421 347
454 318 407 352
456 318 410 352
461 318 413 349
463 318 415 348
464 318 430 339
463 320 414 350
459 321 425 346
466 321 428 342
467 321 430 342
466 323 428 344
469 324 415 354
458 326 401 355
471 326 408 355
472 326 410 355
477 326 416 355
