471 282 425 311
472 282 427 312
474 282 429 311
479 282 431 311
481 282 432 311
482 282 435 311
469 283 423 314
471 283 426 313
482 283 434 314
425 287 378 318
428 287 382 318
433 287 388 318
440 287 395 318
464 287 412 316
482 287 436 321
461 288 406 318
463 288 410 318
479 288 433 330
461 290 406 321
463 290 409 320
464 290 412 320
467 290 418 328
469 290 420 328
477 290 431 332
479 290 433 332
438 292 385 321
463 292 410 322
464 292 412 322
469 292 419 330
471 292 422 331
472 292 423 332
476 292 420 316
477 292 430 334
479 292 433 334
466 293 415 329
469 293 419 332
471 293 421 333
472 293 423 333
474 293 425 334
477 293 429 335
479 293 432 336
449 295 393 323
454 295 399 325
456 295 400 325
467 295 415 333
471 295 421 335
472 295 422 335
474 295 424 336
476 295 427 337
477 295 429 337
479 295 431 338
426 297 387 323
433 297 380 323
435 297 382 323
446 297 388 325
448 297 390 324
449 297 392 325
451 297 395 328
454 297 397 328
456 297 400 328
471 297 419 336
472 297 421 337
474 297 424 338
476 297 426 339
477 297 429 339
479 297 431 340
425 298 378 325
426 298 387 325
433 298 380 325
435 298 382 325
445 298 387 327
446 298 389 327
449 298 392 327
451 298 395 330
454 298 397 330
456 298 399 330
458 298 401 331
466 298 411 336
474 298 423 340
476 298 425 340
477 298 427 340
479 298 430 341
425 300 378 327
426 300 380 327
435 300 381 327
436 300 383 327
445 300 387 329
446 300 389 329
448 300 390 330
449 300 393 330
451 300 394 331
453 300 396 332
456 300 398 332
458 300 400 333
459 300 402 334
461 300 405 334
464 300 424 328
472 300 420 340
474 300 423 342
476 300 425 342
477 300 426 342
479 300 430 343
425 302 378 330
435 302 381 329
436 302 382 329
446 302 389 331
448 302 390 332
449 302 392 332
451 302 394 333
453 302 395 334
456 302 398 334
458 302 400 335
459 302 402 335
463 302 421 329
471 302 417 340
472 302 420 342
474 302 417 323
476 302 424 344
425 303 378 333
436 303 382 331
440 303 384 332
441 303 386 332
443 303 404 334
446 303 390 334
448 303 392 334
451 303 394 335
453 303 395 335
458 303 399 337
459 303 401 337
461 303 403 338
472 303 419 344
474 303 416 325
476 303 424 346
425 305 378 335
438 305 382 333
441 305 386 334
443 305 403 336
445 305 405 336
449 305 391 336
451 305 393 337
456 305 397 337
459 305 401 339
461 305 402 340
469 305 414 343
472 305 418 344
476 305 423 347
445 306 389 337
448 306 390 338
449 306 392 338
454 306 414 334
456 306 416 334
458 306 399 339
459 306 400 340
461 306 402 342
463 306 404 343
471 306 415 346
474 306 420 347
436 308 381 336
438 308 383 337
440 308 384 337
443 308 387 338
445 308 388 339
454 308 413 338
456 308 415 337
458 308 418 336
461 308 402 343
463 308 403 344
471 308 415 347
436 310 381 338
438 310 383 339
440 310 384 339
443 310 387 340
446 310 405 342
449 310 408 342
451 310 411 341
454 310 413 341
461 310 401 345
463 310 403 346
464 310 406 347
466 310 408 347
467 310 410 348
438 311 383 340
440 311 384 341
441 311 385 342
445 311 387 342
446 311 405 344
449 311 408 344
451 311 410 344
453 311 412 344
456 311 397 345
458 311 398 346
459 311 400 347
466 311 407 349
469 311 411 350
471 311 413 351
436 313 381 342
440 313 384 343
441 313 385 344
445 313 387 344
446 313 389 345
448 313 390 346
451 313 410 345
453 313 411 345
454 313 412 346
456 313 397 347
459 313 399 348
463 313 402 348
464 313 404 348
466 313 406 348
467 313 409 352
469 313 411 352
471 313 413 353
435 315 381 344
438 315 382 345
441 315 385 345
443 315 386 345
453 315 394 348
458 315 398 349
463 315 402 350
464 315 403 351
466 315 406 351
467 315 408 353
469 315 411 354
471 315 428 345
481 315 444 345
441 316 384 347
443 316 399 352
445 316 388 348
448 316 390 349
449 316 391 349
453 316 410 350
454 316 395 351
459 316 399 351
463 316 402 352
464 316 403 353
466 316 405 354
467 316 408 355
469 316 410 356
438 318 394 354
440 318 396 354
443 318 385 350
445 318 387 350
446 318 389 350
449 318 391 351
461 318 418 348
466 318 405 356
467 318 407 357
469 318 409 358
456 320 415 353
472 320 425 354
440 321 397 358
463 321 402 358
467 321 436 343
469 321 438 343
471 321 440 343
481 321 434 353
448 323 401 360
451 323 405 360
469 323 438 345
471 323 440 345
482 323 440 350
458 324 417 360
467 324 435 347
458 326 406 362
461 326 411 362
