472 282 426 312
479 282 430 312
481 282 432 312
482 282 434 312
469 283 422 315
471 283 425 315
472 283 427 315
477 283 430 326
479 283 430 314
482 283 434 317
477 285 430 328
482 285 434 319
425 287 380 321
426 287 382 321
433 287 388 321
438 287 392 321
441 287 396 321
467 287 418 325
482 287 433 321
463 288 410 320
464 288 413 325
467 288 417 327
469 288 419 328
474 288 425 330
476 288 427 331
461 290 406 323
463 290 410 322
464 290 412 327
466 290 414 328
467 290 416 329
469 290 418 330
479 290 430 333
438 292 385 322
440 292 387 323
461 292 407 324
463 292 409 324
469 292 417 332
471 292 419 332
472 292 421 333
476 292 425 334
477 292 428 334
479 292 430 335
449 293 396 321
459 293 404 327
463 293 409 327
464 293 411 330
466 293 413 331
467 293 415 331
471 293 419 334
472 293 421 334
477 293 427 336
479 293 429 336
449 295 393 323
453 295 396 326
454 295 399 327
456 295 400 327
466 295 412 332
467 295 414 333
469 295 416 334
471 295 419 336
472 295 420 336
474 295 422 336
479 295 428 338
481 295 430 339
445 297 387 327
446 297 389 328
449 297 392 326
451 297 395 329
454 297 398 329
456 297 399 329
458 297 401 329
459 297 403 332
463 297 409 332
464 297 410 333
467 297 413 335
469 297 415 336
471 297 417 337
472 297 419 338
477 297 426 340
479 297 427 340
481 297 430 341
448 298 391 329
449 298 393 329
456 298 398 331
458 298 400 332
461 298 404 334
463 298 407 334
467 298 413 337
469 298 415 338
471 298 416 339
474 298 421 340
476 298 422 340
477 298 425 341
479 298 427 342
481 298 429 342
446 300 389 331
448 300 390 331
449 300 393 331
451 300 394 332
454 300 396 333
456 300 398 333
458 300 400 334
459 300 402 335
464 300 422 329
467 300 412 338
469 300 414 339
472 300 418 340
474 300 420 342
476 300 422 342
477 300 424 343
436 302 381 327
446 302 388 332
448 302 390 333
449 302 392 333
451 302 393 333
454 302 396 334
456 302 397 335
458 302 399 336
459 302 401 337
461 302 404 337
464 302 421 331
469 302 413 341
471 302 415 341
472 302 417 342
474 302 419 343
476 302 421 344
477 302 423 344
425 303 377 330
436 303 381 329
438 303 382 330
446 303 389 334
448 303 391 334
451 303 393 335
453 303 395 336
456 303 397 337
458 303 399 338
459 303 400 338
461 303 402 339
466 303 408 341
469 303 412 342
471 303 414 343
472 303 416 344
474 303 418 345
476 303 421 346
477 303 423 346
425 305 377 331
438 305 382 331
449 305 391 336
451 305 392 337
456 305 397 339
458 305 398 339
459 305 400 340
461 305 401 341
463 305 403 342
471 305 414 345
472 305 416 345
474 305 417 346
476 305 419 347
438 306 382 333
440 306 383 334
443 306 385 335
445 306 387 336
446 306 388 337
453 306 393 339
458 306 398 340
459 306 399 341
461 306 401 342
463 306 403 343
464 306 404 344
467 306 408 345
469 306 410 346
471 306 413 347
472 306 415 347
438 308 381 335
440 308 383 335
441 308 384 336
445 308 387 338
446 308 388 338
458 308 397 342
459 308 399 343
461 308 400 344
463 308 402 345
464 308 404 346
466 308 406 346
467 308 408 346
472 308 414 349
474 308 417 349
436 310 379 335
438 310 381 337
440 310 382 337
441 310 383 338
445 310 386 339
446 310 387 340
448 310 389 340
449 310 407 343
451 310 391 341
453 310 393 342
454 310 411 342
461 310 400 346
463 310 402 347
464 310 403 347
466 310 405 348
467 310 407 348
469 310 409 349
430 311 382 344
435 311 378 337
440 311 382 339
441 311 383 340
443 311 385 341
446 311 387 342
448 311 388 342
449 311 406 345
451 311 391 343
453 311 393 343
454 311 411 344
459 311 398 346
461 311 399 347
463 311 401 348
464 311 403 349
466 311 405 350
467 311 407 350
469 311 408 351
471 311 410 351
472 311 412 352
436 313 379 339
446 313 386 343
448 313 388 344
449 313 389 344
453 313 392 345
454 313 393 346
456 313 395 347
459 313 397 348
464 313 402 351
467 313 406 352
469 313 408 352
448 315 388 345
449 315 389 346
451 315 391 346
454 315 393 348
456 315 394 348
458 315 396 349
461 315 398 350
463 315 400 350
466 315 403 352
467 315 405 353
445 316 398 352
449 316 389 348
451 316 390 348
454 316 392 349
456 316 394 350
458 316 395 351
463 316 399 352
464 316 401 353
466 316 402 354
467 316 405 355
469 316 421 347
471 316 424 347
463 318 399 354
463 320 417 350
466 320 402 357
463 321 418 352
467 321 433 343
464 323 416 356
466 323 419 355
481 323 428 352
482 323 438 347
458 326 403 359
472 326 413 359
476 326 415 359
