469 282 468 283
471 282 470 283
472 282 471 283
474 282 473 283
476 282 474 283
479 282 476 283
481 282 478 283
482 282 479 283
464 283 462 284
467 283 466 285
469 283 468 285
471 283 470 285
472 283 471 286
474 283 472 286
476 283 474 286
477 283 476 286
479 283 477 285
481 283 478 284
482 283 479 284
464 285 462 286
466 285 464 287
467 285 466 287
469 285 467 288
471 285 469 288
472 285 471 288
474 285 472 288
476 285 474 288
477 285 476 288
479 285 478 288
482 285 481 288
425 287 423 289
426 287 425 289
428 287 426 289
440 287 436 289
441 287 438 289
463 287 460 288
464 287 461 288
466 287 464 289
467 287 466 289
469 287 467 290
471 287 469 290
472 287 471 290
474 287 472 290
476 287 474 289
477 287 476 290
479 287 478 290
481 287 480 290
482 287 481 290
425 288 423 291
438 288 435 290
440 288 436 290
441 288 438 290
443 288 439 290
461 288 459 290
463 288 461 290
464 288 462 290
467 288 465 291
469 288 467 291
471 288 469 291
472 288 471 291
474 288 472 291
476 288 474 291
477 288 476 291
479 288 478 291
481 288 480 291
482 288 481 291
484 288 483 291
426 290 424 292
428 290 426 292
430 290 428 292
435 290 432 292
436 290 434 292
438 290 435 292
440 290 436 292
441 290 438 292
443 290 439 291
461 290 459 292
463 290 461 292
464 290 462 292
467 290 466 292
469 290 467 293
471 290 469 293
472 290 471 293
474 290 473 293
476 290 474 293
477 290 476 293
479 290 478 293
481 290 480 292
482 290 481 293
484 290 483 293
425 292 423 294
426 292 424 294
428 292 426 294
430 292 428 294
431 292 429 294
438 292 436 294
440 292 437 294
441 292 438 293
443 292 440 293
445 292 441 293
446 292 442 293
461 292 459 294
463 292 461 294
464 292 462 294
466 292 464 294
467 292 466 294
469 292 467 294
471 292 469 294
472 292 471 294
474 292 473 294
476 292 474 294
477 292 476 295
479 292 478 295
481 292 480 295
484 292 483 294
425 293 423 296
426 293 424 296
428 293 426 296
430 293 428 296
431 293 429 296
443 293 440 295
445 293 441 295
446 293 443 295
448 293 445 295
449 293 447 295
459 293 457 295
461 293 459 296
463 293 461 296
464 293 462 296
466 293 464 296
467 293 466 296
469 293 467 296
471 293 469 296
472 293 471 296
474 293 473 296
476 293 474 296
477 293 476 296
479 293 478 296
481 293 480 296
482 293 481 296
484 293 483 296
425 295 423 297
426 295 425 297
428 295 426 297
430 295 428 297
431 295 429 297
433 295 431 298
435 295 433 298
436 295 434 298
443 295 440 297
445 295 442 297
446 295 443 297
448 295 445 297
449 295 446 297
451 295 448 297
453 295 450 297
454 295 452 297
456 295 454 297
458 295 456 297
459 295 457 297
461 295 459 297
463 295 461 297
464 295 462 297
467 295 466 298
469 295 467 298
471 295 469 298
472 295 471 298
474 295 473 298
476 295 474 298
477 295 476 298
479 295 478 298
481 295 480 298
482 295 481 298
484 295 483 298
425 297 423 299
426 297 424 299
428 297 426 299
430 297 428 299
431 297 429 299
433 297 431 299
435 297 433 299
436 297 434 299
438 297 436 299
445 297 442 299
446 297 443 299
448 297 445 299
449 297 447 299
453 297 450 298
454 297 451 298
456 297 453 298
458 297 455 299
459 297 457 299
461 297 459 299
463 297 461 299
464 297 462 299
466 297 464 299
467 297 466 299
469 297 467 299
471 297 469 299
472 297 471 299
474 297 473 299
476 297 474 300
477 297 476 300
479 297 477 300
481 297 480 300
482 297 481 300
484 297 483 300
425 298 423 301
426 298 424 301
428 298 426 301
430 298 428 301
431 298 429 301
433 298 431 301
435 298 433 301
436 298 434 301
438 298 436 301
440 298 438 301
441 298 439 301
445 298 442 300
446 298 443 300
448 298 445 300
449 298 447 301
451 298 449 301
453 298 450 300
454 298 452 300
456 298 453 300
458 298 455 300
459 298 457 301
461 298 459 301
466 298 464 301
467 298 466 301
469 298 467 301
471 298 469 301
472 298 471 301
474 298 473 301
476 298 474 301
477 298 476 301
479 298 477 301
481 298 479 301
482 298 481 301
425 300 423 302
426 300 425 302
428 300 426 302
430 300 428 302
431 300 429 302
433 300 431 302
435 300 433 302
436 300 434 302
438 300 436 302
440 300 438 302
441 300 439 302
445 300 442 302
448 300 445 302
449 300 447 302
451 300 449 302
453 300 451 302
456 300 453 301
458 300 456 303
459 300 457 302
461 300 459 302
464 300 462 302
466 300 464 303
467 300 465 303
469 300 467 303
471 300 469 303
472 300 471 303
474 300 473 303
476 300 474 303
477 300 476 303
479 300 478 303
481 300 479 303
482 300 481 303
484 300 483 303
426 302 425 304
428 302 426 304
430 302 428 304
431 302 430 304
433 302 431 304
435 302 433 304
436 302 434 304
438 302 436 304
441 302 439 304
443 302 441 304
445 302 442 304
446 302 444 304
451 302 449 304
453 302 451 304
456 302 453 303
458 302 456 304
459 302 457 304
461 302 459 304
463 302 461 304
464 302 462 304
466 302 464 304
467 302 465 304
469 302 467 304
471 302 469 304
472 302 471 305
474 302 473 305
476 302 474 304
477 302 476 304
479 302 478 304
481 302 480 304
482 302 481 304
425 303 423 305
431 303 429 306
433 303 431 306
435 303 433 306
436 303 434 306
438 303 436 306
440 303 438 306
441 303 439 305
443 303 441 306
448 303 445 306
449 303 447 306
453 303 451 306
456 303 453 305
461 303 459 306
463 303 461 306
464 303 462 306
466 303 464 306
467 303 465 306
469 303 467 306
471 303 469 306
472 303 470 306
474 303 473 306
476 303 474 306
477 303 476 306
425 305 423 306
426 305 425 308
428 305 427 307
430 305 428 307
431 305 430 308
433 305 431 308
435 305 432 308
436 305 434 308
438 305 436 308
440 305 438 307
441 305 439 307
443 305 441 308
445 305 443 308
448 305 445 308
449 305 446 308
451 305 448 308
453 305 451 308
454 305 452 307
456 305 454 307
461 305 459 307
463 305 461 307
464 305 462 307
466 305 464 308
467 305 465 308
469 305 467 308
471 305 469 308
472 305 470 307
474 305 472 308
476 305 474 308
477 305 476 308
479 305 479 306
481 305 481 306
484 305 484 305
428 306 427 309
430 306 428 309
431 306 430 309
433 306 431 309
435 306 433 309
436 306 434 309
438 306 436 309
440 306 438 309
441 306 439 309
443 306 441 309
445 306 443 309
446 306 444 309
451 306 449 309
453 306 451 309
454 306 452 309
456 306 454 309
458 306 456 309
459 306 457 309
461 306 459 309
463 306 461 309
464 306 462 309
466 306 464 309
467 306 466 309
469 306 467 309
471 306 469 309
472 306 471 309
474 306 472 309
476 306 474 309
477 306 477 308
479 306 479 307
482 306 482 307
428 308 426 311
430 308 428 311
431 308 430 311
433 308 431 311
435 308 433 311
436 308 434 311
438 308 436 311
440 308 438 311
441 308 439 311
443 308 441 311
445 308 443 311
446 308 444 311
448 308 446 311
449 308 447 311
451 308 449 311
454 308 452 311
456 308 454 311
458 308 456 311
459 308 457 311
461 308 459 311
463 308 461 311
464 308 462 311
466 308 464 311
467 308 466 311
469 308 467 311
471 308 469 311
472 308 471 311
474 308 472 311
476 308 474 312
481 308 481 308
482 308 482 308
430 310 428 312
431 310 429 313
433 310 431 313
435 310 433 313
436 310 434 313
438 310 436 313
440 310 438 312
441 310 439 312
443 310 441 312
445 310 443 312
446 310 444 313
448 310 446 313
449 310 447 312
451 310 449 312
453 310 451 312
454 310 452 313
456 310 454 313
458 310 456 313
459 310 457 313
461 310 459 313
463 310 461 313
464 310 462 312
466 310 464 313
467 310 466 313
469 310 467 313
471 310 469 313
472 310 470 313
474 310 472 313
476 310 474 313
479 310 479 310
481 310 481 310
482 310 482 310
430 311 428 314
431 311 429 314
433 311 431 314
435 311 433 314
436 311 434 314
438 311 436 314
440 311 438 314
441 311 439 314
443 311 441 314
445 311 443 314
446 311 444 314
448 311 446 314
449 311 447 314
451 311 449 314
453 311 451 314
454 311 452 314
456 311 454 314
458 311 456 314
459 311 457 314
461 311 459 314
463 311 461 314
464 311 462 314
466 311 464 314
467 311 466 314
469 311 467 314
471 311 469 314
472 311 471 314
474 311 473 314
477 311 477 311
479 311 479 311
481 311 481 311
482 311 482 311
433 313 431 316
435 313 433 316
436 313 434 316
438 313 436 316
440 313 438 316
441 313 439 316
443 313 441 316
445 313 442 316
446 313 444 316
448 313 446 316
449 313 447 316
451 313 449 316
453 313 451 316
454 313 452 316
456 313 454 316
458 313 456 316
459 313 457 316
461 313 459 316
463 313 461 316
464 313 462 316
466 313 464 316
467 313 465 316
469 313 467 316
471 313 469 316
472 313 471 316
474 313 473 316
476 313 476 313
477 313 477 313
479 313 479 313
481 313 481 313
482 313 482 313
435 315 433 318
436 315 434 318
438 315 436 318
440 315 438 318
441 315 439 318
443 315 441 318
445 315 442 317
446 315 444 317
448 315 446 317
449 315 447 317
451 315 449 317
453 315 451 317
454 315 452 317
456 315 454 317
458 315 456 317
459 315 457 317
461 315 459 317
463 315 461 317
464 315 462 318
466 315 464 318
467 315 465 318
469 315 467 318
471 315 469 317
472 315 471 318
474 315 474 314
476 315 476 314
477 315 477 314
479 315 479 315
481 315 481 314
482 315 482 314
436 316 434 319
438 316 436 319
440 316 438 319
441 316 439 319
443 316 441 319
445 316 443 319
446 316 444 319
448 316 446 319
449 316 447 319
451 316 449 319
453 316 451 319
454 316 452 319
456 316 454 319
458 316 456 319
459 316 457 319
461 316 459 319
463 316 461 319
464 316 462 319
466 316 464 319
467 316 466 319
469 316 467 319
471 316 469 319
472 316 471 319
474 316 474 316
476 316 476 316
477 316 477 316
479 316 479 316
481 316 480 316
438 318 435 321
440 318 437 321
441 318 439 321
443 318 441 321
445 318 442 321
446 318 444 321
448 318 446 321
449 318 447 321
451 318 449 321
453 318 451 321
454 318 452 321
456 318 454 321
458 318 456 321
459 318 457 321
461 318 459 321
463 318 461 321
464 318 462 321
466 318 464 321
467 318 466 321
469 318 467 321
471 318 469 321
476 318 476 318
440 320 438 323
441 320 439 323
443 320 441 323
445 320 442 323
446 320 444 323
448 320 446 323
449 320 447 323
451 320 449 323
453 320 451 323
454 320 452 323
456 320 454 322
458 320 456 322
459 320 457 322
461 320 459 323
463 320 461 323
464 320 462 323
466 320 464 322
467 320 466 322
469 320 467 322
472 320 471 323
443 321 441 324
445 321 443 324
446 321 444 324
448 321 446 324
449 321 447 324
451 321 449 324
453 321 451 324
454 321 453 324
456 321 454 324
458 321 456 324
459 321 458 324
461 321 459 324
463 321 461 324
464 321 462 324
466 321 464 324
467 321 466 324
469 321 467 324
476 321 474 325
482 321 482 321
448 323 446 327
449 323 444 326
451 323 450 326
453 323 451 326
459 323 458 326
461 323 459 326
463 323 461 326
464 323 463 326
466 323 464 326
467 323 466 326
471 323 469 325
477 323 477 323
482 323 479 325
451 324 446 327
461 324 455 326
472 324 471 326
479 324 478 326
458 326 451 328
459 326 453 328
461 326 454 328
463 326 458 328
467 326 464 328
469 326 468 328
471 326 469 328
472 326 471 328
476 326 473 328
477 326 475 328
