469 282 396 295
464 283 388 298
471 283 418 309
477 283 426 313
476 285 423 314
477 285 428 308
479 285 427 315
474 287 420 315
476 287 422 316
477 287 424 317
461 288 383 300
474 288 420 316
477 288 423 318
425 290 372 310
426 290 375 312
467 290 412 331
472 290 417 317
476 290 421 333
477 290 422 333
428 292 376 315
466 292 410 333
467 292 412 333
469 292 413 334
472 292 416 334
476 292 420 335
477 292 421 335
479 292 423 335
466 293 409 334
467 293 411 335
469 293 412 335
476 293 419 336
477 293 420 337
425 295 372 315
426 295 373 316
445 295 389 305
464 295 407 335
466 295 408 336
467 295 410 336
469 295 412 337
472 295 415 337
474 295 416 337
476 295 418 338
479 295 421 338
482 295 424 339
461 297 402 336
463 297 404 337
464 297 406 337
466 297 407 337
469 297 410 338
472 297 414 338
474 297 415 339
477 297 418 340
481 297 422 340
482 297 423 340
431 298 376 321
458 298 398 336
459 298 400 336
461 298 402 337
463 298 403 338
471 298 412 324
472 298 413 340
479 298 419 341
481 298 421 342
482 298 423 342
433 300 376 323
454 300 395 336
458 300 398 338
459 300 399 338
461 300 401 339
463 300 403 339
467 300 407 341
469 300 409 341
471 300 410 341
472 300 412 326
474 300 415 326
477 300 417 342
479 300 418 343
481 300 420 343
443 302 384 331
446 302 386 332
448 302 388 333
458 302 397 339
459 302 398 340
461 302 400 341
463 302 401 341
469 302 408 342
471 302 409 343
477 302 416 344
479 302 421 328
425 303 372 326
435 303 376 326
436 303 378 327
446 303 385 333
448 303 387 334
454 303 393 338
456 303 394 339
458 303 396 341
459 303 397 342
461 303 399 342
463 303 400 343
466 303 417 335
467 303 405 343
469 303 407 343
471 303 409 331
436 305 377 329
441 305 381 332
445 305 384 334
448 305 387 319
454 305 392 339
456 305 394 340
459 305 397 344
461 305 398 344
467 305 404 345
469 305 406 345
436 306 376 330
438 306 378 331
440 306 379 331
445 306 383 335
446 306 385 321
448 306 387 321
449 306 388 322
454 306 391 341
456 306 393 341
458 306 394 342
464 306 400 345
466 306 402 346
467 306 403 347
469 306 407 330
474 306 410 347
440 308 378 317
441 308 379 318
446 308 384 322
448 308 386 323
449 308 387 325
451 308 389 325
458 308 393 329
464 308 399 347
466 308 401 347
467 308 404 331
469 308 406 332
472 308 407 349
438 310 375 317
441 310 379 320
443 310 380 321
445 310 382 322
448 310 385 325
449 310 387 326
451 310 388 327
467 310 403 333
469 310 405 334
438 311 374 319
440 311 376 319
441 311 378 321
443 311 379 322
445 311 381 324
446 311 382 325
448 311 384 327
449 311 386 328
451 311 388 328
454 311 389 344
456 311 391 345
458 311 392 335
459 311 393 346
438 313 374 320
443 313 378 324
445 313 380 325
446 313 382 326
448 313 383 329
449 313 385 330
451 313 387 330
464 313 397 347
466 313 399 349
435 315 373 322
456 315 387 343
464 315 396 349
466 315 398 350
445 316 379 327
449 316 383 339
463 316 394 349
469 316 414 347
438 318 373 330
445 318 378 328
448 318 381 330
449 318 382 331
453 320 386 336
448 323 379 338
469 324 407 350
458 326 395 351
467 326 404 351
469 326 406 351
