469 282 444 296
471 282 446 296
472 282 448 296
474 282 450 296
481 282 453 296
464 283 435 297
469 283 444 298
472 283 449 297
477 283 456 307
481 283 454 298
482 283 455 298
477 285 456 309
436 287 415 307
438 287 417 307
440 287 418 307
463 287 433 300
467 287 443 308
469 287 445 309
474 287 452 311
476 287 454 311
477 287 456 311
479 287 458 311
463 288 435 308
464 288 437 308
467 288 443 310
469 288 445 310
474 288 452 312
476 288 454 312
477 288 456 312
479 288 458 312
425 290 400 309
467 290 443 312
469 290 445 312
471 290 447 313
474 290 452 314
476 290 454 314
477 290 456 314
479 290 459 315
425 292 400 311
430 292 402 311
435 292 405 311
438 292 409 310
461 292 432 312
463 292 434 312
464 292 437 312
466 292 440 312
467 292 441 313
469 292 445 314
471 292 447 315
472 292 449 315
474 292 452 316
476 292 454 316
477 292 457 316
479 292 459 316
481 292 461 316
484 292 463 315
425 293 400 313
430 293 401 313
431 293 403 313
438 293 408 311
459 293 430 312
461 293 432 313
463 293 435 313
464 293 437 313
466 293 440 315
467 293 441 315
469 293 443 315
471 293 447 316
472 293 449 317
474 293 452 317
476 293 454 318
477 293 457 318
479 293 459 318
481 293 461 318
425 295 400 315
430 295 402 315
431 295 403 315
433 295 405 315
438 295 408 313
449 295 416 312
453 295 421 312
456 295 426 313
458 295 427 313
459 295 430 314
461 295 432 315
463 295 434 315
464 295 437 315
466 295 439 316
467 295 441 317
469 295 443 317
471 295 447 318
472 295 449 319
474 295 451 319
476 295 454 320
477 295 456 320
425 297 400 318
428 297 401 317
430 297 402 317
431 297 403 317
433 297 405 317
435 297 406 317
448 297 415 315
449 297 417 315
451 297 420 315
454 297 423 316
458 297 428 316
459 297 430 316
461 297 432 316
463 297 434 317
464 297 437 317
466 297 440 318
467 297 441 319
469 297 443 319
471 297 447 320
472 297 449 321
474 297 451 321
476 297 454 322
477 297 455 322
428 298 401 320
430 298 403 319
431 298 403 319
433 298 405 319
435 298 407 319
436 298 408 319
441 298 412 318
449 298 417 317
451 298 420 317
454 298 423 317
456 298 425 317
458 298 428 318
459 298 429 318
461 298 432 318
463 298 434 318
466 298 439 320
467 298 441 320
469 298 443 320
472 298 449 323
474 298 451 323
476 298 453 323
477 298 455 323
428 300 401 322
430 300 403 321
431 300 404 321
433 300 405 321
435 300 407 321
436 300 408 321
441 300 412 320
443 300 414 320
451 300 420 319
453 300 423 320
454 300 424 320
456 300 426 320
458 300 428 320
459 300 429 320
461 300 432 320
463 300 434 320
464 300 437 321
466 300 439 322
467 300 441 322
469 300 443 323
471 300 446 323
474 300 451 325
476 300 454 325
477 300 456 325
481 300 461 325
425 302 406 340
428 302 401 324
430 302 403 324
431 302 404 323
435 302 407 323
436 302 408 323
438 302 410 323
441 302 412 322
443 302 414 322
445 302 416 322
446 302 417 322
449 302 419 321
451 302 421 322
453 302 423 322
454 302 424 322
456 302 426 322
458 302 428 322
459 302 429 322
461 302 432 321
463 302 434 322
464 302 435 323
466 302 438 323
467 302 441 324
469 302 443 324
471 302 446 325
472 302 447 325
474 302 451 327
476 302 454 327
477 302 456 327
479 302 458 327
481 302 461 327
482 302 463 327
430 303 403 325
431 303 405 325
435 303 407 325
436 303 408 325
438 303 410 325
440 303 412 325
443 303 414 324
445 303 416 324
446 303 417 324
449 303 419 324
451 303 421 323
453 303 422 323
454 303 424 323
456 303 426 323
458 303 428 323
459 303 429 323
461 303 432 323
463 303 434 324
464 303 435 325
466 303 438 325
467 303 441 326
469 303 444 326
471 303 446 326
472 303 447 326
474 303 451 329
476 303 453 329
477 303 455 329
479 303 458 329
482 303 462 329
425 305 402 331
428 305 403 327
435 305 407 327
436 305 409 327
438 305 410 327
440 305 412 327
441 305 413 326
443 305 415 326
446 305 417 326
448 305 419 326
451 305 421 326
453 305 422 325
454 305 424 325
456 305 426 325
458 305 428 325
459 305 429 325
461 305 431 325
463 305 434 326
464 305 436 327
466 305 438 327
467 305 441 327
469 305 443 328
471 305 445 328
472 305 447 328
474 305 450 330
476 305 453 330
477 305 455 331
433 306 407 329
436 306 409 329
438 306 410 329
440 306 412 329
441 306 414 328
443 306 415 328
445 306 417 328
448 306 419 328
449 306 421 328
453 306 422 327
454 306 424 327
456 306 426 327
458 306 428 327
459 306 429 327
461 306 431 327
463 306 434 328
467 306 440 329
469 306 442 330
471 306 445 330
472 306 448 330
474 306 450 331
476 306 453 332
430 308 404 332
431 308 406 332
435 308 408 332
436 308 409 331
438 308 411 331
440 308 413 331
441 308 414 330
443 308 415 330
445 308 416 330
446 308 418 330
449 308 421 330
451 308 422 330
454 308 424 330
456 308 426 329
458 308 428 329
459 308 429 329
461 308 431 329
463 308 433 329
466 308 438 331
467 308 440 331
469 308 442 331
471 308 444 332
472 308 448 332
476 308 452 334
431 310 406 334
435 310 408 334
436 310 410 333
438 310 411 333
440 310 413 333
441 310 414 333
443 310 415 332
445 310 417 332
446 310 418 332
449 310 421 332
451 310 423 332
453 310 423 332
454 310 425 332
456 310 426 331
458 310 428 331
459 310 430 331
461 310 431 331
463 310 433 331
464 310 436 333
466 310 438 333
467 310 440 333
469 310 442 333
471 310 444 333
474 310 449 335
431 311 406 336
433 311 407 336
435 311 409 336
436 311 410 335
438 311 411 335
440 311 413 335
441 311 414 335
445 311 417 334
446 311 418 334
448 311 420 334
451 311 423 334
453 311 424 334
454 311 425 334
456 311 427 333
458 311 429 334
461 311 432 334
463 311 433 334
464 311 435 333
466 311 438 334
467 311 440 335
469 311 442 335
471 311 445 335
472 311 447 336
476 311 453 337
433 313 407 338
435 313 409 338
436 313 411 338
438 313 412 337
440 313 413 337
441 313 414 337
443 313 416 337
446 313 419 337
448 313 420 337
449 313 422 336
451 313 423 336
454 313 426 336
456 313 427 335
458 313 429 336
459 313 430 335
463 313 433 336
464 313 435 336
466 313 438 336
467 313 440 337
469 313 442 337
471 313 445 337
472 313 447 337
435 315 409 340
438 315 411 340
441 315 415 340
443 315 416 339
445 315 418 339
448 315 421 339
449 315 422 339
451 315 423 339
454 315 426 338
456 315 428 338
458 315 429 338
459 315 431 338
461 315 432 338
463 315 434 337
464 315 435 338
466 315 438 338
467 315 440 338
469 315 442 339
471 315 445 339
472 315 447 339
438 316 412 342
441 316 415 342
443 316 417 341
445 316 418 342
446 316 420 341
449 316 422 341
451 316 424 341
453 316 425 341
454 316 427 341
456 316 428 340
458 316 429 340
459 316 431 340
461 316 433 340
463 316 434 339
464 316 435 339
466 316 437 339
467 316 440 340
469 316 442 341
471 316 444 341
472 316 446 341
441 318 415 344
443 318 417 344
445 318 418 344
446 318 420 343
448 318 421 343
451 318 424 343
453 318 425 343
454 318 427 343
456 318 428 343
458 318 429 342
459 318 431 342
461 318 433 342
463 318 434 342
464 318 436 342
466 318 437 341
467 318 440 342
469 318 442 343
471 318 443 343
440 320 414 347
441 320 416 346
448 320 421 345
449 320 423 345
453 320 425 345
454 320 427 345
459 320 431 344
461 320 433 344
463 320 434 344
464 320 436 344
466 320 437 344
467 320 440 344
469 320 442 345
456 321 429 349
459 321 431 345
461 321 433 346
463 321 435 346
464 321 436 346
466 321 438 346
467 321 440 346
472 323 445 346
466 324 438 349
474 324 447 346
476 324 448 346
464 326 436 350
467 326 441 350
474 326 447 348
476 326 448 348
