472 282 428 309
474 282 430 309
479 282 432 309
481 282 434 309
469 283 424 312
481 283 434 311
482 283 437 311
469 285 425 314
471 285 427 313
436 287 392 316
438 287 386 316
464 287 412 313
425 288 378 318
463 288 410 315
479 288 436 328
461 290 406 319
463 290 411 317
464 290 412 318
469 290 422 327
438 292 385 320
440 292 387 320
461 292 406 320
464 292 412 320
466 292 416 326
471 292 423 330
472 292 426 330
474 292 429 331
476 292 431 331
477 292 433 332
430 293 379 320
438 293 419 314
441 293 388 323
461 293 406 322
466 293 416 328
467 293 417 328
471 293 423 331
472 293 425 331
474 293 428 332
476 293 430 333
477 293 433 334
430 295 379 322
431 295 380 322
451 295 396 324
454 295 398 324
456 295 400 324
467 295 417 331
469 295 420 331
471 295 423 333
472 295 425 334
474 295 427 334
476 295 430 335
477 295 432 336
428 297 379 324
431 297 380 324
441 297 405 327
449 297 392 325
451 297 395 326
453 297 397 326
454 297 399 327
456 297 401 327
469 297 434 324
472 297 424 336
474 297 427 336
477 297 432 338
428 298 378 326
431 298 380 326
433 298 381 327
445 298 387 326
449 298 393 327
451 298 395 328
453 298 397 328
454 298 398 329
458 298 402 329
474 298 427 338
476 298 429 338
428 300 378 328
430 300 379 328
433 300 382 328
436 300 384 328
448 300 391 329
449 300 393 329
451 300 395 330
453 300 397 330
454 300 398 330
456 300 400 331
458 300 402 331
459 300 404 332
461 300 423 324
463 300 425 324
469 300 434 327
471 300 421 337
474 300 426 340
476 300 428 340
426 302 388 332
430 302 379 330
433 302 381 331
435 302 383 331
436 302 384 331
446 302 408 328
453 302 397 332
454 302 398 332
456 302 400 332
458 302 401 333
459 302 403 334
471 302 420 338
425 303 378 334
435 303 383 333
436 303 384 333
438 303 386 333
441 303 388 333
443 303 421 323
445 303 407 332
453 303 396 334
454 303 398 334
456 303 399 335
458 303 401 335
459 303 403 335
461 303 405 337
471 303 420 341
472 303 422 341
474 303 419 324
425 305 378 336
436 305 384 335
438 305 385 335
441 305 388 336
443 305 390 336
445 305 407 334
454 305 398 336
456 305 400 337
458 305 401 337
459 305 403 338
471 305 419 342
472 305 421 343
476 305 427 346
433 306 411 335
436 306 384 337
438 306 385 337
440 306 387 337
443 306 389 338
445 306 391 338
446 306 408 337
453 306 413 334
454 306 415 333
456 306 417 332
458 306 401 339
459 306 402 339
461 306 404 340
471 306 419 345
472 306 421 345
436 308 384 339
438 308 385 339
440 308 387 340
441 308 388 340
445 308 391 340
448 308 409 338
451 308 413 337
454 308 415 336
458 308 401 340
459 308 402 341
461 308 404 342
463 308 406 342
431 310 381 340
435 310 383 341
436 310 384 341
438 310 386 342
441 310 388 341
445 310 390 342
446 310 392 342
448 310 409 340
449 310 411 340
451 310 413 340
453 310 414 340
454 310 416 340
456 310 400 343
458 310 419 336
459 310 402 343
461 310 404 344
463 310 406 345
464 310 408 345
466 310 411 346
467 310 413 346
433 311 382 343
436 311 385 343
438 311 386 344
441 311 388 343
443 311 390 344
446 311 392 344
448 311 409 342
451 311 396 345
453 311 397 345
454 311 416 342
456 311 417 341
463 311 406 347
464 311 408 347
466 311 410 348
467 311 412 349
469 311 415 349
435 313 384 345
438 313 386 346
440 313 387 346
443 313 390 346
445 313 391 347
448 313 394 347
449 313 395 347
453 313 397 347
454 313 398 347
458 313 401 348
459 313 402 348
461 313 404 348
463 313 406 349
466 313 410 350
467 313 412 351
469 313 414 351
440 315 387 348
443 315 390 348
445 315 391 349
446 315 393 349
449 315 395 349
451 315 396 349
454 315 399 349
456 315 400 349
459 315 403 350
461 315 404 350
463 315 406 351
464 315 407 351
466 315 409 352
467 315 412 352
469 315 414 352
438 316 386 351
441 316 389 350
443 316 390 350
446 316 393 351
449 316 395 351
451 316 396 351
453 316 398 351
454 316 416 349
456 316 400 352
458 316 402 352
463 316 406 352
464 316 407 353
466 316 409 353
467 316 411 354
469 316 413 355
441 318 388 352
443 318 390 352
445 318 392 353
448 318 394 353
454 318 416 351
456 318 400 354
458 318 401 354
459 318 403 354
461 318 422 347
463 318 405 354
464 318 407 355
466 318 409 355
467 318 411 356
445 320 392 355
446 320 393 355
449 320 395 355
456 320 399 356
458 320 401 356
463 320 405 356
464 320 407 357
466 320 408 357
467 320 411 358
472 320 425 355
474 320 433 350
440 321 393 358
441 321 395 358
451 321 410 362
453 321 412 362
459 321 402 358
461 321 404 358
463 321 406 359
467 321 440 342
469 321 443 341
481 321 435 353
464 323 438 344
454 324 413 361
467 324 440 346
458 326 406 362
474 326 419 362
476 326 421 362
477 326 423 362
