467 287 418 325
463 288 410 320
464 288 413 325
467 288 417 327
469 288 419 328
474 288 425 330
461 290 406 323
463 290 410 322
464 290 412 327
466 290 414 328
467 290 416 329
469 290 418 330
461 292 407 324
463 292 409 324
469 292 417 332
471 292 419 332
472 292 421 333
476 292 425 334
459 293 404 327
463 293 409 327
464 293 411 330
466 293 413 331
467 293 415 331
471 293 419 334
472 293 421 334
454 295 399 327
456 295 400 327
466 295 412 332
467 295 414 333
469 295 416 334
471 295 419 336
472 295 420 336
474 295 422 336
454 297 398 329
456 297 399 329
458 297 401 329
459 297 403 332
463 297 409 332
464 297 410 333
467 297 413 335
469 297 415 336
471 297 417 337
472 297 419 338
456 298 398 331
458 298 400 332
461 298 404 334
463 298 407 334
467 298 413 337
469 298 415 338
471 298 416 339
474 298 421 340
476 298 422 340
446 300 389 331
448 300 390 331
449 300 393 331
451 300 394 332
454 300 396 333
456 300 398 333
458 300 400 334
459 300 402 335
467 300 412 338
469 300 414 339
472 300 418 340
474 300 420 342
476 300 422 342
448 302 390 333
449 302 392 333
451 302 393 333
454 302 396 334
456 302 397 335
458 302 399 336
459 302 401 337
461 302 404 337
469 302 413 341
471 302 415 341
472 302 417 342
474 302 419 343
476 302 421 344
436 303 381 329
438 303 382 330
448 303 391 334
451 303 393 335
453 303 395 336
456 303 397 337
458 303 399 338
459 303 400 338
461 303 402 339
466 303 408 341
469 303 412 342
471 303 414 343
472 303 416 344
474 303 418 345
438 305 382 331
456 305 397 339
458 305 398 339
459 305 400 340
461 305 401 341
463 305 403 342
471 305 414 345
472 305 416 345
474 305 417 346
476 305 419 347
438 306 382 333
440 306 383 334
453 306 393 339
458 306 398 340
459 306 399 341
461 306 401 342
463 306 403 343
464 306 404 344
467 306 408 345
469 306 410 346
471 306 413 347
472 306 415 347
438 308 381 335
440 308 383 335
441 308 384 336
446 308 388 338
458 308 397 342
459 308 399 343
461 308 400 344
463 308 402 345
464 308 404 346
466 308 406 346
467 308 408 346
472 308 414 349
474 308 417 349
436 310 379 335
438 310 381 337
441 310 383 338
445 310 386 339
446 310 387 340
448 310 389 340
451 310 391 341
453 310 393 342
461 310 400 346
463 310 402 347
464 310 403 347
466 310 405 348
467 310 407 348
469 310 409 349
435 311 378 337
440 311 382 339
441 311 383 340
443 311 385 341
446 311 387 342
448 311 388 342
451 311 391 343
453 311 393 343
459 311 398 346
461 311 399 347
463 311 401 348
464 311 403 349
466 311 405 350
467 311 407 350
469 311 408 351
471 311 410 351
436 313 379 339
446 313 386 343
448 313 388 344
449 313 389 344
453 313 392 345
454 313 393 346
456 313 395 347
459 313 397 348
464 313 402 351
467 313 406 352
469 313 408 352
448 315 388 345
449 315 389 346
451 315 391 346
454 315 393 348
456 315 394 348
458 315 396 349
461 315 398 350
463 315 400 350
466 315 403 352
467 315 405 353
449 316 389 348
451 316 390 348
454 316 392 349
456 316 394 350
458 316 395 351
463 316 399 352
464 316 401 353
466 316 402 354
467 316 405 355
463 318 399 354
466 320 402 357
