467 290 412 331
476 290 421 333
477 290 422 333
466 292 410 333
467 292 412 333
469 292 413 334
472 292 416 334
476 292 420 335
477 292 421 335
466 293 409 334
467 293 411 335
469 293 412 335
476 293 419 336
477 293 420 337
425 295 372 315
426 295 373 316
464 295 407 335
466 295 408 336
467 295 410 336
469 295 412 337
472 295 415 337
474 295 416 337
476 295 418 338
479 295 421 338
461 297 402 336
463 297 404 337
464 297 406 337
466 297 407 337
469 297 410 338
472 297 414 338
474 297 415 339
477 297 418 340
431 298 376 321
458 298 398 336
459 298 400 336
461 298 402 337
463 298 403 338
472 298 413 340
479 298 419 341
481 298 421 342
433 300 376 323
454 300 395 336
458 300 398 338
459 300 399 338
461 300 401 339
463 300 403 339
467 300 407 341
469 300 409 341
471 300 410 341
477 300 417 342
479 300 418 343
481 300 420 343
443 302 384 331
446 302 386 332
458 302 397 339
459 302 398 340
461 302 400 341
463 302 401 341
469 302 408 342
471 302 409 343
477 302 416 344
435 303 376 326
436 303 378 327
446 303 385 333
448 303 387 334
454 303 393 338
456 303 394 339
458 303 396 341
459 303 397 342
461 303 399 342
463 303 400 343
467 303 405 343
469 303 407 343
436 305 377 329
441 305 381 332
445 305 384 334
456 305 394 340
459 305 397 344
461 305 398 344
467 305 404 345
469 305 406 345
436 306 376 330
438 306 378 331
440 306 379 331
445 306 383 335
458 306 394 342
464 306 400 345
466 306 402 346
467 306 403 347
474 306 410 347
464 308 399 347
466 308 401 347
472 308 407 349
454 311 389 344
456 311 391 345
459 311 393 346
464 313 397 347
466 313 399 349
464 315 396 349
466 315 398 350
463 316 394 349
