469 282 424 308
471 282 426 308
474 282 431 308
479 282 433 308
481 282 435 308
482 282 438 308
481 283 435 310
482 283 438 310
482 285 438 312
428 287 381 313
441 287 396 313
461 288 407 314
474 288 425 310
477 288 436 325
479 288 438 325
425 290 378 317
426 290 380 317
461 290 407 316
463 290 411 316
464 290 413 315
477 290 436 327
479 290 438 328
481 290 440 328
425 292 378 319
435 292 384 319
438 292 386 318
461 292 407 319
466 292 417 323
472 292 427 328
476 292 433 329
477 292 436 329
479 292 439 330
425 293 378 321
430 293 380 322
431 293 381 321
440 293 388 320
441 293 389 321
466 293 417 325
467 293 419 326
472 293 428 329
474 293 430 330
476 293 432 331
477 293 435 331
425 295 378 324
428 295 379 324
431 295 381 324
433 295 383 324
451 295 395 320
453 295 397 320
454 295 399 322
456 295 401 322
458 295 403 322
459 295 406 324
466 295 417 327
467 295 419 328
472 295 427 331
474 295 430 332
476 295 432 333
477 295 435 333
428 297 379 326
430 297 381 326
433 297 383 326
435 297 385 326
436 297 385 325
449 297 392 321
451 297 396 324
454 297 399 324
456 297 401 324
458 297 403 324
459 297 406 327
472 297 427 334
474 297 430 334
476 297 432 335
477 297 435 335
426 298 378 328
430 298 381 328
433 298 383 328
435 298 385 328
436 298 386 328
451 298 396 326
453 298 398 326
456 298 400 326
458 298 403 327
472 298 427 336
474 298 429 336
476 298 431 336
477 298 433 336
425 300 378 331
428 300 380 331
430 300 381 330
431 300 382 330
435 300 384 330
436 300 386 330
451 300 396 328
453 300 398 328
454 300 399 328
456 300 401 330
458 300 403 329
459 300 405 330
474 300 429 338
476 300 432 338
477 300 433 338
425 302 378 333
428 302 380 333
431 302 382 332
435 302 396 331
436 302 386 332
438 302 388 332
441 302 389 331
454 302 399 330
458 302 403 331
459 302 405 331
461 302 407 332
464 302 427 326
474 302 420 319
484 302 439 320
425 303 378 334
426 303 380 335
436 303 386 334
438 303 387 334
440 303 389 334
441 303 389 333
443 303 391 333
445 303 409 329
451 303 397 333
454 303 400 333
456 303 401 333
458 303 403 333
459 303 404 333
461 303 407 335
484 303 443 322
425 305 380 337
426 305 381 337
436 305 386 336
438 305 388 336
440 305 389 337
443 305 407 332
445 305 409 332
446 305 411 331
448 305 413 330
451 305 397 335
453 305 399 335
456 305 401 335
458 305 403 335
459 305 404 335
461 305 406 337
474 305 427 342
476 305 430 344
431 306 383 339
435 306 385 339
438 306 387 339
440 306 389 338
441 306 391 338
445 306 393 338
446 306 410 334
449 306 397 338
453 306 399 337
454 306 417 330
459 306 404 338
461 306 406 339
463 306 409 340
474 306 427 343
430 308 383 341
436 308 387 341
440 308 389 341
441 308 391 341
445 308 393 340
446 308 410 336
449 308 413 335
451 308 398 340
454 308 400 340
456 308 402 340
458 308 404 340
461 308 406 340
464 308 411 342
466 308 413 342
436 310 387 343
438 310 388 343
440 310 390 343
443 310 392 342
446 310 410 338
448 310 411 338
449 310 413 338
451 310 398 342
454 310 400 342
456 310 402 342
458 310 404 342
459 310 405 342
463 310 409 343
464 310 411 344
466 310 413 344
476 310 430 347
435 311 386 346
436 311 388 345
438 311 389 345
440 311 390 345
443 311 393 345
445 311 393 344
448 311 396 344
449 311 413 340
451 311 415 340
456 311 402 344
458 311 404 344
459 311 405 344
461 311 407 344
463 311 409 345
464 311 411 345
466 311 413 346
467 311 415 347
482 311 443 332
435 313 386 348
436 313 388 348
438 313 389 348
441 313 391 347
445 313 394 347
446 313 395 347
449 313 398 347
451 313 399 347
453 313 417 342
454 313 401 346
456 313 403 346
459 313 405 346
461 313 407 346
463 313 408 346
464 313 410 347
466 313 413 348
467 313 431 339
436 315 388 350
438 315 390 350
440 315 391 350
443 315 393 350
446 315 395 349
449 315 398 349
451 315 399 349
453 315 401 349
454 315 418 344
456 315 403 348
459 315 405 348
461 315 407 348
463 315 408 348
464 315 410 348
466 315 412 349
467 315 431 342
469 315 418 350
436 316 387 353
438 316 389 352
440 316 391 352
443 316 393 352
445 316 395 352
446 316 396 352
448 316 397 351
451 316 399 351
453 316 401 351
454 316 402 351
458 316 405 351
461 316 407 350
463 316 409 351
464 316 410 351
466 316 412 351
467 316 414 352
469 316 417 352
440 318 391 354
443 318 393 354
445 318 395 354
446 318 396 354
449 318 398 353
454 318 402 354
456 318 404 353
463 318 409 353
464 318 410 353
466 318 412 353
467 318 414 353
469 318 417 354
471 318 419 354
440 320 391 356
441 320 393 356
443 320 394 356
446 320 396 356
451 320 400 357
454 320 402 356
456 320 404 356
458 320 405 356
461 320 408 356
464 320 410 355
466 320 412 355
467 320 414 355
469 320 417 355
466 321 411 357
481 323 443 347
467 324 443 344
474 324 419 359
476 324 420 359
479 324 431 354
459 326 401 361
474 326 418 361
476 326 420 361
