469 283 461 293
471 283 464 293
472 283 465 294
474 283 467 294
476 283 469 294
477 283 471 294
464 285 454 291
466 285 457 293
467 285 459 295
469 285 461 295
471 285 463 295
472 285 465 295
474 285 467 296
476 285 469 296
477 285 471 296
463 287 453 294
464 287 455 295
466 287 457 295
467 287 459 296
469 287 461 296
472 287 465 297
474 287 467 298
476 287 469 297
477 287 471 298
479 287 472 298
461 288 451 297
464 288 455 297
466 288 457 297
467 288 459 298
469 288 461 298
471 288 463 299
472 288 465 299
474 288 467 299
476 288 469 299
477 288 471 299
431 290 421 299
461 290 451 299
463 290 454 299
464 290 455 299
466 290 457 299
467 290 459 300
469 290 461 300
471 290 463 300
472 290 465 300
474 290 467 301
476 290 469 301
477 290 471 301
479 290 473 301
481 290 475 301
461 292 451 301
463 292 453 301
464 292 455 301
466 292 457 301
467 292 459 301
469 292 461 302
472 292 465 302
474 292 467 303
476 292 469 303
477 292 471 303
479 292 473 303
481 292 475 303
459 293 450 301
461 293 451 302
463 293 453 302
464 293 455 302
466 293 458 303
467 293 459 303
471 293 463 303
472 293 465 304
474 293 467 304
476 293 469 304
477 293 471 304
479 293 473 304
481 293 475 305
482 293 477 305
425 295 416 304
428 295 419 304
433 295 423 304
436 295 426 304
453 295 442 302
456 295 446 303
458 295 448 303
459 295 449 304
461 295 451 304
463 295 453 304
464 295 455 304
466 295 457 305
467 295 459 305
469 295 461 305
471 295 463 305
472 295 465 306
474 295 467 306
476 295 469 306
477 295 471 306
479 295 473 306
481 295 475 307
425 297 416 306
428 297 419 306
430 297 420 306
431 297 422 306
433 297 423 306
435 297 425 306
436 297 427 306
438 297 428 306
453 297 442 304
456 297 445 305
458 297 448 305
459 297 449 306
461 297 451 306
463 297 453 306
464 297 455 306
466 297 457 306
467 297 459 307
469 297 461 307
471 297 463 307
472 297 465 307
474 297 467 308
476 297 469 308
477 297 471 308
479 297 473 308
481 297 475 308
425 298 416 308
426 298 417 308
430 298 420 307
431 298 422 307
433 298 423 307
435 298 425 307
436 298 427 307
440 298 430 307
445 298 433 306
453 298 442 306
454 298 443 306
456 298 445 306
458 298 448 307
459 298 449 307
461 298 451 307
463 298 453 307
464 298 455 308
466 298 458 308
467 298 459 308
469 298 461 308
471 298 463 308
472 298 465 309
474 298 467 309
476 298 469 309
477 298 471 309
479 298 473 310
425 300 416 309
426 300 417 310
428 300 419 310
431 300 422 309
433 300 424 309
435 300 425 309
436 300 427 309
438 300 428 309
440 300 430 309
445 300 434 308
446 300 435 308
448 300 437 308
449 300 439 308
451 300 441 308
453 300 442 308
454 300 444 308
456 300 445 308
459 300 449 309
461 300 451 309
463 300 453 309
464 300 455 310
466 300 457 310
467 300 459 310
469 300 461 310
471 300 463 310
472 300 465 311
474 300 467 311
476 300 469 311
477 300 471 311
425 302 416 311
426 302 417 311
428 302 419 312
431 302 422 311
433 302 424 311
435 302 425 311
436 302 427 311
438 302 428 311
440 302 430 311
441 302 431 311
443 302 433 311
448 302 437 311
449 302 439 311
451 302 441 311
454 302 444 310
456 302 445 310
458 302 448 311
459 302 449 311
463 302 453 311
464 302 455 311
466 302 457 311
467 302 459 312
469 302 461 312
471 302 463 312
474 302 467 313
476 302 469 313
426 303 418 313
428 303 419 313
433 303 424 313
435 303 425 313
438 303 428 313
440 303 430 313
441 303 432 313
443 303 433 313
445 303 435 313
449 303 439 312
454 303 444 312
456 303 446 313
458 303 448 313
459 303 449 313
461 303 451 313
463 303 453 313
464 303 455 313
466 303 457 313
467 303 459 313
469 303 461 313
471 303 463 314
472 303 464 313
474 303 467 314
428 305 420 315
430 305 421 315
435 305 425 315
438 305 429 315
440 305 431 315
441 305 432 315
443 305 434 315
445 305 435 315
446 305 437 315
453 305 442 314
454 305 444 314
456 305 446 314
458 305 448 315
459 305 449 315
461 305 451 315
463 305 453 315
464 305 455 315
466 305 457 315
467 305 459 315
469 305 461 315
471 305 463 315
472 305 464 315
476 305 469 316
430 306 421 316
431 306 423 317
435 306 426 316
440 306 431 317
441 306 432 317
443 306 434 317
445 306 435 316
446 306 437 317
448 306 439 316
453 306 443 316
454 306 444 316
456 306 446 316
458 306 448 316
459 306 450 316
461 306 451 316
463 306 453 317
464 306 455 317
466 306 457 317
467 306 459 317
469 306 461 317
471 306 463 317
472 306 465 317
474 306 467 317
431 308 423 318
433 308 425 319
436 308 427 318
438 308 429 318
440 308 431 318
441 308 432 318
443 308 434 318
445 308 436 318
446 308 437 318
448 308 438 318
449 308 440 318
451 308 442 318
454 308 444 318
456 308 446 318
458 308 448 318
459 308 450 318
461 308 451 318
463 308 453 318
464 308 455 318
466 308 457 318
467 308 459 318
469 308 461 318
471 308 463 319
472 308 465 319
474 308 467 319
433 310 424 320
436 310 427 320
438 310 429 320
440 310 431 320
441 310 432 320
443 310 434 320
445 310 436 320
446 310 437 320
448 310 439 320
449 310 440 320
451 310 442 320
454 310 445 320
456 310 446 320
458 310 448 320
459 310 450 320
461 310 451 320
463 310 453 320
464 310 455 320
466 310 457 320
467 310 459 320
469 310 461 321
471 310 463 321
438 311 429 322
440 311 431 322
441 311 432 322
443 311 434 322
445 311 435 322
446 311 437 322
448 311 439 322
449 311 440 321
451 311 442 322
453 311 444 322
454 311 445 321
458 311 448 321
459 311 450 322
461 311 452 322
463 311 453 322
464 311 455 322
466 311 457 322
467 311 459 322
469 311 461 322
471 311 463 322
435 313 426 324
436 313 428 324
440 313 431 324
441 313 432 324
443 313 434 323
445 313 435 323
446 313 437 324
448 313 439 323
449 313 440 323
451 313 442 323
453 313 444 323
454 313 445 323
458 313 448 323
459 313 450 324
461 313 452 323
463 313 453 324
464 313 455 324
466 313 457 323
467 313 459 324
469 313 461 324
435 315 427 325
436 315 428 326
440 315 431 326
441 315 432 325
443 315 434 325
445 315 436 325
446 315 437 325
448 315 439 325
449 315 440 325
451 315 442 325
453 315 444 325
454 315 445 325
456 315 447 325
458 315 449 325
461 315 452 325
463 315 453 325
464 315 455 325
466 315 457 325
467 315 459 325
469 315 461 325
440 316 431 327
443 316 434 327
445 316 436 327
446 316 437 327
448 316 439 327
449 316 441 327
451 316 442 327
453 316 444 327
454 316 445 327
456 316 447 327
458 316 449 327
459 316 450 327
463 316 453 327
466 316 457 327
467 316 458 327
469 316 461 327
441 318 432 329
445 318 436 329
446 318 438 329
448 318 439 329
453 318 444 329
454 318 445 329
456 318 447 329
458 318 449 329
463 318 453 329
464 318 455 329
466 318 457 329
467 318 458 329
469 318 461 329
441 320 433 331
451 320 442 331
454 320 446 331
456 320 447 331
466 320 457 331
467 320 459 330
469 320 460 331
453 321 444 332
454 321 446 332
458 321 449 332
464 321 455 332
466 321 457 332
467 321 459 332
453 323 444 334
454 323 446 334
456 323 448 334
458 323 449 334
459 323 452 334
464 323 455 334
466 323 457 334
467 323 459 334
472 323 463 334
466 324 456 336
467 324 460 335
469 324 461 335
458 326 450 337
459 326 451 337
461 326 455 337
463 326 456 337
469 326 461 337
471 326 463 337
474 326 465 337
476 326 467 337
477 326 468 337
