467 283 450 298
476 285 462 304
467 287 450 302
477 287 463 305
479 287 465 305
461 288 441 302
463 288 443 302
464 288 446 304
466 288 448 304
467 288 450 304
469 288 453 305
476 288 461 306
477 288 463 307
479 288 465 306
463 290 444 305
464 290 446 306
466 290 448 306
467 290 450 306
469 290 453 308
471 290 455 308
472 290 457 308
474 290 460 308
476 290 462 308
481 290 468 310
464 292 446 307
466 292 448 308
467 292 450 307
469 292 453 310
471 292 455 309
472 292 457 309
474 292 459 310
476 292 462 310
477 292 464 310
479 292 466 310
481 292 468 312
459 293 439 307
461 293 441 308
464 293 446 309
466 293 448 310
467 293 450 310
469 293 452 309
471 293 455 311
472 293 457 311
474 293 459 311
476 293 462 312
477 293 463 312
479 293 466 312
481 293 468 313
482 293 470 314
425 295 406 311
426 295 408 311
433 295 414 310
435 295 415 310
456 295 435 309
458 295 437 309
459 295 439 310
461 295 441 310
463 295 443 311
464 295 446 311
466 295 448 311
467 295 450 312
469 295 452 312
471 295 455 313
472 295 457 313
474 295 459 313
476 295 462 314
477 295 463 314
479 295 466 314
426 297 408 313
428 297 409 313
430 297 411 312
431 297 412 312
433 297 414 313
435 297 415 312
453 297 432 311
454 297 433 311
456 297 435 311
458 297 437 311
459 297 439 312
461 297 441 312
463 297 443 313
464 297 446 313
466 297 448 313
467 297 450 314
469 297 452 314
471 297 455 315
472 297 457 315
474 297 459 315
476 297 461 316
477 297 463 316
479 297 466 316
481 297 468 316
482 297 470 316
425 298 406 314
426 298 408 314
428 298 409 314
431 298 412 314
433 298 414 314
435 298 416 314
436 298 417 314
453 298 432 313
454 298 433 313
456 298 435 313
458 298 437 313
461 298 441 314
463 298 443 314
466 298 448 315
467 298 450 315
469 298 452 315
471 298 455 316
472 298 457 317
474 298 459 317
476 298 461 317
477 298 463 317
479 298 466 317
481 298 468 318
425 300 406 315
426 300 408 316
428 300 410 316
430 300 411 316
431 300 413 316
433 300 414 316
436 300 417 316
438 300 418 316
443 300 423 315
445 300 425 315
446 300 424 314
448 300 426 314
451 300 430 315
453 300 432 315
454 300 433 314
456 300 435 315
458 300 437 315
459 300 439 315
463 300 443 316
466 300 448 316
467 300 449 317
469 300 452 317
471 300 454 317
472 300 457 319
474 300 459 319
476 300 461 319
477 300 463 319
426 302 408 318
428 302 410 318
430 302 412 318
431 302 413 318
433 302 415 318
435 302 416 318
436 302 417 318
438 302 419 318
441 302 421 317
443 302 423 317
445 302 425 317
446 302 426 317
448 302 428 317
453 302 432 316
454 302 433 316
456 302 435 316
458 302 437 316
459 302 439 317
461 302 441 317
463 302 443 318
464 302 445 318
466 302 447 318
467 302 449 319
469 302 452 319
471 302 454 319
472 302 457 320
474 302 459 321
476 302 461 321
430 303 412 320
431 303 413 320
433 303 415 320
435 303 416 320
436 303 417 320
438 303 419 319
440 303 420 319
441 303 422 319
443 303 424 319
446 303 426 319
448 303 427 319
449 303 429 319
454 303 434 318
456 303 435 318
458 303 437 318
459 303 438 318
461 303 441 319
463 303 443 319
464 303 445 320
466 303 447 320
467 303 449 320
469 303 452 321
471 303 454 321
472 303 455 321
474 303 459 322
476 303 461 323
430 305 412 322
431 305 413 322
433 305 415 322
435 305 417 322
438 305 419 322
440 305 421 322
441 305 423 321
443 305 424 321
445 305 426 321
448 305 427 321
449 305 429 321
453 305 432 321
454 305 434 321
456 305 435 321
458 305 437 320
459 305 439 320
461 305 440 320
463 305 443 322
464 305 445 322
466 305 447 322
467 305 449 322
469 305 452 323
471 305 454 323
472 305 456 323
474 305 458 324
476 305 461 324
431 306 413 324
433 306 415 324
435 306 417 324
436 306 418 325
440 306 421 323
441 306 423 323
443 306 424 323
445 306 426 323
448 306 428 323
449 306 430 323
451 306 431 323
453 306 433 323
456 306 436 323
458 306 437 322
459 306 439 322
461 306 441 322
463 306 444 324
464 306 445 324
466 306 447 324
467 306 449 324
469 306 451 324
471 306 454 324
472 306 456 325
474 306 458 325
430 308 413 326
433 308 415 326
435 308 417 326
436 308 418 326
438 308 420 326
440 308 422 326
441 308 423 326
443 308 424 325
445 308 426 325
446 308 427 325
449 308 430 325
451 308 432 325
453 308 433 325
454 308 434 325
456 308 436 325
459 308 439 324
461 308 441 324
463 308 444 326
464 308 445 325
466 308 447 325
467 308 449 326
469 308 451 326
471 308 454 326
472 308 456 326
474 308 458 327
433 310 415 328
435 310 417 328
436 310 419 328
438 310 420 328
440 310 422 328
441 310 423 328
443 310 424 327
445 310 426 327
446 310 427 327
448 310 429 327
451 310 432 327
453 310 433 327
454 310 435 327
456 310 436 326
458 310 438 326
459 310 440 327
463 310 444 328
464 310 445 327
466 310 447 327
467 310 449 327
469 310 451 328
471 310 454 328
472 310 456 328
435 311 417 330
436 311 419 330
438 311 420 330
440 311 422 330
441 311 423 330
445 311 426 329
446 311 427 329
448 311 429 329
449 311 431 329
453 311 434 329
454 311 435 329
456 311 437 328
458 311 438 328
459 311 440 328
463 311 443 329
464 311 445 329
466 311 447 329
467 311 449 329
469 311 451 329
471 311 454 330
472 311 455 330
474 311 458 330
433 313 416 332
436 313 419 332
438 313 421 332
440 313 422 332
441 313 423 331
443 313 425 332
445 313 427 332
446 313 427 331
448 313 429 331
449 313 431 331
451 313 432 331
454 313 435 331
456 313 437 330
458 313 439 331
459 313 440 331
461 313 441 330
463 313 443 331
464 313 445 331
466 313 447 331
467 313 449 331
469 313 451 331
471 313 454 331
472 313 455 332
436 315 419 334
438 315 421 334
440 315 422 334
441 315 424 334
443 315 425 333
445 315 427 334
448 315 429 333
449 315 431 333
451 315 433 333
453 315 434 333
456 315 437 332
458 315 439 332
459 315 440 333
461 315 442 333
463 315 443 332
464 315 445 333
466 315 447 332
467 315 449 333
469 315 451 333
471 315 454 333
438 316 421 335
440 316 422 335
441 316 424 336
443 316 425 335
445 316 427 335
446 316 429 335
449 316 431 335
451 316 433 335
453 316 435 335
454 316 436 335
458 316 439 334
459 316 440 334
461 316 442 334
463 316 444 334
464 316 445 335
466 316 447 334
467 316 449 335
440 318 422 338
441 318 423 338
443 318 425 338
445 318 427 337
451 318 433 337
454 318 436 337
458 318 439 336
459 318 440 336
461 318 442 336
463 318 444 336
464 318 445 336
466 318 447 336
467 318 449 336
469 318 451 337
454 320 436 338
456 320 438 338
458 320 439 338
461 320 442 338
463 320 444 339
464 320 445 338
466 320 447 338
467 320 449 338
469 320 451 339
463 321 444 340
464 321 445 340
466 321 447 340
469 321 451 340
