417 314 415 315
414 315 412 317
416 315 413 317
417 315 415 316
418 315 417 316
420 315 418 316
423 315 422 317
425 315 423 317
427 315 425 316
413 317 412 318
416 317 414 318
417 317 415 318
418 317 417 318
420 317 418 318
423 317 422 318
425 317 423 318
427 317 425 318
428 317 426 318
413 318 411 319
417 318 415 319
418 318 417 319
420 318 418 319
422 318 420 320
423 318 421 319
425 318 423 319
427 318 425 319
411 319 408 321
412 319 410 320
430 319 428 320
412 320 410 322
413 320 411 322
414 320 413 322
417 320 415 322
423 320 421 322
425 320 423 322
427 320 425 322
432 320 430 322
412 322 410 323
413 322 411 323
414 322 413 323
417 322 415 323
418 322 416 323
420 322 418 323
422 322 420 323
423 322 421 323
425 322 423 323
427 322 425 324
430 322 428 323
433 322 433 320
409 323 408 324
412 323 410 325
413 323 411 325
417 323 415 325
418 323 416 325
420 323 418 324
422 323 420 325
423 323 421 325
425 323 423 325
427 323 425 325
428 323 426 325
433 323 433 321
421 324 418 326
422 324 420 326
423 324 421 326
425 324 422 326
427 324 425 326
431 324 430 324
432 324 432 323
433 324 433 323
408 325 407 326
409 325 408 327
412 325 410 327
413 325 411 327
414 325 413 326
418 325 416 327
430 325 428 327
432 325 431 325
433 325 433 325
407 327 405 328
408 327 406 328
409 327 408 328
412 327 410 328
413 327 411 328
414 327 413 328
417 327 415 328
418 327 416 328
421 327 419 328
423 327 421 328
425 327 423 328
427 327 425 328
428 327 426 328
431 327 430 326
432 327 431 327
407 328 405 329
408 328 406 329
409 328 408 329
412 328 410 329
413 328 411 329
414 328 413 330
417 328 415 329
418 328 416 330
422 328 420 330
423 328 421 330
425 328 423 330
427 328 425 330
428 328 426 330
431 328 430 328
413 329 411 331
414 329 413 331
422 329 419 331
423 329 421 331
428 329 426 331
431 329 430 330
397 330 395 331
398 330 396 331
401 330 399 331
402 330 400 331
403 330 401 331
404 330 403 331
407 330 405 332
408 330 406 332
409 330 408 331
412 330 410 332
420 330 418 332
425 330 423 332
427 330 425 332
433 330 433 331
436 330 435 331
397 332 395 332
398 332 396 333
401 332 399 333
402 332 400 333
403 332 401 333
404 332 403 333
407 332 405 333
408 332 406 333
409 332 408 333
412 332 410 333
413 332 411 333
414 332 413 333
416 332 414 333
418 332 416 333
420 332 418 333
422 332 420 333
423 332 421 333
425 332 423 333
426 332 424 333
396 333 393 333
398 333 396 334
401 333 399 334
402 333 400 334
403 333 401 334
404 333 403 334
407 333 405 334
408 333 406 334
409 333 408 334
412 333 410 334
413 333 411 334
414 333 412 335
417 333 415 335
418 333 416 334
420 333 418 335
422 333 420 335
423 333 421 335
425 333 423 335
426 333 424 335
428 333 426 335
430 333 428 335
431 333 429 335
394 334 392 334
396 334 394 334
397 334 395 335
402 334 400 335
404 334 402 336
412 334 410 336
413 334 411 336
414 334 413 336
417 334 415 336
418 334 416 336
420 334 418 336
422 334 420 336
423 334 421 336
425 334 423 336
426 334 424 336
430 334 428 336
431 334 429 336
432 334 431 335
435 334 435 333
397 336 395 336
398 336 396 336
399 336 398 336
403 336 401 336
408 336 406 336
409 336 408 337
412 336 410 337
413 336 411 337
425 336 423 337
428 336 426 337
396 337 393 338
397 337 395 338
398 337 396 338
399 337 397 338
402 337 400 338
403 337 401 338
408 337 407 338
409 337 408 338
417 337 415 338
418 337 416 338
420 337 418 338
422 337 420 339
423 337 421 339
427 337 425 338
428 337 426 338
430 337 428 338
431 337 429 338
397 338 395 339
398 338 396 339
399 338 397 339
402 338 400 339
403 338 401 339
404 338 403 339
407 338 405 340
408 338 406 339
409 338 408 339
412 338 410 339
413 338 411 339
414 338 413 340
417 338 415 340
418 338 416 340
420 338 418 339
422 338 420 340
423 338 421 340
425 338 422 340
427 338 425 340
428 338 426 340
430 338 428 339
431 338 431 338
393 339 373 327
398 339 396 341
401 339 398 340
402 339 400 340
407 339 405 341
408 339 406 340
409 339 407 340
414 339 413 341
417 339 415 341
418 339 416 341
422 339 420 341
423 339 421 341
404 341 403 341
411 341 409 342
418 341 416 343
422 341 419 343
425 341 423 342
426 341 424 342
393 342 391 343
398 342 396 342
399 342 397 342
402 342 400 343
403 342 401 343
404 342 403 343
407 342 405 343
408 342 406 343
409 342 408 343
411 342 409 343
413 342 411 343
414 342 413 343
417 342 415 343
421 342 418 344
425 342 423 343
393 343 391 344
396 343 393 344
397 343 394 344
402 343 400 344
403 343 401 344
404 343 403 344
407 343 405 344
408 343 406 344
409 343 408 344
412 343 410 344
413 343 411 344
414 343 413 345
416 343 414 345
418 343 416 345
422 343 419 345
423 343 421 344
393 344 391 346
396 344 393 346
401 344 398 346
402 344 400 346
403 344 401 345
404 344 402 346
407 344 405 346
408 344 406 345
409 344 407 345
411 344 409 345
413 344 411 346
414 344 413 346
416 344 414 346
418 344 416 346
421 344 418 346
422 344 419 346
393 346 391 347
396 346 393 347
397 346 395 346
398 346 396 347
401 346 399 347
402 346 400 347
406 346 403 347
396 347 393 349
403 347 401 348
407 347 405 348
408 347 406 348
409 347 408 348
411 347 409 348
413 347 411 348
414 347 413 348
397 348 394 349
398 348 396 349
403 348 401 349
404 348 402 349
407 348 405 350
408 348 406 349
409 348 408 349
412 348 410 349
413 348 411 349
414 348 413 349
417 348 417 348
398 349 396 351
399 349 397 351
402 349 400 351
403 349 401 350
404 349 403 350
408 349 406 350
