412 314 412 314
413 314 413 314
414 314 415 314
416 314 416 314
417 314 417 314
418 314 418 314
420 314 420 314
421 314 421 314
422 314 422 314
423 314 424 314
426 314 426 314
428 314 428 314
431 314 431 314
433 314 434 314
411 315 411 315
412 315 412 315
413 315 413 315
414 315 415 315
416 315 416 315
417 315 417 315
418 315 418 315
420 315 420 315
421 315 421 315
422 315 422 315
423 315 423 315
425 315 425 315
427 315 427 315
428 315 428 315
435 315 435 316
411 317 411 317
412 317 412 317
413 317 413 317
414 317 415 317
416 317 416 317
417 317 417 317
418 317 418 317
421 317 421 317
422 317 422 317
423 317 423 317
426 317 426 317
427 317 427 317
428 317 428 317
409 318 409 318
411 318 411 318
412 318 412 318
413 318 413 318
414 318 415 318
416 318 416 318
417 318 417 318
418 318 418 318
420 318 420 318
421 318 421 318
422 318 422 318
423 318 423 318
426 318 426 318
427 318 427 318
428 318 428 318
430 318 430 318
433 318 433 318
409 319 410 319
411 319 411 319
412 319 412 319
413 319 413 319
414 319 415 319
416 319 416 319
417 319 417 319
418 319 418 319
421 319 421 319
423 319 423 319
426 319 426 319
427 319 427 319
431 319 431 319
409 320 409 320
411 320 411 320
412 320 412 320
413 320 413 320
414 320 415 320
416 320 416 320
417 320 417 320
418 320 418 320
421 320 421 320
422 320 422 320
426 320 426 321
431 320 431 320
433 320 434 321
409 322 409 322
412 322 412 322
413 322 413 322
414 322 415 322
417 322 417 322
418 322 418 322
420 322 420 322
421 322 421 322
422 322 422 322
423 322 423 322
426 322 426 322
427 322 427 322
428 322 428 322
432 322 433 322
436 322 437 322
407 323 407 323
411 323 411 323
412 323 412 323
413 323 413 323
414 323 415 323
418 323 418 323
420 323 420 323
421 323 421 323
422 323 422 323
425 323 425 323
426 323 426 323
428 323 428 323
430 323 429 323
432 323 432 323
433 323 434 323
406 324 406 324
407 324 407 324
408 324 408 324
409 324 409 324
411 324 411 324
413 324 413 324
414 324 415 324
416 324 416 324
417 324 417 324
418 324 418 324
420 324 420 324
421 324 421 324
422 324 422 324
425 324 425 324
426 324 426 324
428 324 428 324
430 324 429 325
432 324 432 324
406 325 406 325
407 325 407 325
409 325 409 325
411 325 411 325
413 325 413 326
414 325 415 326
416 325 416 326
417 325 417 325
418 325 418 325
420 325 420 325
421 325 421 325
422 325 422 325
423 325 423 325
426 325 426 325
428 325 428 326
431 325 431 326
433 325 434 325
436 325 437 325
408 327 408 327
409 327 409 327
411 327 411 327
412 327 412 327
414 327 415 327
416 327 416 327
417 327 417 327
418 327 418 327
420 327 420 327
422 327 422 327
423 327 423 327
428 327 428 327
430 327 429 327
431 327 431 327
432 327 433 327
406 328 406 328
407 328 407 328
408 328 408 328
409 328 409 328
411 328 411 328
412 328 412 328
414 328 415 328
416 328 416 328
417 328 417 328
418 328 418 328
421 328 421 328
422 328 422 328
423 328 423 328
428 328 428 328
430 328 429 328
431 328 431 328
404 329 404 329
406 329 406 329
407 329 407 329
408 329 408 329
409 329 409 329
411 329 411 329
412 329 412 329
413 329 413 329
414 329 415 329
416 329 416 329
417 329 417 329
420 329 419 329
421 329 421 329
422 329 422 329
423 329 423 329
426 329 426 329
430 329 430 329
435 329 435 329
436 329 437 328
393 330 393 330
394 330 394 330
396 330 396 330
397 330 397 331
398 330 398 330
401 330 401 331
402 330 402 331
403 330 403 330
404 330 404 330
406 330 406 330
407 330 407 331
408 330 408 330
409 330 409 330
411 330 411 331
412 330 412 331
413 330 413 331
414 330 414 331
416 330 416 330
418 330 418 330
420 330 420 330
421 330 421 331
422 330 422 331
423 330 423 330
426 330 426 330
427 330 427 330
430 330 430 330
432 330 432 331
435 330 435 331
436 330 437 329
393 332 393 332
394 332 394 332
396 332 396 332
397 332 397 332
399 332 399 332
401 332 401 332
402 332 402 332
403 332 403 332
404 332 404 332
406 332 406 332
407 332 407 332
408 332 408 332
409 332 410 332
411 332 411 332
412 332 412 332
413 332 413 332
416 332 416 332
417 332 417 332
418 332 418 332
421 332 421 332
422 332 422 332
425 332 425 332
426 332 426 332
427 332 427 332
428 332 429 332
431 332 431 332
432 332 432 332
435 332 435 332
436 332 437 331
393 333 393 333
394 333 394 333
396 333 396 333
398 333 398 333
401 333 401 333
402 333 402 333
403 333 403 333
404 333 404 333
406 333 406 333
407 333 407 333
408 333 408 333
409 333 409 333
411 333 411 333
412 333 412 333
413 333 413 333
418 333 418 333
422 333 422 333
425 333 425 333
426 333 426 333
427 333 427 333
430 333 429 333
432 333 432 333
393 334 393 334
394 334 394 334
397 334 397 334
402 334 402 334
403 334 403 334
404 334 404 334
406 334 406 334
407 334 407 334
408 334 408 334
409 334 409 334
411 334 411 334
412 334 412 334
413 334 413 334
414 334 415 334
416 334 416 334
417 334 417 334
418 334 418 334
421 334 421 334
423 334 423 334
425 334 425 334
426 334 426 334
428 334 428 334
430 334 429 334
435 334 435 333
393 336 393 336
398 336 398 335
399 336 399 335
401 336 401 335
403 336 403 336
404 336 404 336
406 336 406 336
407 336 407 335
409 336 409 335
411 336 411 336
412 336 412 336
413 336 413 335
416 336 416 336
417 336 417 336
418 336 418 336
421 336 421 336
422 336 422 336
423 336 423 335
425 336 425 336
428 336 428 336
431 336 431 336
432 336 433 333
393 337 393 337
394 337 394 337
396 337 395 337
397 337 397 336
398 337 398 336
399 337 399 336
401 337 401 336
402 337 402 337
404 337 404 337
409 337 409 337
411 337 411 337
414 337 415 336
416 337 416 337
417 337 417 337
418 337 418 337
421 337 421 337
422 337 422 337
423 337 423 337
425 337 425 337
427 337 427 337
428 337 428 337
432 337 433 335
393 338 393 338
394 338 394 338
396 338 396 338
401 338 401 338
402 338 402 338
403 338 403 338
406 338 406 338
407 338 407 338
409 338 409 338
411 338 411 338
412 338 412 338
414 338 415 338
416 338 416 338
417 338 417 338
418 338 418 338
421 338 421 338
422 338 422 338
423 338 423 338
425 338 425 338
427 338 427 338
428 338 428 338
430 338 430 338
431 338 431 338
393 339 393 339
394 339 394 339
396 339 396 339
397 339 397 339
398 339 398 339
399 339 399 339
401 339 401 339
402 339 402 339
403 339 403 339
404 339 404 339
406 339 406 339
407 339 407 339
408 339 408 339
412 339 412 339
414 339 415 339
418 339 418 339
422 339 422 339
423 339 423 339
425 339 425 339
427 339 427 339
428 339 428 339
394 341 394 341
396 341 396 341
397 341 397 341
398 341 398 340
399 341 399 340
401 341 401 340
402 341 402 341
403 341 403 341
404 341 404 341
407 341 407 341
408 341 408 340
409 341 409 340
411 341 411 340
413 341 413 340
414 341 415 340
416 341 416 340
417 341 417 340
420 341 420 341
421 341 421 341
423 341 423 341
426 341 426 341
393 342 393 342
397 342 397 342
398 342 398 341
399 342 399 341
401 342 401 342
406 342 406 342
408 342 408 342
409 342 409 342
411 342 411 342
412 342 412 341
413 342 413 341
414 342 414 342
417 342 417 342
423 342 423 342
393 343 393 343
394 343 394 343
396 343 396 343
397 343 397 343
398 343 398 342
399 343 399 342
401 343 401 343
402 343 402 343
403 343 403 343
406 343 406 343
407 343 407 343
408 343 408 343
409 343 409 343
411 343 411 343
412 343 412 343
413 343 413 343
414 343 414 343
416 343 416 343
418 343 418 343
420 343 420 343
421 343 421 343
422 343 422 343
394 344 394 344
396 344 395 344
398 344 398 343
399 344 399 343
401 344 401 344
402 344 402 344
403 344 403 344
404 344 404 344
406 344 406 344
407 344 407 344
408 344 408 344
409 344 409 344
411 344 411 344
412 344 412 344
413 344 413 344
420 344 420 344
421 344 421 344
422 344 422 344
393 346 393 346
394 346 394 345
396 346 395 345
397 346 397 345
398 346 398 345
399 346 399 345
402 346 402 345
404 346 404 346
406 346 406 346
407 346 407 346
408 346 408 346
409 346 409 346
411 346 411 346
412 346 412 345
413 346 413 345
414 346 415 346
417 346 417 346
418 346 418 346
394 347 394 347
396 347 396 346
397 347 397 347
398 347 398 346
401 347 401 346
402 347 402 347
403 347 403 347
404 347 404 347
406 347 406 347
407 347 407 347
408 347 408 347
409 347 409 347
411 347 411 347
412 347 412 347
413 347 413 347
414 347 415 347
416 347 416 347
417 347 417 347
418 347 418 347
396 348 395 347
397 348 397 348
398 348 398 347
399 348 399 347
401 348 401 348
402 348 402 348
403 348 403 348
404 348 404 348
406 348 406 348
407 348 407 348
408 348 408 348
409 348 409 348
411 348 411 348
412 348 412 348
413 348 413 348
414 348 415 348
397 349 397 349
399 349 399 349
401 349 401 349
402 349 402 349
403 349 403 349
404 349 405 349
406 349 406 349
407 349 407 349
408 349 409 349
409 349 410 349
411 349 412 349
412 349 413 348
413 349 415 348
414 349 417 348
