438 296 413 310
440 296 416 311
442 296 418 311
444 296 421 311
446 296 422 311
447 296 424 311
449 296 426 312
451 296 428 311
453 296 430 311
455 296 432 310
457 296 435 310
458 296 437 310
436 298 408 311
440 298 416 313
442 298 418 313
444 298 420 313
446 298 422 313
447 298 424 313
449 298 426 314
451 298 428 314
453 298 430 313
455 298 432 313
457 298 435 313
458 298 437 313
436 300 411 313
440 300 416 314
442 300 418 315
444 300 420 315
446 300 422 315
447 300 424 315
449 300 426 316
451 300 428 316
453 300 430 316
455 300 432 316
457 300 433 314
458 300 436 315
436 301 411 315
438 301 413 316
440 301 415 316
442 301 417 316
444 301 419 316
446 301 421 317
447 301 424 317
449 301 425 317
451 301 427 317
453 301 429 318
455 301 431 318
457 301 433 317
458 301 435 316
460 301 438 317
435 303 408 317
436 303 411 317
438 303 413 318
442 303 417 318
444 303 419 318
446 303 421 318
447 303 423 319
449 303 425 319
451 303 427 319
453 303 429 319
455 303 431 320
457 303 433 320
458 303 435 321
460 303 437 321
435 305 408 319
436 305 410 319
438 305 412 319
440 305 414 319
442 305 417 320
444 305 419 320
446 305 421 320
447 305 423 321
449 305 425 321
451 305 427 321
453 305 428 322
455 305 430 322
457 305 432 322
458 305 434 322
460 305 437 323
409 307 384 317
418 307 390 317
420 307 393 317
422 307 395 317
435 307 408 321
436 307 410 321
438 307 412 321
440 307 414 321
442 307 416 322
444 307 419 322
446 307 420 322
447 307 422 323
449 307 424 323
451 307 426 323
453 307 428 324
455 307 430 324
457 307 432 324
458 307 434 324
460 307 436 324
411 309 385 319
416 309 389 320
420 309 392 320
422 309 394 321
424 309 396 321
435 309 407 322
436 309 410 323
438 309 412 323
440 309 414 324
442 309 416 324
444 309 418 324
446 309 420 325
447 309 422 325
449 309 424 325
451 309 426 325
453 309 427 326
455 309 430 326
457 309 432 326
458 309 434 326
460 309 436 326
406 310 380 319
407 310 381 319
411 310 385 321
415 310 387 322
416 310 388 321
418 310 390 322
420 310 392 322
422 310 394 322
424 310 396 323
433 310 405 324
435 310 407 324
436 310 410 325
438 310 411 325
440 310 414 325
442 310 416 325
446 310 420 326
447 310 422 326
449 310 424 326
451 310 426 326
453 310 427 327
455 310 429 327
457 310 431 328
458 310 433 328
460 310 435 327
462 310 437 328
406 312 380 321
407 312 381 321
415 312 387 323
416 312 388 323
418 312 390 323
420 312 392 324
422 312 394 324
424 312 396 324
426 312 398 325
427 312 399 324
431 312 403 325
433 312 405 326
435 312 407 326
436 312 409 326
438 312 411 327
440 312 413 327
442 312 415 327
444 312 417 328
446 312 419 328
447 312 421 328
449 312 423 328
451 312 425 328
453 312 427 329
455 312 429 329
457 312 431 329
458 312 433 329
460 312 435 329
462 312 437 330
464 312 439 330
406 314 380 322
407 314 381 323
409 314 383 323
411 314 385 323
415 314 386 325
416 314 388 325
418 314 390 325
420 314 392 326
422 314 394 326
424 314 396 327
426 314 397 327
427 314 399 326
429 314 401 326
431 314 403 328
433 314 405 328
435 314 407 328
436 314 409 328
438 314 411 328
440 314 413 329
442 314 415 329
444 314 417 329
446 314 419 330
447 314 421 330
449 314 423 330
451 314 425 330
453 314 427 331
455 314 429 331
457 314 431 331
458 314 433 331
460 314 435 332
462 314 437 332
464 314 438 332
406 316 379 324
407 316 381 325
409 316 383 325
411 316 384 325
413 316 386 326
416 316 389 327
418 316 390 327
420 316 392 327
422 316 394 328
424 316 396 328
426 316 397 328
427 316 398 328
429 316 400 328
431 316 402 329
433 316 404 330
435 316 407 330
436 316 409 330
438 316 411 330
440 316 412 331
442 316 414 331
444 316 417 331
447 316 421 332
449 316 423 333
451 316 424 332
453 316 426 333
455 316 428 333
457 316 430 333
458 316 432 333
460 316 434 333
462 316 436 333
464 316 438 334
466 316 440 334
467 316 443 334
406 318 379 326
407 318 381 327
409 318 383 327
411 318 384 327
413 318 386 328
415 318 387 329
418 318 390 329
420 318 392 329
422 318 394 330
424 318 395 330
426 318 397 330
427 318 398 330
429 318 400 331
431 318 402 331
433 318 404 331
435 318 406 332
436 318 408 332
438 318 410 332
440 318 412 333
442 318 414 333
444 318 416 333
446 318 418 333
447 318 420 333
449 318 422 335
451 318 424 334
453 318 426 334
455 318 428 335
457 318 430 335
458 318 432 335
460 318 434 335
462 318 436 335
464 318 438 335
466 318 440 336
467 318 442 337
471 318 444 332
406 320 379 328
407 320 381 328
409 320 383 328
411 320 384 329
415 320 388 331
416 320 389 330
420 320 392 331
422 320 393 331
424 320 395 332
426 320 396 332
427 320 398 332
429 320 400 333
431 320 402 333
433 320 404 333
435 320 406 334
436 320 408 334
438 320 410 334
440 320 412 335
442 320 414 335
444 320 416 335
446 320 417 335
447 320 419 335
449 320 422 335
451 320 424 336
453 320 426 336
455 320 428 337
457 320 430 337
458 320 431 337
460 320 433 337
462 320 436 337
464 320 438 337
466 320 440 338
467 320 441 338
469 320 443 338
471 320 445 336
406 321 379 330
407 321 380 330
409 321 382 330
411 321 384 331
413 321 386 331
416 321 389 332
420 321 391 333
422 321 393 333
424 321 394 334
426 321 396 334
427 321 398 334
429 321 400 335
431 321 401 335
433 321 404 335
435 321 405 336
436 321 407 336
438 321 409 336
440 321 411 336
442 321 413 336
444 321 415 336
446 321 417 337
447 321 419 337
449 321 421 337
451 321 424 339
453 321 426 338
455 321 427 338
457 321 429 338
458 321 431 339
460 321 433 339
462 321 435 339
464 321 438 339
467 321 441 340
469 321 443 340
471 321 445 338
407 323 380 332
409 323 382 332
411 323 384 332
413 323 386 333
415 323 387 333
416 323 389 334
418 323 390 334
420 323 392 335
424 323 395 335
426 323 396 335
427 323 398 336
429 323 399 336
431 323 401 337
433 323 403 337
436 323 407 338
438 323 409 338
440 323 411 338
442 323 413 338
444 323 415 339
446 323 417 339
447 323 419 339
449 323 421 339
451 323 423 339
453 323 425 340
455 323 427 340
457 323 429 340
458 323 431 341
460 323 433 341
462 323 435 341
464 323 437 341
466 323 439 341
467 323 441 342
469 323 443 342
471 323 445 341
409 325 382 334
411 325 384 334
413 325 385 334
415 325 387 335
418 325 390 336
420 325 392 336
422 325 394 337
426 325 396 337
427 325 398 338
429 325 399 338
431 325 401 338
433 325 403 339
435 325 404 339
438 325 408 340
440 325 411 340
442 325 413 340
444 325 415 340
446 325 417 341
447 325 419 341
449 325 420 341
451 325 422 341
453 325 425 341
455 325 427 342
457 325 429 342
458 325 431 342
460 325 432 343
462 325 435 343
464 325 437 343
466 325 439 343
467 325 441 344
469 325 442 344
409 327 381 336
411 327 383 336
413 327 385 336
415 327 387 337
416 327 388 337
418 327 390 338
420 327 392 338
422 327 394 338
426 327 396 339
427 327 398 340
429 327 399 340
431 327 401 340
433 327 403 340
435 327 405 341
436 327 406 341
438 327 408 342
440 327 410 342
442 327 412 342
444 327 414 342
446 327 416 343
447 327 418 343
449 327 420 343
451 327 422 343
453 327 424 343
455 327 427 344
457 327 429 344
458 327 430 344
460 327 432 345
462 327 434 345
464 327 437 345
467 327 440 345
469 327 442 345
471 327 444 344
406 329 380 337
409 329 381 338
411 329 383 338
413 329 385 338
415 329 386 339
416 329 388 339
420 329 391 340
424 329 394 341
426 329 396 341
427 329 398 341
429 329 399 342
431 329 401 342
433 329 403 342
436 329 406 344
438 329 408 344
440 329 410 344
442 329 412 344
444 329 414 344
446 329 416 345
447 329 418 345
449 329 420 345
451 329 422 345
453 329 424 345
455 329 426 346
457 329 428 346
458 329 430 346
462 329 434 347
467 329 440 347
469 329 442 347
407 330 381 339
411 330 383 340
413 330 385 340
415 330 387 341
416 330 388 341
418 330 389 341
420 330 391 342
424 330 394 342
426 330 396 343
427 330 397 343
429 330 399 343
431 330 401 344
433 330 402 343
436 330 405 343
440 330 410 346
442 330 412 346
444 330 413 346
446 330 416 346
447 330 418 347
449 330 419 347
451 330 422 347
453 330 424 347
455 330 425 347
457 330 428 347
409 332 382 341
413 332 385 342
415 332 387 342
416 332 388 342
418 332 389 343
422 332 393 344
426 332 396 344
427 332 397 345
429 332 399 345
431 332 400 345
433 332 402 345
435 332 404 346
438 332 407 347
440 332 409 347
442 332 411 347
444 332 413 348
446 332 415 348
447 332 417 348
449 332 419 348
451 332 421 348
453 332 423 349
455 332 425 349
409 334 382 343
415 334 386 344
416 334 388 344
418 334 389 345
420 334 391 345
422 334 393 346
426 334 396 346
427 334 397 346
429 334 399 347
431 334 400 347
433 334 402 348
435 334 404 348
436 334 405 348
438 334 407 348
440 334 409 349
442 334 411 349
444 334 413 350
446 334 415 350
447 334 417 350
449 334 419 350
451 334 421 350
411 336 383 345
413 336 385 346
416 336 388 346
418 336 389 346
420 336 391 347
426 336 395 348
427 336 397 348
429 336 399 349
431 336 400 349
433 336 402 350
435 336 404 350
436 336 405 350
438 336 407 350
440 336 409 351
442 336 411 351
444 336 413 352
446 336 414 352
447 336 416 352
449 336 418 352
451 336 420 352
462 336 433 353
415 338 386 348
416 338 387 348
418 338 389 348
420 338 390 348
422 338 392 349
426 338 395 350
427 338 397 350
429 338 398 350
431 338 400 351
433 338 402 351
435 338 403 351
436 338 405 351
438 338 406 352
440 338 408 353
442 338 410 353
444 338 412 353
446 338 414 354
447 338 416 354
449 338 418 354
451 338 420 354
455 338 428 355
466 338 439 352
415 340 385 349
416 340 387 350
418 340 389 350
420 340 391 350
422 340 392 350
427 340 396 352
429 340 398 352
431 340 400 352
433 340 401 353
435 340 403 353
436 340 405 354
438 340 406 354
440 340 408 354
442 340 410 355
444 340 412 355
446 340 414 355
447 340 415 355
455 340 432 353
416 341 387 351
418 341 389 352
420 341 391 352
422 341 392 352
424 341 394 353
426 341 395 353
427 341 397 354
431 341 400 354
433 341 401 355
435 341 403 355
436 341 405 355
438 341 406 356
440 341 408 356
442 341 410 356
447 341 415 357
413 343 387 353
420 343 390 354
424 343 394 355
427 343 397 356
433 343 401 357
435 343 403 357
436 343 404 357
438 343 406 357
440 343 408 358
442 343 410 358
444 343 411 358
451 343 426 357
422 345 392 356
424 345 394 356
416 347 399 360
438 349 404 361
440 349 406 361
442 349 408 362
444 349 409 362
446 349 412 362
447 349 414 362
453 349 423 362
