438 296 412 314
440 296 414 314
442 296 416 314
444 296 418 314
446 296 421 317
447 296 423 316
449 296 424 317
451 296 426 317
455 296 429 314
458 296 434 314
436 298 410 315
438 298 414 317
440 298 415 317
444 298 419 319
446 298 420 319
447 298 422 319
449 298 424 319
451 298 425 319
453 298 427 319
455 298 429 318
457 298 431 317
438 300 413 319
440 300 415 319
442 300 417 319
444 300 418 320
446 300 420 320
447 300 421 320
449 300 423 320
451 300 425 320
453 300 426 321
455 300 428 321
436 301 411 321
438 301 412 321
440 301 414 321
442 301 416 321
444 301 417 322
446 301 419 322
447 301 421 322
449 301 422 322
451 301 424 322
453 301 425 322
436 303 410 323
440 303 413 324
442 303 415 323
444 303 417 323
446 303 419 323
447 303 420 324
449 303 422 323
451 303 423 324
453 303 425 324
457 303 428 324
458 303 429 324
438 305 411 325
440 305 413 325
442 305 414 324
444 305 416 325
446 305 418 325
447 305 419 325
449 305 421 325
451 305 423 325
455 305 425 326
457 305 426 326
458 305 428 326
460 305 430 326
420 307 392 324
422 307 394 325
435 307 407 326
438 307 411 327
440 307 412 327
442 307 414 327
444 307 416 327
446 307 417 327
447 307 419 327
449 307 421 327
451 307 422 327
455 307 424 328
457 307 426 328
458 307 428 328
460 307 430 328
416 309 389 325
418 309 390 325
420 309 392 326
435 309 406 327
436 309 408 328
438 309 410 329
440 309 412 329
442 309 413 329
444 309 415 328
446 309 417 328
447 309 418 329
451 309 420 330
453 309 422 329
455 309 424 329
457 309 426 329
458 309 427 330
460 309 429 329
411 310 385 326
415 310 387 326
416 310 388 327
420 310 393 326
422 310 395 327
424 310 397 327
433 310 404 328
435 310 406 329
436 310 408 330
438 310 409 330
440 310 411 330
442 310 413 331
446 310 416 330
449 310 418 330
451 310 420 331
453 310 422 331
455 310 423 331
457 310 425 331
458 310 427 331
460 310 428 331
462 310 430 331
409 312 383 327
411 312 385 327
413 312 386 328
415 312 387 328
416 312 389 328
418 312 391 328
420 312 392 328
422 312 394 328
424 312 396 329
427 312 399 328
429 312 400 328
436 312 407 331
438 312 409 331
440 312 410 331
442 312 412 332
444 312 414 332
446 312 415 332
449 312 417 332
451 312 419 332
453 312 421 332
455 312 423 332
457 312 424 332
460 312 428 332
462 312 429 333
413 314 385 329
415 314 387 330
416 314 388 330
418 314 390 330
420 314 392 330
422 314 394 330
424 314 396 330
427 314 398 330
429 314 400 330
431 314 401 330
435 314 405 333
436 314 406 333
438 314 408 333
440 314 410 333
442 314 411 333
444 314 413 333
447 314 415 334
449 314 417 334
451 314 418 334
453 314 421 334
455 314 422 334
457 314 424 334
460 314 427 334
462 314 428 334
464 314 429 334
418 316 390 331
420 316 392 331
422 316 394 331
424 316 395 332
427 316 397 332
429 316 399 332
431 316 401 334
433 316 402 335
435 316 404 335
436 316 406 335
438 316 408 335
440 316 409 335
446 316 413 335
447 316 415 335
449 316 416 335
451 316 418 336
453 316 420 335
455 316 421 335
457 316 423 336
460 316 426 335
462 316 427 336
464 316 429 336
427 318 397 333
429 318 398 334
433 318 402 336
435 318 403 337
436 318 405 337
442 318 409 337
446 318 413 337
447 318 414 337
449 318 416 337
453 318 419 337
455 318 421 337
457 318 422 337
460 318 425 337
462 318 427 337
464 318 429 337
466 318 430 337
467 318 432 337
469 318 433 339
420 320 391 333
424 320 393 334
426 320 395 334
427 320 396 335
435 320 402 338
440 320 406 339
442 320 408 339
444 320 410 339
446 320 412 338
447 320 414 339
449 320 415 339
451 320 417 338
453 320 418 339
455 320 420 339
457 320 422 339
460 320 424 339
462 320 426 339
464 320 428 339
466 320 429 339
467 320 431 339
402 321 382 330
424 321 393 335
426 321 394 336
427 321 395 336
431 321 399 337
433 321 400 339
435 321 402 340
436 321 404 339
438 321 404 340
440 321 406 340
442 321 408 340
446 321 412 340
447 321 413 340
449 321 414 340
451 321 416 340
453 321 418 340
457 321 421 340
458 321 422 340
460 321 424 341
462 321 425 340
466 321 429 340
467 321 430 340
427 323 395 338
438 323 404 341
442 323 407 341
444 323 409 341
446 323 411 341
447 323 412 342
449 323 414 342
451 323 416 341
455 323 419 342
457 323 420 342
460 323 423 342
462 323 425 342
464 323 427 341
466 323 428 342
467 323 430 342
407 325 391 335
431 325 397 338
433 325 399 338
435 325 401 342
436 325 402 343
440 325 405 343
442 325 407 343
446 325 410 343
447 325 412 343
449 325 413 343
451 325 415 344
457 325 419 344
458 325 421 344
460 325 423 344
462 325 425 344
466 325 428 344
467 325 429 344
420 327 387 335
431 327 397 341
433 327 398 341
435 327 401 344
436 327 402 344
440 327 404 345
442 327 406 345
444 327 408 345
446 327 409 345
447 327 411 345
449 327 412 345
455 327 417 345
457 327 419 345
458 327 420 345
460 327 423 345
462 327 426 344
469 327 429 346
420 329 386 337
422 329 388 338
433 329 397 343
438 329 402 346
440 329 404 346
442 329 406 346
444 329 407 346
446 329 409 347
447 329 410 347
453 329 415 346
455 329 417 346
458 329 420 347
418 330 384 338
420 330 386 338
422 330 387 339
429 330 394 343
431 330 395 344
433 330 397 344
435 330 399 345
438 330 402 347
440 330 403 348
442 330 405 348
444 330 406 348
446 330 408 348
451 330 413 348
455 330 416 349
457 330 418 349
458 330 419 350
422 332 387 341
427 332 392 343
429 332 393 345
431 332 395 345
433 332 396 346
435 332 398 347
436 332 400 347
440 332 403 349
444 332 406 349
446 332 408 349
447 332 409 349
449 332 411 349
451 332 413 349
455 332 415 350
458 332 418 351
407 334 386 344
426 334 389 343
429 334 392 346
431 334 394 347
433 334 396 347
435 334 397 348
440 334 402 351
442 334 404 351
444 334 405 351
447 334 408 351
449 334 410 351
451 334 411 352
411 336 389 345
429 336 392 347
431 336 393 348
433 336 395 349
435 336 397 349
436 336 398 349
438 336 400 352
442 336 403 352
444 336 405 352
446 336 406 353
449 336 409 353
451 336 411 354
411 338 389 347
413 338 390 347
433 338 395 350
436 338 398 351
444 338 404 354
446 338 406 354
462 338 426 349
420 340 396 351
442 340 401 355
447 340 408 355
