438 296 413 312
442 296 418 313
444 296 420 313
446 296 422 313
447 296 424 314
449 296 425 314
451 296 427 314
453 296 429 313
455 296 430 312
436 298 408 313
438 298 412 313
440 298 416 315
442 298 418 315
444 298 420 315
446 298 421 315
447 298 423 316
449 298 425 316
451 298 427 316
453 298 429 316
455 298 431 316
457 298 432 316
436 300 411 316
438 300 413 316
440 300 415 316
442 300 417 317
444 300 419 317
446 300 421 317
447 300 423 318
449 300 425 318
451 300 426 318
453 300 428 318
455 300 430 317
436 301 411 318
438 301 412 318
440 301 415 318
442 301 417 319
444 301 419 319
446 301 420 319
447 301 423 319
449 301 424 319
451 301 426 320
453 301 428 320
455 301 430 320
457 301 432 320
436 303 410 319
438 303 412 320
440 303 414 320
442 303 416 320
444 303 418 320
446 303 420 321
447 303 422 321
449 303 424 321
451 303 426 321
453 303 427 322
457 303 431 322
458 303 433 322
435 305 408 321
436 305 410 321
438 305 412 322
440 305 414 322
442 305 416 322
444 305 418 322
446 305 419 323
447 305 421 323
449 305 423 323
455 305 429 323
457 305 431 324
435 307 408 323
436 307 409 323
438 307 411 324
440 307 413 324
442 307 415 324
444 307 417 324
446 307 419 324
447 307 421 325
449 307 423 325
451 307 425 325
453 307 427 325
455 307 429 325
457 307 430 326
418 309 389 321
420 309 392 321
422 309 394 321
435 309 407 324
436 309 409 325
438 309 411 325
440 309 413 326
442 309 415 326
444 309 416 326
446 309 419 326
447 309 420 327
449 309 422 327
453 309 425 328
455 309 428 327
418 310 390 323
420 310 392 323
422 310 394 324
424 310 396 324
433 310 404 326
435 310 407 326
436 310 409 327
438 310 410 327
440 310 412 327
442 310 414 327
444 310 416 328
446 310 418 328
447 310 420 328
451 310 423 329
453 310 424 329
455 310 427 330
415 312 386 324
416 312 388 325
418 312 390 325
420 312 392 325
422 312 394 326
424 312 396 326
426 312 398 326
431 312 402 325
435 312 406 328
436 312 408 328
438 312 410 329
440 312 412 329
442 312 414 329
444 312 416 329
446 312 418 330
449 312 421 330
451 312 423 330
453 312 424 331
455 312 426 331
416 314 388 327
418 314 390 327
420 314 392 327
422 314 394 327
424 314 395 328
426 314 397 328
427 314 399 329
429 314 399 327
431 314 401 327
435 314 405 330
436 314 408 330
438 314 410 330
440 314 411 331
444 314 415 331
446 314 416 331
447 314 418 332
449 314 420 332
451 314 422 332
453 314 424 333
457 314 428 333
458 314 430 333
406 316 379 322
416 316 388 329
418 316 390 328
420 316 392 328
422 316 393 329
424 316 395 329
426 316 396 330
431 316 401 330
433 316 403 331
435 316 405 332
436 316 407 332
440 316 410 333
442 316 412 333
444 316 414 333
446 316 416 333
447 316 418 334
449 316 420 334
451 316 422 334
453 316 424 334
455 316 425 334
457 316 427 335
458 316 429 335
404 318 379 324
422 318 393 330
424 318 394 331
426 318 396 331
429 318 399 332
433 318 403 333
435 318 405 334
436 318 406 334
438 318 408 335
440 318 410 335
442 318 412 335
444 318 414 335
446 318 416 335
447 318 417 335
449 318 420 336
451 318 421 336
453 318 423 336
455 318 425 337
457 318 427 337
458 318 429 337
404 320 378 326
407 320 380 326
413 320 384 327
422 320 392 332
424 320 394 333
426 320 396 333
429 320 398 334
433 320 402 335
435 320 404 335
436 320 406 336
438 320 407 336
440 320 409 336
442 320 411 337
444 320 413 337
446 320 415 337
447 320 417 337
449 320 419 338
451 320 421 338
453 320 423 338
457 320 426 339
458 320 428 339
460 320 430 339
409 321 380 328
416 321 387 331
420 321 389 332
422 321 391 333
424 321 394 334
426 321 395 335
429 321 398 336
433 321 402 337
435 321 404 337
436 321 405 337
438 321 407 337
440 321 409 338
442 321 411 338
444 321 413 338
446 321 415 339
447 321 417 339
449 321 418 339
451 321 420 340
453 321 422 340
455 321 424 340
457 321 426 340
458 321 428 340
460 321 430 340
462 321 432 340
409 323 380 330
411 323 382 330
413 323 383 331
416 323 387 333
418 323 389 333
422 323 390 334
431 323 400 338
435 323 403 339
436 323 405 339
438 323 407 339
440 323 409 340
442 323 411 340
444 323 413 340
446 323 414 340
447 323 416 341
449 323 418 341
451 323 420 342
453 323 422 342
455 323 424 342
457 323 425 342
458 323 427 342
460 323 429 342
462 323 431 342
464 323 433 343
409 325 379 331
418 325 388 335
420 325 389 336
422 325 391 336
427 325 396 338
429 325 397 338
433 325 401 340
436 325 404 341
438 325 406 341
440 325 408 341
442 325 410 342
444 325 412 342
446 325 414 342
447 325 416 343
455 325 423 344
457 325 425 344
458 325 427 344
460 325 429 344
462 325 431 344
464 325 433 344
418 327 388 337
420 327 389 337
422 327 391 338
424 327 393 338
427 327 395 340
429 327 397 340
431 327 399 340
433 327 401 342
435 327 402 342
436 327 404 343
438 327 406 343
440 327 408 343
442 327 409 344
444 327 411 344
446 327 413 344
449 327 417 344
451 327 419 344
453 327 421 344
455 327 423 345
416 329 386 337
420 329 389 339
422 329 390 340
424 329 392 340
427 329 395 341
429 329 397 342
431 329 398 342
435 329 402 345
436 329 404 345
438 329 405 345
440 329 407 345
442 329 409 345
447 329 414 346
449 329 416 346
451 329 418 346
453 329 420 346
455 329 422 347
413 330 382 337
418 330 387 339
420 330 389 341
422 330 390 341
426 330 393 342
427 330 395 343
429 330 396 343
431 330 398 344
433 330 400 344
436 330 403 347
438 330 405 347
440 330 407 347
442 330 409 347
444 330 410 347
446 330 412 347
447 330 414 347
449 330 416 348
451 330 418 348
453 330 420 348
418 332 386 341
426 332 393 344
427 332 394 344
429 332 396 345
431 332 398 345
433 332 399 346
435 332 401 346
440 332 406 348
442 332 408 349
444 332 410 349
446 332 412 349
447 332 414 349
449 332 416 349
451 332 418 350
453 332 419 350
413 334 381 341
415 334 383 341
416 334 385 342
418 334 386 343
422 334 389 344
424 334 391 345
427 334 394 346
429 334 396 346
431 334 397 347
433 334 399 348
435 334 401 348
436 334 402 348
438 334 404 350
440 334 406 351
442 334 408 351
444 334 410 351
447 334 413 351
449 334 415 351
451 334 418 351
413 336 381 342
418 336 386 345
420 336 387 345
424 336 391 346
426 336 392 347
429 336 395 348
431 336 397 349
433 336 399 349
435 336 400 349
436 336 402 350
446 336 411 353
415 338 382 344
416 338 384 345
420 338 387 346
422 338 389 347
426 338 392 348
427 338 393 349
431 338 397 351
433 338 398 351
435 338 400 351
440 338 404 353
415 340 382 346
422 340 389 349
426 340 391 350
427 340 393 351
429 340 394 351
433 340 398 353
435 340 399 353
436 340 401 354
438 340 403 354
418 341 385 349
426 341 391 351
427 341 393 352
429 341 394 353
435 341 399 355
436 341 401 355
438 341 402 356
438 343 402 358
