442 296 416 312
444 296 418 313
446 296 422 315
447 296 423 315
449 296 425 315
451 296 427 315
455 296 430 313
457 296 431 313
458 296 435 313
438 298 414 315
440 298 415 316
446 298 421 317
447 298 422 317
449 298 424 317
451 298 426 317
453 298 428 317
455 298 429 316
457 298 432 317
458 298 434 317
436 300 411 317
438 300 413 318
440 300 415 317
442 300 417 318
444 300 419 319
446 300 420 319
447 300 422 319
449 300 424 319
451 300 425 319
453 300 427 320
455 300 429 319
457 300 431 319
458 300 433 319
435 301 407 317
436 301 410 320
438 301 412 319
440 301 414 320
442 301 416 320
444 301 418 320
446 301 420 321
447 301 421 321
449 301 423 321
451 301 425 321
453 301 426 321
455 301 428 322
436 303 410 322
438 303 412 322
440 303 413 322
442 303 416 322
444 303 418 322
446 303 419 322
449 303 423 322
451 303 424 323
453 303 426 323
457 303 429 324
458 303 430 324
436 305 409 324
438 305 411 323
440 305 413 324
442 305 415 324
444 305 417 324
446 305 418 324
447 305 420 324
449 305 422 324
451 305 424 324
455 305 427 325
457 305 428 325
458 305 430 326
460 305 432 325
418 307 390 322
420 307 392 322
422 307 394 322
435 307 407 324
438 307 411 325
440 307 413 326
442 307 414 326
444 307 416 326
446 307 418 326
447 307 420 326
449 307 422 326
451 307 424 326
455 307 426 327
457 307 428 327
458 307 429 327
460 307 431 328
462 307 435 330
415 309 387 323
416 309 389 323
418 309 390 324
420 309 393 324
422 309 395 323
435 309 407 326
436 309 409 327
438 309 411 327
440 309 412 327
442 309 414 328
444 309 415 328
446 309 417 328
447 309 419 328
449 309 421 328
453 309 423 328
455 309 425 329
457 309 427 329
458 309 429 329
464 309 440 331
409 310 383 324
415 310 387 325
416 310 388 325
418 310 391 325
422 310 394 325
424 310 396 326
433 310 404 327
435 310 406 328
436 310 408 328
438 310 410 329
440 310 412 329
442 310 413 330
444 310 414 329
451 310 422 330
453 310 423 330
455 310 425 331
457 310 427 331
458 310 428 331
460 310 430 330
462 310 433 330
411 312 385 326
416 312 389 327
418 312 391 327
424 312 396 328
426 312 397 329
429 312 400 327
431 312 402 328
433 312 404 330
435 312 406 330
436 312 407 330
438 312 409 330
440 312 411 330
442 312 413 331
444 312 414 331
447 312 418 331
451 312 421 331
453 312 423 332
455 312 425 332
457 312 426 332
460 312 429 332
462 312 435 335
420 314 392 328
422 314 394 328
424 314 395 330
426 314 397 331
429 314 400 329
431 314 401 330
433 314 403 332
435 314 405 332
436 314 407 332
438 314 408 332
440 314 410 332
442 314 412 333
444 314 414 333
449 314 419 333
451 314 420 333
453 314 422 333
455 314 424 334
458 314 427 334
460 314 429 334
462 314 431 334
420 316 392 329
429 316 399 331
431 316 401 332
433 316 403 334
435 316 404 333
436 316 406 334
438 316 408 334
440 316 409 334
444 316 412 335
446 316 414 335
449 316 418 335
451 316 420 335
453 316 421 335
455 316 423 335
457 316 425 336
460 316 428 336
462 316 430 336
420 318 391 331
427 318 397 333
429 318 399 333
431 318 400 334
435 318 404 335
436 318 405 336
438 318 407 336
440 318 409 336
444 318 412 336
447 318 416 336
449 318 418 336
451 318 419 337
453 318 421 337
455 318 422 337
460 318 427 337
462 318 429 338
464 318 431 338
422 320 392 333
426 320 395 334
427 320 396 334
429 320 398 335
431 320 400 336
433 320 402 337
435 320 403 337
436 320 405 337
438 320 407 337
442 320 410 338
444 320 411 338
447 320 415 338
449 320 417 338
451 320 419 339
453 320 420 339
457 320 424 339
460 320 426 339
462 320 428 339
464 320 430 339
466 320 432 339
467 320 433 339
411 321 381 327
422 321 390 333
427 321 396 336
429 321 397 337
431 321 399 338
433 321 401 338
435 321 402 338
436 321 404 339
438 321 407 339
442 321 409 339
446 321 413 340
447 321 415 340
449 321 416 340
451 321 418 340
453 321 420 340
455 321 421 340
457 321 423 340
460 321 426 341
462 321 428 341
464 321 430 341
466 321 432 341
467 321 433 341
469 321 435 341
411 323 380 328
413 323 382 329
422 323 390 335
424 323 392 335
426 323 394 336
433 323 400 340
435 323 402 340
436 323 404 340
438 323 406 340
444 323 411 341
446 323 412 341
447 323 414 342
449 323 416 342
451 323 417 342
453 323 419 342
455 323 421 342
458 323 424 342
460 323 426 342
462 323 427 343
466 323 432 342
467 323 433 343
469 323 434 343
471 323 437 343
402 325 377 331
418 325 387 334
420 325 388 335
424 325 391 337
426 325 393 338
427 325 395 339
433 325 400 342
435 325 401 342
436 325 403 342
438 325 405 343
442 325 409 343
446 325 412 343
447 325 413 343
449 325 415 343
451 325 417 344
458 325 423 344
460 325 425 345
462 325 427 344
466 325 431 344
467 325 433 344
469 325 434 345
471 325 436 345
418 327 386 336
420 327 388 336
422 327 389 337
426 327 393 339
427 327 394 340
431 327 397 341
433 327 399 341
435 327 401 343
440 327 406 344
444 327 409 345
446 327 411 345
447 327 413 345
449 327 414 345
451 327 416 345
455 327 419 345
457 327 421 346
458 327 423 346
460 327 424 346
462 327 426 347
467 327 434 346
415 329 382 335
416 329 384 335
418 329 385 337
420 329 387 338
422 329 389 338
424 329 390 339
427 329 394 342
431 329 397 343
433 329 398 343
435 329 400 344
438 329 403 345
440 329 405 346
442 329 407 346
444 329 409 346
446 329 410 347
447 329 412 347
449 329 414 347
455 329 419 347
413 330 380 334
415 330 382 336
416 330 383 336
420 330 387 340
422 330 388 340
424 330 390 340
426 330 392 341
431 330 396 344
433 330 398 345
435 330 400 345
436 330 401 346
438 330 403 346
440 330 405 347
442 330 406 348
444 330 408 348
446 330 410 348
447 330 412 348
451 330 415 348
455 330 418 349
411 332 377 335
415 332 381 338
416 332 383 338
418 332 384 340
420 332 386 341
422 332 388 342
426 332 391 342
433 332 397 346
435 332 399 347
436 332 401 347
438 332 402 348
440 332 404 349
442 332 406 349
444 332 407 349
446 332 409 349
447 332 411 350
449 332 413 349
451 332 415 350
453 332 417 350
455 332 419 351
457 332 421 351
411 334 377 337
413 334 379 338
422 334 387 343
426 334 390 344
427 334 392 345
429 334 393 346
431 334 395 347
436 334 400 349
438 334 402 350
440 334 404 350
442 334 405 351
444 334 407 351
446 334 408 351
447 334 411 351
451 334 415 351
455 334 419 353
422 336 386 343
427 336 391 346
429 336 393 347
431 336 395 348
433 336 396 349
435 336 398 349
438 336 401 352
440 336 403 352
442 336 405 352
444 336 406 353
446 336 408 353
449 336 412 353
418 338 382 342
420 338 384 343
426 338 389 347
431 338 394 349
433 338 396 350
435 338 397 351
436 338 399 351
438 338 401 353
440 338 402 354
442 338 404 354
444 338 406 355
446 338 407 355
451 338 412 356
458 338 427 352
411 340 388 350
426 340 389 349
427 340 390 349
429 340 392 350
431 340 394 351
433 340 395 352
435 340 397 352
436 340 398 353
438 340 400 354
440 340 402 355
442 340 404 356
444 340 405 356
446 340 408 357
447 340 424 348
458 340 431 350
435 341 397 354
436 341 398 355
440 341 402 357
442 341 403 357
457 341 426 354
455 343 424 355
449 347 415 357
447 349 413 359
449 349 414 359
451 349 416 359
