438 296 435 297
440 296 437 297
442 296 439 297
444 296 441 297
446 296 443 297
447 296 444 297
449 296 447 297
451 296 448 297
453 296 450 297
455 296 452 297
457 296 454 297
436 298 434 298
440 298 437 299
442 298 439 300
444 298 441 299
446 298 443 299
447 298 444 299
449 298 446 299
451 298 448 299
453 298 450 299
455 298 452 299
457 298 454 299
458 298 456 300
436 300 434 300
438 300 435 300
440 300 437 300
442 300 439 301
444 300 441 301
446 300 443 301
447 300 445 301
451 300 448 301
453 300 450 301
455 300 452 301
458 300 456 301
435 301 432 302
436 301 434 302
438 301 435 302
440 301 438 304
442 301 439 303
444 301 441 303
446 301 443 303
449 301 447 302
451 301 448 303
453 301 450 303
455 301 452 302
457 301 454 302
435 303 432 304
436 303 434 304
438 303 435 305
440 303 437 305
442 303 439 305
446 303 443 305
447 303 445 305
449 303 447 305
451 303 448 305
453 303 450 305
455 303 452 305
457 303 454 305
458 303 455 304
460 303 457 304
435 305 432 306
436 305 434 306
438 305 435 306
440 305 437 306
442 305 439 306
444 305 441 306
446 305 443 306
447 305 445 307
449 305 447 307
451 305 448 307
453 305 450 307
455 305 452 307
457 305 454 307
458 305 455 307
460 305 457 306
402 307 400 308
415 307 411 307
416 307 413 308
418 307 415 308
422 307 419 308
424 307 421 308
435 307 432 308
436 307 433 308
438 307 435 308
440 307 437 308
442 307 439 308
444 307 441 308
446 307 443 308
447 307 445 308
449 307 447 308
451 307 448 309
453 307 450 309
455 307 452 309
457 307 454 309
458 307 456 309
460 307 458 309
402 309 400 309
404 309 402 309
406 309 402 310
409 309 406 310
413 309 409 310
415 309 411 309
416 309 413 309
418 309 415 309
420 309 417 310
422 309 419 310
435 309 432 310
436 309 434 310
438 309 435 310
440 309 437 310
442 309 439 310
444 309 441 310
446 309 443 310
447 309 445 310
449 309 447 310
451 309 448 311
453 309 450 311
455 309 452 311
457 309 454 311
458 309 456 310
460 309 458 311
462 309 460 311
402 310 400 311
406 310 403 312
407 310 404 312
409 310 406 312
411 310 408 312
413 310 410 312
415 310 411 312
416 310 413 312
418 310 415 312
420 310 416 312
422 310 418 312
424 310 421 311
433 310 430 312
435 310 432 312
436 310 433 312
438 310 435 312
440 310 437 312
442 310 439 312
444 310 441 312
446 310 443 312
447 310 445 312
449 310 447 312
451 310 449 312
453 310 450 312
455 310 452 312
457 310 454 312
458 310 456 312
460 310 457 312
462 310 460 313
404 312 401 313
406 312 403 313
407 312 404 314
409 312 406 314
411 312 408 314
413 312 410 314
415 312 411 313
416 312 413 313
420 312 417 314
422 312 419 314
424 312 420 314
426 312 422 313
433 312 430 313
435 312 432 313
436 312 433 313
438 312 435 313
440 312 437 313
442 312 439 314
444 312 441 314
446 312 443 314
447 312 445 314
449 312 447 314
451 312 449 314
453 312 450 314
455 312 452 314
457 312 454 314
458 312 456 314
460 312 457 314
462 312 459 314
464 312 462 315
466 312 464 316
404 314 401 315
406 314 403 315
407 314 404 315
409 314 406 315
411 314 408 315
413 314 410 315
415 314 411 315
418 314 415 315
420 314 417 316
422 314 419 315
424 314 421 316
426 314 422 316
427 314 424 316
429 314 426 315
431 314 428 316
433 314 430 315
435 314 432 315
436 314 434 315
438 314 435 315
440 314 437 315
442 314 439 316
444 314 440 316
446 314 443 316
447 314 445 316
449 314 446 316
451 314 448 316
453 314 450 316
455 314 452 316
457 314 454 316
458 314 455 316
460 314 457 316
462 314 459 315
404 316 401 317
406 316 403 317
407 316 404 317
409 316 406 317
411 316 408 317
413 316 410 317
415 316 411 317
416 316 413 317
418 316 415 317
420 316 417 317
422 316 419 317
424 316 420 317
426 316 422 317
427 316 424 317
429 316 426 317
431 316 428 317
433 316 430 317
435 316 432 317
436 316 434 317
440 316 436 318
442 316 438 318
444 316 440 318
446 316 442 318
447 316 445 318
449 316 446 317
451 316 448 318
453 316 450 318
455 316 452 318
457 316 454 318
458 316 456 318
460 316 458 318
462 316 459 318
464 316 462 318
466 316 464 318
471 316 466 316
404 318 401 319
406 318 403 319
407 318 404 319
409 318 406 319
411 318 408 319
413 318 410 319
415 318 412 319
416 318 413 319
418 318 415 319
420 318 417 319
422 318 419 319
424 318 420 319
426 318 422 319
427 318 424 319
431 318 427 318
433 318 430 319
435 318 432 319
436 318 434 319
440 318 436 320
442 318 439 320
444 318 441 320
446 318 443 320
447 318 445 319
449 318 446 319
451 318 448 319
453 318 450 320
455 318 452 320
457 318 454 320
458 318 456 320
460 318 458 320
462 318 459 319
464 318 462 320
466 318 464 320
467 318 465 320
404 320 401 321
406 320 403 321
407 320 405 321
409 320 406 321
411 320 408 321
413 320 410 321
415 320 412 321
416 320 413 321
418 320 415 321
420 320 417 321
422 320 419 321
424 320 421 321
426 320 422 321
427 320 424 321
429 320 426 321
431 320 428 321
433 320 430 321
436 320 433 321
438 320 435 321
440 320 437 321
442 320 439 321
444 320 441 321
446 320 443 321
447 320 444 321
449 320 446 321
451 320 448 321
453 320 450 322
455 320 452 322
457 320 454 322
458 320 456 322
460 320 457 322
462 320 459 321
464 320 462 322
466 320 464 322
467 320 465 322
469 320 467 322
404 321 401 323
406 321 403 323
407 321 404 323
409 321 406 323
411 321 408 323
413 321 410 323
415 321 412 323
416 321 413 323
418 321 415 322
420 321 417 322
422 321 419 323
424 321 420 323
426 321 422 323
427 321 424 323
429 321 426 323
431 321 427 323
433 321 430 323
436 321 434 323
438 321 435 323
440 321 437 323
442 321 439 323
444 321 441 323
446 321 443 323
447 321 445 323
449 321 446 323
451 321 448 323
453 321 450 323
455 321 452 323
457 321 454 323
458 321 456 323
460 321 458 323
462 321 460 323
464 321 462 323
466 321 463 323
467 321 465 323
469 321 467 323
404 323 401 325
406 323 402 325
407 323 404 325
409 323 406 325
411 323 408 325
413 323 410 325
415 323 412 325
416 323 413 324
418 323 415 324
420 323 418 324
422 323 420 324
426 323 422 324
427 323 424 324
429 323 426 325
431 323 428 324
433 323 429 324
436 323 433 324
438 323 435 324
440 323 437 324
442 323 439 325
444 323 441 325
446 323 443 325
447 323 445 325
449 323 446 325
451 323 448 325
453 323 450 325
455 323 452 325
457 323 454 325
458 323 456 325
460 323 458 325
462 323 460 325
464 323 462 325
466 323 464 325
467 323 465 325
469 323 467 325
404 325 402 326
407 325 404 327
409 325 406 327
411 325 408 326
413 325 410 326
415 325 412 326
416 325 413 326
418 325 415 326
420 325 417 326
422 325 420 326
424 325 421 326
426 325 423 326
427 325 425 326
431 325 428 326
433 325 430 326
435 325 431 326
436 325 433 326
438 325 435 327
440 325 437 326
442 325 439 327
444 325 441 327
446 325 443 327
447 325 444 327
449 325 446 327
451 325 448 327
453 325 450 327
455 325 452 327
457 325 454 327
458 325 456 327
460 325 458 327
462 325 460 327
464 325 462 326
466 325 464 327
467 325 466 326
469 325 468 326
404 327 402 328
407 327 404 329
409 327 406 329
411 327 407 329
413 327 410 329
415 327 412 328
416 327 413 328
418 327 415 328
420 327 417 328
424 327 421 328
426 327 423 328
427 327 425 328
429 327 426 328
431 327 428 329
433 327 430 329
435 327 432 328
436 327 434 328
438 327 435 329
440 327 437 328
442 327 439 328
444 327 441 329
446 327 443 329
447 327 444 329
449 327 446 329
451 327 448 329
453 327 450 328
455 327 452 328
457 327 454 329
458 327 456 329
460 327 458 328
462 327 460 328
464 327 462 328
466 327 464 328
467 327 466 328
404 329 402 330
407 329 404 331
409 329 406 331
411 329 407 331
413 329 409 330
415 329 412 330
416 329 414 330
418 329 415 330
420 329 417 330
422 329 419 330
424 329 421 330
426 329 422 330
427 329 424 330
429 329 426 330
431 329 428 330
433 329 430 330
435 329 432 331
438 329 435 330
440 329 437 330
442 329 439 330
444 329 441 330
446 329 443 331
447 329 445 331
449 329 446 331
451 329 448 330
453 329 450 331
455 329 452 330
457 329 454 331
458 329 456 331
464 329 462 330
407 330 405 332
409 330 406 332
411 330 408 332
413 330 410 332
415 330 412 332
416 330 413 332
418 330 415 332
420 330 417 332
422 330 419 332
424 330 421 332
426 330 422 332
427 330 424 332
429 330 426 332
431 330 428 332
436 330 433 332
438 330 435 332
440 330 437 332
442 330 439 332
444 330 441 332
446 330 443 332
447 330 445 332
449 330 446 332
451 330 448 332
453 330 450 332
455 330 452 332
457 330 454 332
458 330 455 333
460 330 458 332
409 332 406 334
411 332 408 334
413 332 410 334
415 332 412 334
416 332 413 334
418 332 415 334
420 332 417 334
422 332 419 334
424 332 421 334
426 332 422 334
427 332 424 334
429 332 426 334
431 332 428 334
433 332 429 334
435 332 431 334
436 332 433 333
438 332 434 333
440 332 437 334
442 332 439 334
444 332 441 334
446 332 443 334
447 332 444 334
449 332 446 334
451 332 448 334
453 332 450 334
455 332 452 334
457 332 453 334
458 332 455 335
409 334 406 336
411 334 408 336
413 334 410 336
415 334 412 336
416 334 413 336
418 334 415 336
420 334 417 336
422 334 419 336
424 334 421 336
426 334 422 336
427 334 424 336
431 334 427 336
433 334 430 336
435 334 431 335
436 334 433 335
438 334 434 335
440 334 437 336
442 334 439 336
444 334 441 336
446 334 443 336
447 334 444 336
449 334 446 336
451 334 448 336
453 334 450 336
464 334 464 333
411 336 408 338
413 336 410 338
415 336 412 338
416 336 413 338
418 336 415 338
420 336 417 337
422 336 419 338
424 336 421 338
426 336 422 338
427 336 424 338
431 336 428 338
435 336 431 338
436 336 433 337
438 336 435 337
440 336 437 338
442 336 439 338
444 336 441 338
446 336 442 338
447 336 444 338
449 336 446 338
451 336 448 338
460 336 460 336
411 338 408 340
413 338 410 340
415 338 412 340
416 338 413 340
418 338 415 340
420 338 417 339
422 338 419 340
424 338 421 339
426 338 422 340
429 338 426 340
431 338 428 340
433 338 430 340
436 338 433 339
438 338 435 339
442 338 439 339
444 338 441 340
446 338 442 340
447 338 444 340
449 338 446 340
451 338 448 340
457 338 457 338
458 338 458 338
411 340 407 341
413 340 410 341
415 340 412 341
416 340 413 341
420 340 417 342
422 340 419 342
424 340 421 341
426 340 422 341
427 340 425 342
431 340 428 342
433 340 430 341
435 340 432 341
436 340 433 341
440 340 437 341
442 340 439 341
444 340 441 341
446 340 442 341
447 340 444 341
457 340 455 340
413 341 410 343
415 341 412 343
416 341 413 343
418 341 416 344
420 341 418 343
427 341 424 343
435 341 432 343
436 341 433 343
438 341 435 343
440 341 437 343
442 341 439 343
444 341 441 343
446 341 443 343
447 341 444 343
455 341 454 341
413 343 409 345
415 343 412 345
416 343 414 345
418 343 416 345
420 343 418 345
424 343 420 345
426 343 422 345
427 343 424 345
431 343 427 345
435 343 432 345
436 343 434 345
438 343 435 345
440 343 437 345
442 343 439 345
444 343 441 345
453 343 451 342
415 345 411 347
416 345 414 347
418 345 416 347
420 345 418 347
426 345 425 347
427 345 427 347
431 345 429 347
433 345 430 347
435 345 432 347
453 345 450 346
416 347 414 349
418 347 418 349
420 347 421 349
422 347 422 349
424 347 424 349
426 347 426 349
427 347 427 349
433 347 430 349
436 349 432 350
438 349 434 350
440 349 436 350
442 349 437 350
444 349 441 350
447 349 445 348
449 349 446 348
451 349 448 348
453 349 450 348
