451 298 422 322
449 301 419 324
444 303 415 325
447 303 417 326
449 303 418 326
453 303 421 326
447 305 416 327
451 305 420 327
446 307 414 329
447 307 416 329
449 307 418 329
453 307 420 329
446 309 413 330
447 309 415 331
446 310 413 332
451 310 417 332
457 310 421 332
402 312 373 314
449 312 414 333
451 312 416 333
453 312 418 334
440 314 407 335
444 314 410 335
446 314 411 336
449 314 413 335
451 314 415 335
460 314 422 334
449 316 413 336
455 316 417 336
460 316 421 336
407 318 377 322
429 318 397 337
444 318 408 338
446 318 410 338
453 318 415 337
455 318 416 338
458 318 419 338
460 318 420 338
409 320 378 324
431 320 397 339
458 320 418 339
460 320 420 340
455 321 415 340
458 321 418 341
407 323 374 324
409 323 376 325
453 323 413 341
457 323 415 342
458 323 417 342
411 325 377 328
447 327 407 346
451 327 410 346
453 327 411 345
446 329 405 347
449 329 407 347
446 330 404 348
451 330 409 348
436 334 395 347
438 334 397 347
435 336 393 346
438 336 396 349
440 336 397 350
