438 296 412 309
440 296 416 309
442 296 418 309
444 296 421 309
446 296 423 309
447 296 425 309
449 296 427 309
451 296 429 309
453 296 431 309
455 296 433 309
457 296 436 309
458 296 438 309
440 298 416 310
442 298 419 311
444 298 421 311
446 298 423 311
447 298 425 311
449 298 427 311
451 298 429 311
453 298 431 311
455 298 433 311
457 298 435 312
458 298 438 311
436 300 412 311
438 300 414 311
440 300 416 312
442 300 419 313
444 300 421 312
446 300 423 313
447 300 424 313
449 300 427 313
451 300 429 313
453 300 431 313
455 300 433 313
457 300 435 314
458 300 437 314
460 300 439 314
436 301 411 312
438 301 413 313
440 301 416 314
442 301 419 314
444 301 420 314
446 301 423 315
447 301 425 315
449 301 427 315
451 301 428 315
453 301 430 315
455 301 433 315
457 301 435 316
458 301 437 316
460 301 439 316
436 303 411 315
438 303 414 315
440 303 416 315
442 303 418 316
444 303 420 316
446 303 422 316
447 303 424 316
449 303 426 316
451 303 428 317
453 303 430 317
455 303 432 317
457 303 434 318
458 303 437 318
460 303 439 318
435 305 409 316
436 305 411 317
438 305 413 317
440 305 415 317
442 305 418 317
444 305 420 318
446 305 422 318
447 305 424 318
449 305 426 318
451 305 428 319
453 305 430 319
455 305 432 319
457 305 434 320
460 305 439 320
404 307 380 316
409 307 384 315
415 307 386 315
416 307 388 314
418 307 390 314
420 307 392 314
422 307 395 314
436 307 411 319
438 307 413 319
440 307 415 319
442 307 417 319
444 307 420 320
446 307 422 320
447 307 424 320
449 307 426 320
451 307 427 321
453 307 430 321
455 307 432 321
457 307 435 321
458 307 436 322
402 309 379 317
404 309 380 318
406 309 380 318
409 309 384 318
416 309 388 317
418 309 390 317
420 309 392 318
422 309 395 318
424 309 397 318
435 309 408 320
436 309 411 321
438 309 413 321
440 309 415 321
442 309 417 321
444 309 419 322
446 309 422 322
447 309 424 322
449 309 426 322
451 309 427 323
453 309 430 323
455 309 432 323
457 309 434 323
458 309 436 323
460 309 438 324
462 309 440 324
464 309 442 322
404 310 379 320
407 310 382 320
409 310 384 320
415 310 387 320
418 310 390 319
420 310 392 320
422 310 394 320
424 310 396 320
433 310 406 321
435 310 408 322
436 310 411 322
438 310 413 323
440 310 415 323
442 310 417 323
444 310 419 323
446 310 421 324
447 310 423 324
449 310 426 324
451 310 427 324
453 310 429 325
455 310 432 325
457 310 434 325
458 310 435 325
460 310 438 326
462 310 440 326
402 312 378 322
404 312 380 322
406 312 381 322
409 312 384 322
415 312 387 321
416 312 389 321
418 312 390 321
420 312 392 322
422 312 395 322
424 312 396 322
427 312 400 322
429 312 402 322
431 312 404 323
433 312 406 324
435 312 408 324
436 312 410 324
438 312 412 324
440 312 415 324
442 312 417 325
444 312 419 325
446 312 421 325
447 312 423 326
449 312 425 326
451 312 427 326
453 312 429 326
455 312 431 327
457 312 433 327
458 312 435 327
460 312 437 327
462 312 440 328
402 314 378 324
404 314 380 324
406 314 381 324
407 314 383 324
411 314 386 325
415 314 387 323
416 314 388 323
418 314 390 323
420 314 392 324
422 314 395 324
424 314 396 324
426 314 398 324
427 314 400 324
429 314 402 325
431 314 404 325
433 314 406 326
435 314 408 326
436 314 410 326
438 314 412 326
440 314 414 326
442 314 416 327
444 314 418 327
446 314 420 327
447 314 423 327
449 314 425 328
451 314 427 328
453 314 429 328
455 314 431 329
457 314 433 329
458 314 435 329
460 314 437 329
464 314 441 329
404 316 380 326
406 316 381 326
407 316 383 326
409 316 384 326
413 316 387 327
415 316 387 325
416 316 389 325
418 316 390 325
420 316 392 326
422 316 395 326
424 316 396 326
426 316 398 326
427 316 399 326
429 316 401 326
431 316 404 327
433 316 406 328
435 316 408 328
436 316 410 328
438 316 411 328
440 316 413 329
442 316 416 329
444 316 418 329
446 316 420 329
447 316 422 329
449 316 425 330
451 316 427 330
453 316 429 330
455 316 431 330
457 316 433 331
458 316 435 331
460 316 437 331
462 316 439 331
464 316 441 331
466 316 443 331
404 318 380 328
406 318 381 328
407 318 383 328
409 318 384 328
413 318 387 328
415 318 389 328
416 318 390 328
418 318 390 327
420 318 393 329
422 318 395 329
424 318 396 328
426 318 398 328
427 318 400 328
429 318 401 329
431 318 404 329
433 318 406 330
435 318 407 330
436 318 409 330
438 318 411 330
440 318 413 331
442 318 416 331
444 318 418 331
446 318 420 331
447 318 422 331
449 318 424 331
451 318 427 332
453 318 429 332
455 318 431 333
457 318 433 333
458 318 435 333
460 318 437 333
462 318 439 333
464 318 441 333
466 318 443 333
467 318 445 333
469 318 445 331
404 320 380 330
406 320 381 330
407 320 383 330
409 320 384 330
411 320 386 330
415 320 389 330
416 320 390 330
418 320 392 330
420 320 394 331
424 320 396 330
426 320 398 331
427 320 400 330
429 320 401 331
431 320 403 331
433 320 405 331
435 320 407 331
436 320 409 332
438 320 411 332
440 320 413 332
442 320 415 333
444 320 417 333
446 320 420 332
447 320 422 333
449 320 424 333
451 320 426 334
453 320 428 334
455 320 430 334
457 320 432 335
458 320 434 335
460 320 436 335
462 320 439 335
464 320 441 335
466 320 443 335
467 320 445 335
404 321 380 331
406 321 381 332
407 321 382 332
409 321 384 332
411 321 386 332
415 321 389 332
416 321 390 332
418 321 392 332
420 321 394 332
422 321 395 332
426 321 398 332
427 321 400 333
429 321 401 333
431 321 403 333
433 321 405 333
435 321 407 333
436 321 409 334
438 321 411 334
440 321 413 334
442 321 415 334
444 321 418 334
446 321 420 334
447 321 422 335
449 321 423 335
451 321 426 336
453 321 428 336
455 321 430 336
457 321 432 336
458 321 434 336
460 321 436 337
462 321 438 337
464 321 441 337
466 321 443 337
467 321 445 337
469 321 447 337
402 323 378 333
406 323 381 334
407 323 382 334
409 323 384 334
411 323 386 334
413 323 388 334
416 323 391 334
418 323 392 334
420 323 394 334
422 323 396 334
424 323 397 334
427 323 399 334
429 323 401 335
431 323 403 335
433 323 405 335
435 323 407 335
436 323 409 335
438 323 411 335
440 323 413 335
442 323 415 336
444 323 418 336
446 323 419 336
447 323 422 337
449 323 423 337
451 323 425 337
453 323 428 338
455 323 430 338
457 323 432 338
458 323 434 338
460 323 436 338
462 323 439 338
464 323 441 339
466 323 443 339
467 323 445 339
469 323 447 339
402 325 379 335
407 325 383 336
411 325 386 336
413 325 388 336
415 325 389 336
418 325 392 336
420 325 394 336
422 325 396 336
424 325 397 336
427 325 399 336
429 325 401 337
431 325 403 337
433 325 405 337
435 325 407 337
436 325 409 337
438 325 411 338
440 325 413 337
442 325 415 338
444 325 417 338
446 325 419 338
447 325 421 339
449 325 423 339
451 325 425 339
453 325 428 339
455 325 430 340
457 325 432 340
458 325 434 340
460 325 435 341
464 325 441 341
409 327 384 338
411 327 386 338
413 327 388 338
415 327 389 338
418 327 392 338
420 327 394 338
422 327 395 338
424 327 397 338
426 327 398 338
429 327 401 339
431 327 403 339
433 327 405 339
435 327 407 339
436 327 409 339
438 327 410 339
440 327 413 340
442 327 415 340
444 327 417 340
446 327 419 340
447 327 421 340
449 327 423 341
451 327 425 341
453 327 427 341
455 327 430 342
457 327 431 342
458 327 434 342
460 327 435 343
462 327 437 343
406 329 382 339
409 329 384 340
411 329 386 340
413 329 388 340
415 329 389 340
418 329 392 340
420 329 394 340
422 329 395 340
424 329 397 340
426 329 398 340
429 329 401 340
431 329 403 340
433 329 405 341
435 329 407 342
436 329 409 341
438 329 410 341
440 329 412 342
442 329 415 342
444 329 417 342
446 329 419 342
447 329 421 342
449 329 423 343
451 329 425 343
453 329 427 343
457 329 431 344
458 329 433 344
464 329 441 345
406 330 382 341
409 330 384 341
411 330 386 341
413 330 387 342
415 330 389 342
416 330 391 342
420 330 393 342
422 330 395 342
424 330 397 342
426 330 399 342
427 330 400 342
431 330 403 342
433 330 405 343
435 330 407 343
436 330 408 343
438 330 410 343
440 330 412 343
442 330 414 344
444 330 416 344
446 330 418 344
447 330 421 344
449 330 422 344
451 330 425 344
453 330 427 344
455 330 429 345
457 330 431 345
458 330 433 345
411 332 386 344
413 332 388 344
415 332 389 344
416 332 391 344
420 332 393 344
422 332 395 344
424 332 397 344
426 332 399 344
427 332 400 344
429 332 401 344
431 332 403 344
435 332 407 345
436 332 408 345
438 332 410 345
440 332 412 345
442 332 414 345
444 332 416 345
446 332 418 345
447 332 420 346
449 332 422 346
451 332 425 346
453 332 428 346
455 332 430 346
457 332 431 347
458 332 433 347
411 334 386 345
413 334 388 346
415 334 389 346
416 334 391 346
418 334 392 346
422 334 395 345
424 334 397 346
426 334 399 346
427 334 400 346
429 334 401 346
431 334 403 346
433 334 405 346
436 334 408 346
438 334 409 346
440 334 412 347
442 334 414 347
444 334 416 347
446 334 418 347
447 334 420 348
449 334 422 348
451 334 424 348
455 334 431 349
411 336 386 347
413 336 388 348
415 336 389 348
416 336 391 348
418 336 392 348
422 336 395 347
424 336 397 348
426 336 399 348
427 336 400 348
429 336 401 348
431 336 403 348
433 336 405 348
436 336 408 348
438 336 409 348
440 336 411 348
442 336 414 349
444 336 416 349
446 336 418 350
447 336 419 350
449 336 422 350
451 336 424 350
464 336 439 347
411 338 386 349
413 338 388 350
415 338 389 350
416 338 391 350
418 338 392 350
420 338 394 350
424 338 397 350
426 338 398 350
427 338 400 350
429 338 401 350
431 338 403 350
433 338 405 351
435 338 407 351
438 338 410 350
440 338 411 351
442 338 413 351
444 338 416 351
446 338 418 351
447 338 419 352
449 338 422 352
451 338 424 352
460 338 425 357
462 338 427 357
411 340 385 350
413 340 388 351
415 340 389 352
416 340 391 352
418 340 392 352
420 340 394 352
424 340 397 352
426 340 398 352
427 340 400 352
429 340 401 352
431 340 403 352
433 340 405 352
435 340 407 352
438 340 410 352
440 340 411 353
442 340 413 353
444 340 415 353
446 340 417 353
447 340 419 354
457 340 433 351
458 340 435 351
416 341 391 353
418 341 392 353
420 341 394 354
422 341 396 354
426 341 398 354
427 341 400 354
429 341 402 354
431 341 404 354
433 341 405 355
435 341 407 355
436 341 408 354
440 341 411 354
442 341 413 355
444 341 415 355
446 341 417 355
447 341 419 355
416 343 391 355
418 343 392 355
420 343 394 355
427 343 401 356
431 343 404 356
433 343 405 356
435 343 407 356
436 343 408 356
440 343 411 356
442 343 413 356
444 343 415 356
446 343 417 356
416 345 390 356
418 345 392 357
420 345 394 357
422 345 396 357
424 345 398 358
426 345 399 358
427 345 401 358
433 345 405 358
416 347 392 359
420 347 394 359
422 347 396 359
424 347 397 359
426 347 399 359
427 347 401 359
433 347 404 360
435 347 406 360
447 347 420 359
453 347 424 359
447 349 419 361
451 349 421 361
