455 296 430 307
444 298 410 304
446 298 411 305
451 298 422 322
455 300 425 322
457 300 426 323
449 301 419 324
455 301 424 324
457 301 425 325
444 303 415 325
447 303 417 326
449 303 418 326
453 303 421 326
455 303 423 326
457 303 424 326
458 303 427 325
447 305 416 327
451 305 420 327
402 307 386 300
435 307 383 305
446 307 414 329
447 307 416 329
449 307 418 329
453 307 420 329
458 307 424 329
460 307 426 330
446 309 413 330
447 309 415 331
457 309 409 323
458 309 424 331
460 309 425 331
433 310 379 303
446 310 413 332
451 310 417 332
457 310 421 332
458 310 423 332
460 310 424 332
402 312 373 314
429 312 375 304
431 312 377 305
433 312 378 305
435 312 380 306
449 312 414 333
451 312 416 333
453 312 418 334
462 312 427 333
433 314 393 317
440 314 407 335
444 314 410 335
446 314 411 336
449 314 413 335
451 314 415 335
460 314 422 334
462 314 424 335
449 316 413 336
455 316 417 336
460 316 421 336
462 316 423 336
407 318 377 322
429 318 397 337
444 318 408 338
446 318 410 338
453 318 415 337
455 318 416 338
458 318 419 338
460 318 420 338
466 318 425 337
469 318 427 338
409 320 378 324
431 320 397 339
458 320 418 339
460 320 420 340
464 320 423 339
466 320 424 339
469 320 426 340
455 321 415 340
458 321 418 341
464 321 422 340
466 321 423 341
407 323 374 324
409 323 376 325
447 323 409 329
453 323 413 341
457 323 415 342
458 323 417 342
462 323 420 342
464 323 421 342
466 323 423 343
404 325 373 308
411 325 377 328
427 325 378 330
442 325 390 331
460 325 418 343
404 327 373 310
422 327 385 321
436 327 382 324
447 327 407 346
451 327 410 346
453 327 411 345
457 327 400 339
420 329 383 321
422 329 384 322
444 329 404 331
446 329 405 347
449 329 407 347
413 330 374 316
415 330 376 317
424 330 384 324
442 330 402 333
444 330 404 333
446 330 404 348
451 330 409 348
411 332 372 316
415 332 376 318
416 332 378 319
418 332 380 323
446 332 403 335
424 334 383 326
436 334 395 347
438 334 397 347
446 334 402 336
411 336 372 318
435 336 393 346
438 336 396 349
440 336 397 350
413 338 373 320
466 338 401 351
440 340 384 337
424 341 380 329
427 341 383 332
440 341 383 339
424 343 381 333
415 345 372 328
427 347 381 338
