468 227 467 233
471 227 470 233
474 227 472 233
468 230 467 236
470 230 469 236
467 233 467 238
468 233 468 238
467 234 467 239
471 234 471 239
474 234 472 237
468 235 467 240
471 235 469 240
472 235 470 240
474 235 472 240
468 237 467 242
471 237 469 241
472 237 470 241
467 238 466 243
468 238 467 243
471 238 469 243
472 238 470 242
474 238 472 242
465 240 465 245
467 240 466 245
470 240 468 244
472 240 470 244
468 241 467 246
470 241 468 246
472 241 470 245
468 243 467 247
470 243 468 247
464 244 463 250
467 244 465 250
468 244 466 248
470 244 468 248
471 244 469 247
474 244 472 249
467 245 465 251
468 245 467 250
472 245 470 250
474 245 472 250
464 247 463 252
468 247 466 252
472 247 470 253
465 248 464 253
467 248 465 253
468 248 466 253
464 250 462 255
465 250 463 255
467 250 465 254
468 250 466 254
470 250 468 254
471 250 469 254
462 251 461 256
464 251 462 256
465 251 463 256
467 251 465 256
468 251 466 255
470 251 468 256
465 253 464 257
467 253 465 257
468 253 466 257
462 254 461 259
464 254 462 259
465 254 464 259
467 254 465 258
468 254 466 258
470 254 468 257
462 255 461 261
464 255 462 260
465 255 463 260
467 255 465 260
468 255 466 260
470 255 468 260
462 257 461 263
464 257 462 262
465 257 463 261
467 257 465 261
468 257 466 261
470 257 468 261
471 257 469 261
462 258 461 264
464 258 462 263
465 258 463 263
467 258 465 263
468 258 466 263
470 258 468 263
471 258 469 263
472 258 470 263
467 260 466 265
468 260 468 265
471 260 469 264
472 260 470 264
474 260 473 264
475 260 476 266
477 260 475 265
461 261 461 267
462 261 462 267
464 261 463 266
465 261 465 267
467 261 466 267
468 261 467 267
472 261 471 266
474 261 473 267
475 261 474 266
477 261 475 266
464 262 464 268
465 262 465 268
467 262 466 268
470 262 469 268
472 262 472 268
475 262 475 268
477 262 476 267
467 264 466 270
468 264 468 270
471 264 471 270
475 264 476 270
478 264 479 270
470 265 470 271
471 265 471 271
472 265 472 271
474 265 474 271
475 265 476 271
