468 230 467 236
468 233 468 238
467 234 467 239
471 234 471 239
468 235 467 240
471 235 469 240
472 235 470 240
474 235 472 240
468 237 467 242
471 237 469 241
472 237 470 241
468 238 467 243
471 238 469 243
472 238 470 242
474 238 472 242
470 240 468 244
472 240 470 244
470 241 468 246
472 241 470 245
471 244 469 247
474 244 472 249
472 245 470 250
474 245 472 250
472 247 470 253
470 250 468 254
471 250 469 254
467 251 465 256
470 251 468 256
467 253 465 257
468 253 466 257
467 254 465 258
468 254 466 258
470 254 468 257
467 255 465 260
468 255 466 260
470 255 468 260
467 257 465 261
468 257 466 261
470 257 468 261
471 257 469 261
468 258 466 263
470 258 468 263
471 258 469 263
472 258 470 263
467 260 466 265
471 260 469 264
472 260 470 264
474 260 473 264
475 260 476 266
477 260 475 265
472 261 471 266
474 261 473 267
475 261 474 266
477 261 475 266
470 262 469 268
472 262 472 268
475 262 475 268
477 262 476 267
471 264 471 270
475 264 476 270
478 264 479 270
470 265 470 271
471 265 471 271
472 265 472 271
474 265 474 271
475 265 476 271
