474 227 466 247
474 228 466 249
474 231 465 252
465 241 457 260
467 241 458 259
465 243 457 261
468 243 458 261
474 245 466 262
467 247 456 268
468 247 458 268
471 250 464 267
464 251 454 269
470 251 462 270
464 253 454 271
471 253 464 270
471 254 464 273
470 255 461 273
471 255 463 273
463 257 454 274
464 257 455 274
471 257 463 274
472 257 464 274
464 260 459 278
465 260 460 278
467 260 462 278
472 260 465 276
475 260 466 276
464 261 459 279
465 261 461 279
467 261 462 279
468 261 464 279
472 261 464 278
478 261 468 277
461 262 459 283
463 262 461 283
465 262 461 281
467 262 462 281
467 264 464 284
468 264 466 284
470 264 467 283
471 264 468 283
472 264 470 282
470 265 467 285
471 265 469 285
472 265 470 285
474 265 472 284
475 265 474 284
