468 227 466 238
472 227 470 238
474 227 471 238
472 230 469 241
474 230 471 242
468 234 466 243
470 238 467 250
470 240 467 252
470 241 467 253
464 243 462 253
468 243 465 253
474 244 471 254
468 245 465 256
474 245 471 256
467 247 463 258
467 248 463 259
468 248 465 259
467 251 463 261
470 251 467 263
462 252 458 263
471 252 469 264
462 254 458 264
464 254 460 264
462 255 458 265
462 257 459 266
464 257 460 266
471 257 468 268
462 258 459 268
464 258 460 268
467 258 463 267
470 258 468 269
461 260 459 271
465 260 463 270
470 260 468 270
471 260 470 270
474 260 471 270
462 261 461 272
464 261 462 271
462 262 462 274
465 262 463 273
467 262 465 273
468 262 467 273
470 262 468 273
471 262 470 273
467 264 465 275
468 264 467 275
470 264 469 275
471 264 471 275
472 264 472 275
471 265 471 276
472 265 472 276
474 265 474 276
