471 228 453 256
474 231 458 258
474 234 458 261
468 238 448 264
468 240 449 266
474 245 458 273
467 247 449 275
467 248 449 277
471 252 457 278
471 254 457 280
470 255 455 279
472 255 458 281
465 260 456 286
468 260 460 285
471 260 456 283
474 260 460 283
464 261 455 287
465 261 456 287
467 261 458 287
468 261 460 287
475 261 460 284
478 261 463 284
464 262 458 291
467 262 459 288
470 262 463 289
477 262 477 288
467 264 462 293
468 264 463 293
471 264 466 291
472 264 468 291
470 265 465 294
471 265 466 294
472 265 467 292
474 265 469 293
