412 307 412 307
413 307 413 307
415 307 415 307
417 307 417 307
420 307 420 307
421 307 421 307
426 307 426 307
429 307 429 306
431 307 431 306
432 307 432 306
434 307 434 306
409 309 409 308
410 309 410 308
412 309 412 309
413 309 413 309
415 309 415 309
418 309 418 309
421 309 421 309
426 309 426 309
428 309 428 309
429 309 429 309
431 309 431 308
432 309 432 308
409 310 409 310
410 310 410 310
412 310 412 310
413 310 413 310
417 310 417 310
418 310 418 310
420 310 420 310
421 310 421 310
424 310 425 310
426 310 426 310
428 310 428 310
409 312 409 312
410 312 410 312
412 312 412 312
413 312 413 312
417 312 417 312
418 312 418 312
421 312 421 312
423 312 423 312
424 312 425 312
428 312 428 312
429 312 429 312
407 313 407 313
409 313 409 313
410 313 410 313
412 313 412 313
413 313 413 313
415 313 415 313
417 313 417 313
418 313 418 313
420 313 420 313
421 313 421 313
423 313 423 313
426 313 426 313
428 313 428 313
429 313 429 313
431 313 431 313
407 315 407 315
409 315 409 315
410 315 410 315
413 315 413 315
415 315 415 315
417 315 417 315
424 315 424 315
428 315 428 315
406 317 405 316
407 317 407 316
410 317 410 317
412 317 412 317
413 317 413 317
418 317 418 317
420 317 420 317
421 317 421 317
423 317 423 317
424 317 424 316
426 317 426 316
428 317 428 316
434 317 434 316
404 318 404 317
406 318 405 318
407 318 407 318
409 318 409 318
410 318 410 318
412 318 412 318
417 318 417 318
418 318 418 318
420 318 420 318
421 318 421 318
423 318 423 318
424 318 424 318
426 318 426 318
429 318 429 318
434 318 434 318
377 320 376 318
379 320 378 318
383 320 383 318
385 320 384 318
387 320 386 318
388 320 388 318
390 320 391 318
391 320 392 318
394 320 394 318
406 320 405 320
407 320 407 320
409 320 409 320
410 320 410 320
412 320 412 320
415 320 415 320
417 320 416 320
418 320 418 320
420 320 420 320
421 320 421 320
423 320 423 320
424 320 424 320
431 320 431 319
434 320 434 320
379 321 379 321
385 321 384 319
387 321 386 320
388 321 388 319
390 321 389 320
391 321 391 320
393 321 393 321
394 321 394 321
404 321 404 321
406 321 405 321
407 321 407 321
409 321 409 321
410 321 410 321
412 321 412 321
415 321 415 321
417 321 417 321
418 321 418 321
420 321 420 321
421 321 421 321
423 321 423 321
424 321 424 321
426 321 426 321
429 321 429 321
431 321 430 321
377 323 377 323
379 323 379 323
382 323 382 322
387 323 386 322
388 323 388 322
390 323 390 322
391 323 391 322
393 323 393 322
394 323 394 323
404 323 404 323
406 323 405 323
412 323 412 323
415 323 415 323
417 323 417 323
418 323 418 323
420 323 420 323
421 323 421 323
423 323 423 323
426 323 426 322
429 323 429 323
431 323 431 323
377 324 377 324
380 324 380 324
382 324 382 324
388 324 388 323
390 324 390 323
391 324 391 323
393 324 393 324
394 324 394 324
402 324 402 324
407 324 407 324
409 324 409 324
410 324 410 324
412 324 412 324
415 324 415 324
417 324 417 324
418 324 418 324
420 324 420 324
421 324 421 324
423 324 423 324
424 324 424 324
426 324 426 324
429 324 429 324
431 324 431 324
432 324 432 324
379 326 378 326
380 326 380 326
382 326 382 326
387 326 386 325
388 326 388 325
390 326 390 325
391 326 391 325
393 326 392 325
394 326 394 326
404 326 404 326
406 326 405 326
407 326 407 326
409 326 409 326
410 326 410 326
413 326 413 326
415 326 415 326
417 326 417 326
418 326 418 326
420 326 420 326
421 326 421 326
423 326 423 326
424 326 424 326
428 326 427 326
432 326 432 326
377 328 377 327
380 328 380 327
382 328 382 327
385 328 385 327
387 328 386 327
390 328 390 327
391 328 391 327
393 328 393 327
394 328 395 328
398 328 398 328
401 328 401 328
402 328 402 328
404 328 404 328
406 328 405 328
407 328 407 328
409 328 409 328
410 328 410 328
412 328 412 327
415 328 415 328
417 328 417 328
418 328 418 328
420 328 420 328
421 328 421 328
423 328 423 328
424 328 424 328
428 328 427 327
429 328 429 327
431 328 431 327
434 328 434 328
377 329 376 329
379 329 378 329
380 329 380 329
382 329 382 329
385 329 385 329
387 329 386 329
388 329 388 329
390 329 390 329
391 329 391 329
393 329 393 329
394 329 394 329
398 329 398 329
399 329 399 329
401 329 401 329
402 329 402 329
404 329 404 329
406 329 405 329
407 329 407 329
409 329 409 329
410 329 410 329
412 329 412 329
413 329 413 329
415 329 415 329
417 329 417 329
418 329 418 329
420 329 420 329
421 329 421 329
423 329 423 329
426 329 426 329
428 329 428 329
432 329 432 329
434 329 434 329
377 331 377 330
379 331 378 331
380 331 380 331
385 331 385 331
387 331 386 331
388 331 388 331
390 331 390 331
391 331 391 331
393 331 393 331
394 331 394 331
396 331 396 331
398 331 398 331
399 331 399 331
401 331 401 331
407 331 407 331
409 331 409 331
410 331 410 331
415 331 415 331
417 331 417 331
418 331 418 331
420 331 420 331
421 331 421 331
423 331 423 331
424 331 424 330
426 331 426 330
428 331 428 331
431 331 431 330
432 331 432 330
434 331 434 331
377 332 377 332
383 332 383 332
385 332 385 332
387 332 386 332
388 332 388 332
394 332 394 332
396 332 396 332
398 332 398 332
399 332 399 332
402 332 402 332
404 332 404 332
407 332 407 332
409 332 409 332
410 332 410 332
412 332 412 332
413 332 413 332
415 332 415 332
417 332 417 332
418 332 418 332
420 332 420 332
421 332 421 332
423 332 423 332
426 332 426 332
428 332 428 332
429 332 429 332
431 332 430 332
432 332 432 332
379 334 379 334
382 334 382 334
383 334 383 334
387 334 386 334
388 334 388 334
390 334 390 334
391 334 391 334
393 334 393 334
394 334 394 334
396 334 396 334
398 334 398 334
399 334 399 334
402 334 402 334
404 334 404 334
406 334 406 334
407 334 407 334
409 334 409 334
410 334 410 334
412 334 412 334
413 334 413 334
415 334 415 334
417 334 416 334
418 334 418 334
420 334 420 334
421 334 421 334
423 334 423 334
424 334 424 334
426 334 426 334
428 334 428 334
429 334 429 333
431 334 430 333
434 334 434 334
380 336 380 335
382 336 382 335
383 336 383 336
385 336 385 335
388 336 388 335
390 336 390 335
391 336 391 335
393 336 393 335
394 336 394 335
396 336 396 335
399 336 399 336
401 336 401 335
402 336 402 335
404 336 404 336
406 336 405 335
407 336 407 336
409 336 409 336
410 336 410 336
412 336 412 335
413 336 413 335
415 336 415 335
417 336 417 335
418 336 418 335
420 336 420 335
421 336 421 336
423 336 423 335
424 336 424 335
426 336 426 335
428 336 428 335
377 337 377 337
379 337 378 337
380 337 380 337
382 337 382 337
383 337 383 337
385 337 385 337
387 337 387 337
391 337 391 337
393 337 393 337
394 337 394 337
396 337 396 337
401 337 401 337
402 337 402 337
404 337 404 337
406 337 405 337
407 337 407 337
409 337 409 337
410 337 410 337
412 337 412 337
413 337 413 337
415 337 415 337
417 337 417 337
418 337 418 337
420 337 420 337
421 337 421 337
423 337 423 337
424 337 424 337
426 337 426 337
431 337 431 337
383 339 383 339
391 339 391 339
393 339 393 338
399 339 399 339
401 339 401 339
402 339 402 339
404 339 404 339
406 339 406 339
407 339 407 339
409 339 409 339
410 339 410 339
412 339 412 338
413 339 413 338
415 339 415 339
417 339 417 339
418 339 418 339
420 339 420 339
421 339 421 339
423 339 423 339
424 339 424 339
426 339 426 339
428 339 428 339
385 340 385 340
387 340 387 340
388 340 388 340
390 340 390 340
391 340 391 340
394 340 394 340
396 340 396 340
398 340 397 340
401 340 401 340
402 340 402 340
404 340 404 340
406 340 406 340
407 340 407 340
409 340 409 340
410 340 410 340
412 340 412 340
413 340 413 340
415 340 415 340
417 340 417 340
418 340 418 340
420 340 420 340
421 340 421 340
423 340 423 340
424 340 425 340
426 340 426 340
428 340 428 340
387 342 387 342
388 342 388 342
390 342 390 342
391 342 391 342
393 342 393 342
396 342 396 341
398 342 397 341
399 342 399 342
401 342 401 342
402 342 402 342
404 342 404 342
406 342 406 342
407 342 407 342
409 342 409 342
410 342 410 342
412 342 412 342
413 342 413 342
415 342 415 342
417 342 417 342
418 342 418 342
420 342 420 342
421 342 421 342
423 342 423 342
424 342 424 342
390 343 390 343
391 343 391 343
393 343 393 343
396 343 396 343
398 343 397 343
399 343 399 343
401 343 401 343
402 343 402 343
404 343 404 343
406 343 406 343
407 343 407 343
409 343 409 343
410 343 410 343
412 343 412 343
413 343 413 343
415 343 415 343
417 343 416 343
418 343 418 343
420 343 420 343
421 343 421 343
387 345 387 345
388 345 388 345
390 345 390 345
391 345 391 345
393 345 393 345
394 345 394 345
398 345 398 345
399 345 399 345
401 345 401 345
402 345 402 345
404 345 404 345
406 345 406 345
407 345 407 345
409 345 409 345
410 345 410 345
412 345 412 345
413 345 413 345
415 345 415 345
417 345 416 345
418 345 418 345
420 345 419 345
390 347 390 347
391 347 391 347
393 347 393 347
398 347 398 347
401 347 401 347
402 347 402 347
404 347 404 347
406 347 405 347
407 347 407 347
409 347 409 347
410 347 410 347
412 347 412 347
413 347 413 347
415 347 415 347
417 347 416 347
391 348 391 348
394 348 394 346
396 348 396 346
399 348 399 348
401 348 401 348
402 348 402 348
404 348 404 348
406 348 405 348
407 348 407 348
409 348 409 348
410 348 410 348
412 348 412 348
413 348 413 348
415 348 415 348
394 350 394 348
396 350 395 348
399 350 399 350
401 350 401 350
402 350 402 350
404 350 404 350
406 350 405 350
407 350 407 350
409 350 409 350
410 350 410 350
412 350 412 350
413 350 413 350
394 351 394 351
396 351 396 351
399 351 399 351
401 351 401 351
402 351 402 351
404 351 404 351
406 351 405 351
407 351 407 351
409 351 409 351
410 351 410 351
