420 307 420 307
421 307 421 307
424 307 424 307
418 309 418 309
420 309 420 309
421 309 421 309
423 309 423 309
424 309 424 309
426 309 426 309
417 310 417 310
418 310 418 310
420 310 420 310
421 310 421 310
423 310 423 310
424 310 424 310
426 310 426 310
428 310 428 310
415 312 415 312
417 312 417 312
418 312 418 312
420 312 420 312
421 312 421 312
423 312 423 312
424 312 424 312
426 312 426 312
428 312 428 312
413 313 413 313
415 313 415 313
417 313 417 313
418 313 418 313
420 313 420 313
423 313 423 313
426 313 426 313
429 313 429 313
410 315 410 315
412 315 412 315
413 315 413 315
415 315 415 315
417 315 417 315
418 315 418 315
420 315 420 315
421 315 421 315
423 315 423 315
409 317 409 317
410 317 411 317
412 317 412 317
413 317 413 317
415 317 415 317
417 317 416 317
418 317 418 317
420 317 420 317
421 317 421 317
423 317 423 317
424 317 424 317
407 318 407 318
409 318 409 318
410 318 410 318
412 318 412 318
413 318 413 318
415 318 415 318
417 318 417 318
418 318 418 318
420 318 420 318
421 318 421 318
423 318 423 318
424 318 424 318
409 320 409 320
410 320 410 320
412 320 412 320
413 320 413 320
415 320 415 320
417 320 416 320
418 320 418 320
420 320 420 320
421 320 421 320
423 320 423 320
424 320 424 320
377 321 377 318
379 321 379 318
380 321 380 320
409 321 409 321
410 321 410 321
412 321 412 321
413 321 413 321
415 321 415 321
417 321 417 321
418 321 418 321
420 321 420 321
421 321 421 321
423 321 423 321
424 321 424 321
434 321 434 321
379 323 379 323
380 323 380 323
382 323 382 323
407 323 407 323
409 323 409 323
410 323 410 323
412 323 412 323
413 323 413 323
415 323 415 323
417 323 417 323
418 323 418 323
420 323 420 323
421 323 421 323
423 323 423 323
426 323 426 323
380 324 380 324
402 324 402 325
406 324 405 324
407 324 407 324
409 324 409 324
410 324 410 325
413 324 413 325
415 324 415 324
417 324 417 324
418 324 418 324
420 324 420 324
421 324 421 324
423 324 423 324
424 324 424 324
426 324 426 324
377 326 374 324
379 326 379 325
398 326 397 326
399 326 399 326
401 326 401 326
404 326 404 326
406 326 405 326
407 326 407 326
409 326 409 326
410 326 410 326
412 326 412 326
415 326 415 326
417 326 417 326
418 326 418 326
420 326 420 326
421 326 421 326
424 326 424 326
434 326 434 323
379 328 379 328
380 328 380 328
382 328 382 328
396 328 396 328
398 328 398 328
401 328 401 328
404 328 404 328
406 328 406 328
407 328 407 328
409 328 409 328
410 328 410 328
412 328 412 328
413 328 413 328
415 328 415 328
417 328 417 328
418 328 418 328
420 328 420 328
421 328 421 328
423 328 423 328
424 328 425 328
432 328 432 327
377 329 377 329
379 329 379 329
380 329 380 329
382 329 382 329
385 329 385 329
394 329 395 329
402 329 402 329
407 329 407 329
409 329 409 329
410 329 410 329
412 329 412 330
413 329 413 329
415 329 415 329
417 329 417 329
418 329 418 329
420 329 420 329
421 329 421 329
423 329 423 329
426 329 426 329
432 329 432 329
434 329 434 330
377 331 377 331
379 331 379 331
380 331 380 331
382 331 382 331
402 331 402 331
404 331 404 331
407 331 407 331
409 331 409 331
410 331 410 331
412 331 412 331
413 331 413 331
415 331 415 331
418 331 418 331
420 331 420 331
421 331 421 331
423 331 423 331
424 331 424 331
428 331 428 331
429 331 430 331
432 331 432 331
434 331 434 332
377 332 377 332
387 332 387 332
388 332 388 332
390 332 390 332
391 332 391 332
394 332 394 332
396 332 396 332
399 332 399 332
402 332 402 332
406 332 405 332
407 332 407 332
409 332 409 332
410 332 410 333
412 332 412 333
413 332 414 333
417 332 416 332
421 332 421 332
432 332 432 333
434 332 433 333
379 334 379 334
383 334 383 334
387 334 387 334
394 334 395 334
396 334 396 333
401 334 401 334
402 334 402 334
404 334 404 334
409 334 409 334
410 334 410 334
412 334 412 334
415 334 415 334
417 334 417 334
418 334 418 334
420 334 420 334
423 334 423 334
434 334 433 335
380 336 380 335
383 336 383 336
385 336 385 336
388 336 388 336
390 336 390 336
391 336 391 335
394 336 394 335
396 336 397 335
398 336 398 335
404 336 404 335
406 336 406 336
407 336 407 336
413 336 413 335
415 336 415 336
417 336 417 335
418 336 418 335
420 336 420 335
421 336 421 336
423 336 423 335
424 336 424 335
426 336 426 335
429 336 430 335
377 337 377 337
379 337 379 337
380 337 380 337
382 337 382 337
383 337 383 337
390 337 390 337
391 337 391 337
394 337 395 337
396 337 397 336
401 337 401 337
402 337 402 337
404 337 404 337
406 337 406 337
407 337 407 337
409 337 409 337
410 337 410 337
412 337 412 337
413 337 413 337
415 337 415 337
417 337 417 337
418 337 418 337
420 337 420 337
421 337 421 337
423 337 423 337
424 337 424 337
426 337 426 337
429 337 430 337
431 337 432 337
390 339 390 339
391 339 391 339
394 339 395 338
398 339 398 338
401 339 401 339
402 339 402 339
404 339 404 339
406 339 406 339
407 339 407 339
409 339 409 339
410 339 410 339
412 339 412 339
413 339 413 339
415 339 415 339
417 339 417 339
418 339 418 339
420 339 420 339
421 339 421 339
423 339 423 339
424 339 424 339
426 339 426 339
383 340 383 340
385 340 385 340
387 340 387 340
388 340 388 340
390 340 390 340
393 340 393 340
396 340 396 340
399 340 399 340
401 340 401 340
402 340 402 340
404 340 404 340
406 340 406 340
407 340 407 340
409 340 409 340
410 340 410 340
412 340 412 340
413 340 413 340
415 340 415 340
417 340 417 340
418 340 418 340
420 340 420 340
421 340 421 340
423 340 423 340
424 340 424 340
426 340 426 340
428 340 428 340
385 342 385 342
387 342 387 342
388 342 388 342
390 342 390 342
394 342 394 342
396 342 396 341
399 342 399 342
401 342 401 342
402 342 402 342
404 342 404 342
406 342 406 342
407 342 407 342
409 342 409 342
410 342 410 342
412 342 412 342
413 342 413 342
415 342 415 342
417 342 417 342
418 342 418 342
420 342 420 342
421 342 421 342
423 342 423 342
385 343 385 343
387 343 387 343
388 343 388 343
390 343 390 343
391 343 391 343
394 343 395 343
396 343 396 343
399 343 399 343
401 343 401 343
402 343 402 343
404 343 404 343
406 343 406 343
407 343 407 343
409 343 409 343
410 343 410 343
412 343 412 343
413 343 413 343
415 343 415 343
417 343 417 343
418 343 418 343
420 343 420 343
421 343 421 343
423 343 423 343
387 345 387 345
388 345 388 345
390 345 390 345
391 345 391 345
393 345 393 345
394 345 394 345
396 345 396 345
399 345 399 345
401 345 401 345
402 345 402 345
404 345 404 345
406 345 405 345
407 345 407 345
409 345 409 345
410 345 410 345
412 345 412 345
413 345 413 345
415 345 415 345
417 345 416 345
418 345 418 345
420 345 420 345
390 347 390 347
391 347 391 347
393 347 393 347
398 347 397 347
399 347 399 347
401 347 401 347
402 347 402 347
404 347 404 347
406 347 405 347
407 347 407 347
409 347 409 347
410 347 410 346
412 347 412 347
413 347 413 346
415 347 415 347
417 347 417 347
418 347 418 347
391 348 391 348
399 348 399 348
401 348 401 348
402 348 402 348
404 348 404 348
406 348 405 348
407 348 407 348
409 348 409 348
410 348 410 348
412 348 412 348
413 348 413 348
415 348 415 348
394 350 394 350
399 350 399 350
401 350 401 350
402 350 402 350
404 350 404 350
406 350 405 350
407 350 407 350
409 350 409 350
410 350 410 350
412 350 412 350
413 350 413 350
394 351 394 351
396 351 396 351
399 351 399 351
401 351 401 351
402 351 402 351
404 351 404 351
406 351 405 351
407 351 407 351
409 351 409 351
410 351 410 351
