419 316 418 316
421 316 420 317
425 316 423 317
418 317 416 318
421 317 420 318
423 317 421 318
425 317 423 318
414 318 412 320
415 318 414 319
416 318 414 320
420 318 419 320
421 318 420 320
425 318 423 319
412 319 410 321
414 319 412 321
415 319 413 321
416 319 414 321
420 319 418 321
421 319 420 321
423 319 421 321
435 319 433 320
411 321 408 323
412 321 410 322
414 321 412 322
427 321 425 322
435 321 433 322
415 322 413 323
416 322 414 323
419 322 417 323
420 322 418 323
421 322 420 323
423 322 421 324
425 322 423 324
427 322 425 323
410 323 408 324
414 323 412 325
415 323 413 325
419 323 417 325
420 323 418 325
421 323 420 325
423 323 421 325
425 323 423 325
428 323 426 325
430 323 430 323
409 324 407 326
410 324 408 326
415 324 413 326
419 324 417 326
420 324 418 326
421 324 420 326
424 324 422 327
425 324 423 326
430 324 430 325
411 326 409 327
414 326 412 327
409 327 407 328
410 327 408 328
411 327 409 328
414 327 412 328
415 327 413 328
416 327 415 328
419 327 417 328
420 327 419 328
421 327 420 328
423 327 421 328
425 327 423 328
437 327 435 330
406 328 403 330
407 328 405 330
409 328 407 330
410 328 408 329
411 328 409 330
414 328 412 330
415 328 413 330
416 328 414 330
419 328 416 330
421 328 420 330
423 328 421 330
425 328 423 330
430 328 428 328
437 328 435 331
402 330 400 330
403 330 402 331
407 330 405 331
410 330 408 331
411 330 409 331
414 330 412 331
415 330 413 331
420 330 418 331
421 330 420 331
424 330 422 331
425 330 423 331
437 330 435 333
397 331 395 331
398 331 397 332
402 331 400 332
414 331 412 333
415 331 413 333
418 331 415 333
419 331 416 333
420 331 418 333
421 331 419 333
424 331 422 333
425 331 423 333
397 332 395 333
398 332 396 333
402 332 400 333
403 332 402 333
409 332 407 333
410 332 408 333
411 332 409 333
397 333 395 334
398 333 396 335
400 333 398 335
402 333 400 335
403 333 402 335
405 333 403 335
407 333 405 334
409 333 407 335
410 333 408 335
411 333 410 335
414 333 412 335
415 333 413 335
416 333 414 335
418 333 416 335
420 333 418 335
421 333 419 335
424 333 422 335
425 333 423 335
427 333 425 335
428 333 426 335
395 335 392 334
396 335 394 334
398 335 397 336
400 335 398 336
402 335 400 336
403 335 401 336
405 335 403 336
407 335 405 336
409 335 407 336
410 335 408 336
411 335 409 336
414 335 412 336
415 335 413 336
416 335 414 336
419 335 417 336
420 335 418 336
421 335 419 336
423 335 421 337
425 335 423 337
427 335 425 336
428 335 426 336
397 336 395 336
400 336 398 337
402 336 400 337
403 336 402 337
407 336 405 337
409 336 406 338
410 336 408 337
411 336 409 337
414 336 411 338
415 336 413 338
416 336 414 338
419 336 417 338
420 336 418 338
421 336 419 338
423 336 421 338
425 336 423 338
427 336 425 338
396 337 394 338
397 337 395 338
398 337 396 338
409 337 406 339
414 337 411 339
415 337 413 339
420 337 418 339
421 337 419 339
425 337 423 339
427 337 425 339
428 337 426 339
397 339 395 339
398 339 396 340
403 339 402 340
405 339 403 340
406 339 404 340
410 339 408 340
411 339 409 340
416 339 414 340
419 339 417 340
397 340 395 341
398 340 396 341
400 340 398 341
402 340 400 341
403 340 402 341
405 340 403 341
406 340 404 341
409 340 407 341
410 340 408 341
411 340 409 341
415 340 413 341
416 340 414 341
419 340 416 342
420 340 418 342
421 340 419 342
423 340 421 341
425 340 423 342
427 340 424 341
398 341 396 342
400 341 398 342
402 341 400 342
403 341 402 342
405 341 403 342
406 341 404 342
409 341 407 342
410 341 408 342
411 341 409 343
414 341 412 343
415 341 413 343
416 341 414 343
419 341 416 343
420 341 418 343
421 341 419 343
424 341 421 343
393 342 391 344
396 342 393 343
398 342 396 344
403 342 402 344
414 342 412 345
415 342 413 345
416 342 414 344
419 342 416 344
420 342 417 345
423 342 419 345
398 344 396 345
405 344 403 345
406 344 404 345
409 344 407 345
410 344 408 345
411 344 409 345
419 344 416 346
421 344 418 346
396 345 394 346
397 345 395 346
400 345 398 346
402 345 400 346
403 345 402 346
405 345 403 346
406 345 404 346
409 345 407 346
410 345 408 346
411 345 409 346
412 345 411 346
415 345 413 346
416 345 415 346
393 346 391 348
396 346 394 348
400 346 398 348
402 346 400 347
403 346 401 347
405 346 402 348
406 346 404 348
409 346 407 347
410 346 408 347
411 346 409 348
396 348 394 349
400 348 398 349
403 348 401 349
405 348 402 349
406 348 404 349
409 348 407 349
412 348 411 349
414 348 412 348
416 348 416 348
410 349 408 350
411 349 410 350
412 349 411 350
414 349 412 350
398 350 396 351
400 350 398 351
402 350 400 351
403 350 402 351
405 350 403 351
406 350 404 351
409 350 407 351
410 350 408 351
411 350 409 351
