416 314 415 315
415 316 413 316
416 316 415 317
418 316 416 317
420 316 419 317
424 316 422 317
425 316 423 317
427 316 425 317
414 317 412 318
415 317 413 318
416 317 415 318
418 317 416 318
421 317 420 318
424 317 422 318
425 317 423 318
427 317 425 318
411 318 409 320
412 318 410 320
414 318 412 320
415 318 413 319
416 318 414 320
420 318 419 319
421 318 419 320
425 318 423 319
427 318 425 319
430 318 428 319
411 319 408 321
412 319 410 321
414 319 412 321
415 319 413 321
420 319 418 321
421 319 420 321
432 319 432 320
414 321 412 323
415 321 413 323
424 321 422 322
427 321 425 322
429 321 427 322
432 321 432 321
433 321 433 321
410 322 408 323
412 322 410 324
418 322 416 323
419 322 417 323
420 322 418 323
421 322 420 323
424 322 422 324
425 322 423 324
427 322 425 324
410 323 408 324
414 323 412 325
415 323 413 325
419 323 417 325
420 323 419 324
421 323 420 325
424 323 422 325
425 323 423 325
428 323 426 325
430 323 430 323
432 323 432 323
407 324 405 326
412 324 410 326
415 324 413 326
419 324 417 326
420 324 418 326
423 324 420 327
424 324 422 327
425 324 423 326
427 324 425 326
432 324 431 324
409 326 407 327
410 326 408 327
425 326 423 328
427 326 425 328
407 327 405 328
409 327 407 328
410 327 408 328
411 327 409 328
414 327 412 329
415 327 413 328
416 327 414 328
419 327 417 328
420 327 419 328
421 327 420 328
423 327 421 328
429 327 427 328
433 327 432 326
437 327 435 329
406 328 403 330
407 328 405 330
409 328 407 330
410 328 408 329
412 328 410 330
414 328 412 330
415 328 413 330
416 328 415 330
419 328 417 330
420 328 418 330
421 328 420 329
424 328 422 330
425 328 423 330
427 328 424 330
429 328 427 330
393 330 393 329
400 330 398 330
402 330 400 330
403 330 402 330
407 330 405 331
412 330 410 331
414 330 412 331
415 330 413 331
418 330 415 331
420 330 418 331
421 330 420 331
424 330 422 331
425 330 423 331
427 330 424 331
429 330 427 331
432 330 431 330
437 330 435 331
396 331 393 331
397 331 395 331
398 331 396 332
401 331 399 332
402 331 400 332
403 331 402 332
405 331 403 332
409 331 407 332
410 331 408 332
415 331 413 333
419 331 417 333
425 331 423 333
427 331 424 333
432 331 431 331
433 331 433 331
437 331 435 333
397 332 395 333
398 332 396 333
401 332 399 333
402 332 400 333
403 332 402 333
405 332 403 333
407 332 405 333
409 332 407 333
410 332 408 333
411 332 410 333
414 332 412 333
416 332 415 333
420 332 418 334
421 332 420 334
424 332 422 334
430 332 430 332
397 333 395 335
398 333 397 335
400 333 398 335
402 333 400 335
403 333 402 335
405 333 403 335
407 333 405 335
409 333 407 335
410 333 408 334
411 333 409 335
414 333 412 335
415 333 413 335
416 333 414 335
419 333 417 335
420 333 418 335
421 333 419 335
424 333 422 335
425 333 423 335
427 333 425 335
429 333 427 335
430 333 429 334
432 333 431 333
433 333 433 334
396 335 394 335
398 335 396 336
400 335 398 336
402 335 400 336
403 335 402 336
407 335 405 336
409 335 407 336
410 335 408 336
411 335 409 336
414 335 412 337
415 335 413 337
416 335 414 336
419 335 417 336
420 335 418 336
421 335 419 336
424 335 422 337
425 335 423 337
427 335 424 337
429 335 427 336
430 335 428 336
432 335 431 335
433 335 433 335
396 336 394 336
397 336 395 337
407 336 405 338
409 336 406 338
410 336 408 337
412 336 410 338
414 336 412 338
415 336 413 338
416 336 414 338
419 336 417 337
420 336 418 338
421 336 419 338
424 336 422 338
425 336 423 338
427 336 424 338
430 336 429 338
432 336 432 336
396 337 394 338
397 337 395 338
398 337 396 339
402 337 400 338
403 337 402 338
414 337 411 340
415 337 413 339
429 337 427 338
396 339 394 340
397 339 395 340
398 339 396 340
401 339 399 340
402 339 400 340
403 339 402 340
405 339 403 340
407 339 405 340
409 339 407 340
410 339 408 340
411 339 409 340
416 339 414 340
419 339 417 340
420 339 418 340
421 339 419 340
425 339 423 340
427 339 424 340
429 339 427 340
393 340 390 341
396 340 394 341
397 340 395 341
398 340 396 341
401 340 399 341
402 340 400 341
403 340 402 341
405 340 403 341
407 340 405 341
409 340 407 341
410 340 408 341
411 340 409 341
415 340 413 341
416 340 414 342
419 340 416 342
420 340 418 342
421 340 419 342
425 340 423 341
427 340 425 341
393 341 391 342
396 341 394 342
397 341 395 342
398 341 396 342
405 341 403 342
407 341 405 342
409 341 407 342
410 341 408 342
411 341 409 343
414 341 412 343
418 341 415 343
419 341 416 343
423 341 420 343
424 341 422 343
396 342 394 344
397 342 395 344
401 342 399 343
402 342 400 343
415 342 413 343
419 342 416 344
421 342 418 345
423 342 420 345
425 342 423 343
393 344 391 345
398 344 396 346
401 344 399 345
402 344 400 345
403 344 402 345
405 344 403 345
407 344 405 345
409 344 407 345
410 344 408 345
412 344 411 345
414 344 412 345
415 344 413 345
416 344 415 345
421 344 418 346
393 345 391 346
396 345 394 346
401 345 399 346
403 345 402 346
405 345 403 346
407 345 405 346
409 345 407 346
410 345 408 346
411 345 409 346
415 345 413 346
416 345 415 346
420 345 416 348
421 345 417 348
393 346 391 348
402 346 400 347
403 346 401 348
406 346 404 348
407 346 405 348
409 346 407 347
410 346 408 347
411 346 409 348
414 346 411 348
415 346 413 348
396 348 394 350
397 348 395 350
401 348 399 350
403 348 401 349
406 348 403 350
407 348 405 349
409 348 407 349
411 348 409 349
412 348 410 349
415 348 411 350
398 349 396 351
401 349 399 351
402 349 400 351
403 349 401 351
406 349 403 351
410 349 407 351
411 349 408 351
412 349 410 351
415 349 411 351
