426 311 426 310
427 311 426 309
430 311 430 309
412 312 412 312
414 312 414 312
416 312 416 312
418 312 421 310
422 312 422 312
423 312 423 312
425 312 425 312
426 312 426 312
427 312 427 310
429 312 429 312
430 312 430 312
433 312 433 310
410 313 410 313
411 313 411 313
412 313 412 313
414 313 414 313
415 313 415 313
416 313 416 313
418 313 418 313
419 313 419 313
421 313 420 313
425 313 425 313
426 313 426 313
427 313 427 313
429 313 429 313
430 313 430 313
431 313 432 313
408 315 408 314
410 315 410 315
411 315 411 315
412 315 413 314
414 315 415 314
415 315 415 315
416 315 416 315
418 315 418 315
422 315 422 315
423 315 423 315
426 315 426 315
427 315 427 314
429 315 429 315
408 316 408 315
410 316 409 316
411 316 411 316
412 316 412 316
419 316 419 316
421 316 420 316
422 316 422 316
423 316 423 316
425 316 425 316
426 316 426 316
427 316 427 316
433 316 433 316
410 317 410 317
411 317 410 318
412 317 412 317
416 317 416 317
418 317 418 317
419 317 419 317
421 317 420 317
422 317 422 317
423 317 423 317
425 317 425 317
426 317 426 317
408 319 408 318
410 319 410 319
412 319 412 319
415 319 415 319
416 319 416 319
418 319 418 319
419 319 419 319
421 319 421 319
422 319 422 319
423 319 423 319
425 319 425 319
433 319 433 319
434 319 434 319
407 320 407 320
408 320 408 320
410 320 410 320
411 320 411 320
412 320 412 320
414 320 414 320
415 320 415 320
416 320 416 320
419 320 419 320
421 320 421 320
422 320 422 320
423 320 423 320
427 320 427 321
430 320 430 320
431 320 431 320
433 320 433 320
434 320 434 320
407 321 407 321
410 321 410 321
411 321 411 321
412 321 412 321
414 321 414 321
416 321 416 321
419 321 419 321
421 321 420 321
422 321 422 321
423 321 423 321
425 321 425 322
429 321 429 321
430 321 430 321
431 321 431 321
433 321 433 321
404 323 404 322
406 323 406 323
408 323 408 323
410 323 410 323
411 323 411 323
412 323 412 322
415 323 415 323
418 323 418 323
419 323 419 323
421 323 420 323
422 323 422 323
423 323 423 323
425 323 425 323
426 323 426 323
429 323 429 323
430 323 430 323
431 323 431 322
433 323 433 323
406 324 406 324
407 324 407 324
408 324 408 324
410 324 410 324
411 324 411 324
412 324 412 324
414 324 414 324
416 324 416 324
418 324 418 324
419 324 419 324
421 324 420 324
422 324 422 324
423 324 423 324
425 324 425 324
426 324 426 324
427 324 427 325
429 324 428 324
430 324 430 324
431 324 431 324
433 324 433 324
434 324 434 324
404 325 404 325
407 325 407 325
408 325 408 326
410 325 410 326
411 325 411 326
412 325 412 326
414 325 414 325
416 325 416 325
418 325 418 325
419 325 419 326
421 325 420 326
422 325 422 326
423 325 423 325
425 325 424 326
427 325 427 326
430 325 430 325
431 325 431 325
433 325 433 325
434 325 434 325
404 327 404 327
406 327 405 327
407 327 407 327
408 327 408 327
410 327 410 327
412 327 412 327
415 327 415 327
416 327 416 327
418 327 418 327
419 327 419 327
421 327 420 327
422 327 422 327
423 327 423 327
430 327 430 326
431 327 431 326
433 327 433 326
434 327 434 326
404 328 404 328
406 328 406 328
407 328 407 328
408 328 408 328
411 328 411 328
414 328 414 328
415 328 415 328
416 328 416 328
418 328 418 328
419 328 419 328
421 328 420 328
422 328 422 328
423 328 423 328
426 328 426 328
427 328 427 328
430 328 430 328
431 328 431 328
433 328 432 328
434 328 434 328
387 330 386 328
388 330 387 328
392 330 392 329
393 330 393 329
395 330 395 329
396 330 396 329
399 330 399 329
401 330 401 329
403 330 403 329
404 330 404 330
406 330 406 330
407 330 407 330
408 330 408 330
410 330 410 330
414 330 414 330
415 330 415 330
416 330 416 330
418 330 418 330
419 330 419 330
421 330 420 330
422 330 422 330
423 330 423 330
425 330 425 330
426 330 426 330
427 330 427 329
429 330 428 329
430 330 430 329
431 330 431 329
433 330 433 329
434 330 434 330
387 331 386 330
388 331 387 330
389 331 389 330
392 331 392 331
393 331 393 331
395 331 395 331
397 331 397 331
401 331 401 331
403 331 403 331
404 331 404 331
406 331 406 331
408 331 408 331
410 331 410 331
411 331 411 331
414 331 414 331
415 331 415 331
416 331 416 331
418 331 418 331
419 331 419 331
421 331 421 331
422 331 422 331
423 331 423 331
425 331 425 331
426 331 426 331
427 331 427 331
429 331 429 331
430 331 430 331
431 331 431 331
433 331 433 331
434 331 434 331
388 332 387 331
389 332 389 331
391 332 390 332
392 332 392 332
393 332 393 332
395 332 395 332
397 332 397 332
399 332 399 332
401 332 401 332
403 332 403 332
404 332 404 332
407 332 407 332
408 332 408 332
410 332 410 332
411 332 411 332
412 332 412 332
414 332 414 332
416 332 416 332
418 332 418 332
419 332 419 332
421 332 420 332
422 332 422 332
423 332 423 332
425 332 425 332
426 332 426 332
429 332 429 332
430 332 430 332
431 332 431 332
433 332 433 332
434 332 434 332
387 334 386 333
388 334 387 333
391 334 390 334
392 334 392 333
393 334 393 333
395 334 395 334
396 334 396 334
397 334 397 334
399 334 399 334
401 334 401 334
403 334 403 334
404 334 404 334
406 334 406 334
407 334 407 334
408 334 408 334
410 334 410 334
411 334 411 334
412 334 412 333
414 334 414 334
415 334 415 334
416 334 416 334
418 334 418 334
419 334 419 334
421 334 420 334
422 334 422 334
423 334 423 334
425 334 425 333
426 334 426 334
427 334 427 334
429 334 429 334
430 334 430 334
431 334 431 334
433 334 433 334
434 334 434 333
388 335 387 334
391 335 390 335
392 335 392 335
395 335 395 335
396 335 396 335
399 335 399 335
401 335 401 335
403 335 403 335
404 335 404 335
406 335 406 335
407 335 407 335
408 335 408 335
410 335 410 335
411 335 411 335
412 335 412 335
414 335 414 335
415 335 415 335
416 335 416 335
418 335 418 335
419 335 419 335
421 335 421 335
422 335 422 335
423 335 423 335
425 335 425 335
426 335 426 335
429 335 429 335
430 335 430 335
431 335 431 335
388 336 387 335
392 336 392 336
395 336 395 336
396 336 396 336
400 336 400 336
401 336 401 336
403 336 403 336
404 336 404 336
406 336 405 336
407 336 407 336
408 336 408 336
410 336 410 336
411 336 411 336
412 336 412 336
415 336 415 336
416 336 416 336
418 336 418 336
419 336 419 336
421 336 421 336
422 336 422 336
423 336 423 336
425 336 425 336
426 336 426 336
427 336 427 336
429 336 429 336
430 336 430 336
388 338 387 337
391 338 390 338
395 338 395 337
396 338 396 337
397 338 397 338
400 338 400 338
401 338 401 338
403 338 403 338
404 338 404 338
406 338 405 338
407 338 407 338
408 338 408 338
410 338 410 338
411 338 411 338
414 338 414 338
415 338 415 338
416 338 416 338
418 338 418 338
419 338 419 338
421 338 421 338
422 338 422 338
423 338 423 338
425 338 425 338
426 338 426 338
429 338 429 338
389 339 389 339
391 339 391 339
392 339 392 339
393 339 393 339
395 339 395 339
397 339 397 339
400 339 400 339
401 339 402 339
403 339 403 339
406 339 405 339
407 339 407 339
408 339 408 339
410 339 410 339
411 339 411 339
414 339 414 339
415 339 415 339
416 339 416 339
418 339 418 339
419 339 419 339
421 339 420 339
422 339 422 339
423 339 423 339
425 339 425 339
426 339 426 339
427 339 427 339
387 340 386 340
388 340 387 340
391 340 390 340
392 340 392 340
395 340 395 340
397 340 397 341
399 340 399 340
400 340 400 340
403 340 403 340
406 340 406 340
407 340 407 340
408 340 408 340
410 340 410 341
412 340 412 341
414 340 414 341
415 340 415 340
416 340 416 340
418 340 418 340
419 340 419 340
421 340 420 340
423 340 423 340
425 340 425 340
426 340 426 340
427 340 427 340
388 342 388 342
389 342 389 342
391 342 391 342
392 342 392 342
395 342 395 342
397 342 397 342
399 342 398 342
401 342 401 342
403 342 403 342
404 342 404 342
406 342 406 342
407 342 407 342
408 342 408 342
410 342 410 342
411 342 411 342
412 342 412 342
414 342 414 342
415 342 415 342
416 342 416 342
418 342 418 342
419 342 419 342
421 342 421 342
422 342 422 342
423 342 423 342
389 343 389 343
391 343 391 343
393 343 393 343
395 343 395 343
396 343 396 343
397 343 397 343
399 343 399 343
400 343 400 343
401 343 401 343
403 343 403 343
404 343 404 343
406 343 406 343
407 343 407 343
408 343 408 343
410 343 410 343
411 343 411 343
412 343 412 343
414 343 414 343
415 343 415 343
416 343 416 343
418 343 418 343
419 343 419 343
421 343 420 343
422 343 422 343
388 345 388 345
389 345 389 345
391 345 391 345
392 345 392 345
395 345 394 345
396 345 396 345
397 345 397 345
399 345 399 344
400 345 400 345
401 345 401 345
403 345 403 345
404 345 404 345
406 345 406 345
407 345 407 345
408 345 408 345
410 345 410 345
411 345 411 344
412 345 412 345
414 345 414 345
415 345 415 345
416 345 416 345
418 345 418 345
419 345 419 345
389 346 389 346
391 346 391 346
392 346 392 346
395 346 394 346
396 346 396 346
397 346 397 346
399 346 399 346
400 346 400 346
401 346 401 346
403 346 403 346
404 346 404 346
406 346 406 346
407 346 407 346
408 346 408 346
410 346 410 346
411 346 411 346
412 346 412 346
414 346 414 346
415 346 415 346
416 346 416 346
418 346 418 346
419 346 419 346
391 347 391 347
392 347 392 347
395 347 394 347
396 347 396 347
397 347 397 347
401 347 401 347
403 347 403 347
404 347 404 347
406 347 405 347
407 347 407 347
408 347 408 347
410 347 410 347
411 347 411 347
412 347 412 347
414 347 414 347
415 347 415 347
416 347 416 347
395 349 394 348
396 349 396 349
400 349 400 349
401 349 401 349
403 349 403 349
404 349 404 349
406 349 406 349
407 349 407 349
408 349 408 349
410 349 410 349
411 349 411 349
412 349 412 349
414 349 414 349
393 350 394 350
395 350 395 350
400 350 400 350
401 350 401 350
403 350 403 350
404 350 404 350
406 350 405 350
407 350 407 350
408 350 408 350
410 350 410 350
411 350 411 350
412 350 412 350
395 351 395 351
397 351 398 351
399 351 399 351
401 351 401 351
403 351 403 351
404 351 404 351
406 351 405 351
407 351 407 351
408 351 408 351
410 351 410 351
411 351 411 351
