421 312 421 312
422 312 422 312
423 312 423 312
425 312 425 312
426 312 426 312
419 313 419 313
421 313 421 313
422 313 422 313
423 313 423 313
425 313 425 313
427 313 427 313
429 313 429 313
430 313 430 313
431 313 431 313
416 315 417 315
422 315 422 315
423 315 423 315
425 315 425 315
427 315 427 315
429 315 429 314
411 317 411 318
412 317 412 317
414 317 414 317
415 317 415 317
416 317 416 317
418 317 418 317
422 317 422 317
423 317 423 317
414 319 414 319
415 319 415 319
416 319 416 319
421 319 421 319
422 319 422 319
423 319 423 319
425 319 425 319
408 320 408 320
410 320 410 320
412 320 412 320
414 320 414 320
415 320 415 320
416 320 416 320
418 320 418 320
421 320 421 320
422 320 422 320
423 320 423 320
427 320 427 320
431 320 431 320
433 320 433 320
407 321 407 321
408 321 408 321
410 321 410 321
412 321 412 322
414 321 414 321
415 321 415 321
416 321 416 321
418 321 418 321
421 321 421 321
422 321 422 321
423 321 423 321
433 321 433 321
407 323 407 323
408 323 408 323
410 323 410 323
412 323 412 323
414 323 414 323
416 323 416 323
418 323 418 323
421 323 421 323
422 323 422 323
423 323 423 323
425 323 425 323
427 323 427 323
433 323 433 323
404 324 401 326
407 324 407 324
408 324 408 324
419 324 419 324
425 324 425 324
414 325 414 325
415 325 415 325
416 325 416 325
421 325 421 326
434 325 434 325
406 327 406 327
407 327 407 327
408 327 408 327
410 327 410 327
414 327 414 327
416 327 416 327
418 327 418 327
421 327 421 327
422 327 422 327
423 327 423 327
425 327 425 327
403 328 403 328
406 328 406 328
407 328 407 328
408 328 408 328
410 328 410 328
412 328 412 328
414 328 414 328
415 328 415 328
416 328 416 328
418 328 418 328
419 328 419 328
422 328 422 328
423 328 423 328
425 328 425 328
427 328 427 329
397 330 397 330
399 330 399 330
400 330 400 330
401 330 402 330
403 330 403 330
406 330 406 330
407 330 407 330
408 330 408 330
410 330 410 330
411 330 411 330
414 330 414 330
415 330 415 330
416 330 416 330
418 330 418 330
421 330 421 330
422 330 422 330
423 330 423 330
425 330 425 330
426 330 426 330
400 331 400 331
401 331 402 331
403 331 403 331
406 331 406 331
407 331 407 331
408 331 408 331
410 331 410 331
414 331 414 331
415 331 415 331
416 331 416 331
418 331 418 331
421 331 421 331
422 331 422 331
423 331 423 331
425 331 425 331
395 332 395 332
397 332 397 332
399 332 399 332
414 332 414 332
429 332 429 332
391 334 391 333
392 334 392 333
393 334 393 334
395 334 395 334
397 334 397 334
399 334 399 333
400 334 400 334
404 334 404 334
406 334 406 334
407 334 407 334
408 334 408 334
410 334 410 334
415 334 415 334
416 334 416 334
418 334 418 334
421 334 421 334
422 334 422 334
423 334 423 334
425 334 425 334
427 334 427 334
429 334 429 333
430 334 430 333
431 334 432 333
433 334 433 333
391 335 391 335
392 335 392 335
393 335 393 335
395 335 395 335
396 335 397 335
399 335 399 335
400 335 400 335
401 335 401 335
403 335 403 335
406 335 406 335
407 335 407 335
408 335 408 335
410 335 410 335
412 335 412 335
414 335 414 335
415 335 415 335
416 335 416 335
418 335 418 335
421 335 421 335
422 335 422 335
423 335 423 335
425 335 425 335
427 335 427 335
429 335 429 335
430 335 430 335
431 335 432 334
392 336 392 336
393 336 393 336
395 336 395 336
396 336 397 336
399 336 399 336
400 336 400 336
401 336 401 336
406 336 406 336
407 336 407 336
408 336 408 336
410 336 410 336
412 336 412 336
414 336 414 336
415 336 415 336
416 336 416 336
418 336 418 336
421 336 421 336
422 336 422 336
423 336 423 336
425 336 425 336
427 336 427 336
429 336 429 336
430 336 431 336
392 338 392 338
399 338 399 338
400 338 400 338
401 338 401 338
404 338 404 338
406 338 405 338
407 338 407 338
408 338 408 338
410 338 410 338
412 338 412 338
414 338 414 338
415 338 415 338
416 338 416 338
418 338 418 338
421 338 420 338
422 338 422 338
423 338 423 338
425 338 425 338
427 338 427 338
429 338 429 338
389 339 389 339
391 339 391 339
393 339 393 338
395 339 395 338
404 339 404 339
406 339 406 339
407 339 407 339
408 339 408 339
410 339 410 339
414 339 414 339
415 339 415 339
423 339 423 339
427 339 427 339
389 340 389 340
392 340 392 340
393 340 393 340
400 340 400 340
416 340 417 340
418 340 418 340
421 340 420 340
389 342 389 342
391 342 391 342
392 342 392 342
393 342 393 342
395 342 395 342
397 342 397 342
399 342 399 342
400 342 400 342
401 342 401 342
403 342 403 342
406 342 406 342
407 342 407 342
408 342 408 342
414 342 414 342
415 342 415 342
416 342 416 342
421 342 421 342
423 342 423 342
389 343 389 343
391 343 391 343
392 343 392 343
393 343 393 343
395 343 395 343
397 343 397 343
399 343 399 343
400 343 400 343
401 343 401 343
403 343 403 343
406 343 406 343
407 343 407 343
408 343 408 343
410 343 410 343
412 343 412 343
414 343 414 343
415 343 415 343
416 343 416 343
418 343 418 343
422 343 422 343
389 345 389 344
391 345 391 345
392 345 392 345
393 345 393 345
395 345 395 345
397 345 397 345
399 345 399 345
400 345 400 345
401 345 402 345
403 345 403 345
406 345 406 345
407 345 407 345
408 345 408 345
410 345 410 345
412 345 412 345
414 345 414 345
415 345 415 345
416 345 416 345
419 345 419 345
391 346 391 346
392 346 392 346
393 346 393 346
396 346 396 346
397 346 397 346
399 346 399 346
400 346 400 346
401 346 401 346
406 346 406 346
407 346 407 346
408 346 408 346
410 346 410 346
414 346 414 346
415 346 415 346
418 346 418 346
392 347 392 347
397 347 397 348
399 347 399 347
400 349 400 349
401 349 401 349
403 349 403 349
406 349 406 349
407 349 407 349
408 349 408 349
410 349 410 349
393 350 393 350
395 350 395 350
397 350 397 350
400 350 400 350
401 350 402 350
403 350 403 350
406 350 406 350
407 350 407 350
408 350 408 350
410 350 410 350
412 350 412 350
395 351 395 351
399 351 399 351
400 351 400 351
401 351 402 351
403 351 403 351
406 351 406 351
407 351 407 351
408 351 408 351
410 351 410 351
