473 224 472 227
471 228 471 231
470 230 470 232
474 230 474 233
474 231 474 234
470 234 470 237
470 236 470 238
471 236 471 238
471 237 471 240
471 238 470 241
464 243 464 246
464 246 463 248
473 246 473 248
468 249 468 251
470 249 469 251
468 250 468 253
470 250 469 252
468 251 468 254
470 251 469 254
470 253 469 255
471 253 471 255
473 253 472 255
470 254 470 257
471 254 471 256
473 254 472 256
473 256 472 258
474 256 473 258
463 257 462 260
473 257 472 260
474 257 474 260
463 259 462 262
470 260 470 263
471 260 471 263
473 260 473 263
470 262 470 264
473 262 473 264
474 262 474 264
470 263 470 266
471 263 471 265
473 263 473 265
474 263 474 265
474 264 474 266
