470 224 470 227
471 224 471 227
473 224 472 227
474 224 474 227
470 226 470 228
471 226 471 228
473 226 472 228
474 226 474 228
470 227 470 230
473 227 472 230
474 227 473 230
471 228 471 231
474 228 474 231
470 230 470 232
471 230 471 233
474 230 474 233
470 231 470 234
471 231 471 234
474 231 474 234
471 233 471 236
473 233 472 236
474 233 474 236
470 234 470 237
471 234 471 237
473 234 472 237
474 234 474 237
468 236 468 238
470 236 470 238
471 236 471 238
473 236 472 238
474 236 474 238
468 237 468 240
470 237 469 240
471 237 471 240
474 237 474 240
470 238 469 241
471 238 470 241
474 238 473 241
467 240 467 242
464 241 464 244
465 241 465 244
471 241 470 244
473 241 471 244
474 241 474 244
464 243 464 246
467 243 466 246
471 243 470 246
473 243 471 246
474 243 474 245
464 244 464 247
465 244 465 247
467 244 466 247
474 244 474 246
464 246 463 248
465 246 465 249
467 246 466 249
473 246 473 248
463 247 462 249
465 247 465 250
467 247 466 250
471 247 471 250
463 249 462 251
467 249 466 251
468 249 468 251
470 249 469 251
471 249 471 251
463 250 462 253
467 250 466 253
468 250 468 253
470 250 469 252
471 250 471 253
463 251 463 254
464 251 464 254
468 251 468 254
470 251 469 254
471 251 471 254
463 253 463 255
464 253 464 255
468 253 467 255
470 253 469 255
471 253 471 255
473 253 472 255
463 254 462 257
464 254 464 257
470 254 470 257
471 254 471 256
473 254 472 256
463 256 462 258
464 256 464 258
467 256 467 258
468 256 468 258
470 256 470 258
471 256 471 258
473 256 472 258
474 256 473 258
463 257 462 260
464 257 464 260
465 257 465 260
473 257 472 260
474 257 474 260
463 259 462 262
464 259 464 262
465 259 465 261
467 259 467 261
468 259 468 262
474 259 474 261
476 259 475 261
477 259 477 261
478 259 478 261
463 260 463 263
464 260 464 263
465 260 465 263
467 260 467 263
468 260 468 263
470 260 470 263
471 260 471 263
473 260 473 263
476 260 476 263
478 260 478 263
470 262 470 264
473 262 473 264
474 262 474 264
476 262 476 264
477 262 476 263
470 263 470 266
471 263 471 265
473 263 473 265
474 263 474 265
476 263 475 265
477 263 478 266
474 264 474 266
