470 224 467 238
471 224 469 238
473 224 470 238
474 224 471 238
470 226 467 239
471 227 469 240
470 228 468 241
470 230 468 242
474 230 471 243
473 233 470 245
470 234 467 247
468 236 465 249
470 236 467 250
470 238 466 253
464 241 462 254
467 243 463 254
474 244 470 261
467 246 462 259
463 247 457 260
468 247 464 260
463 249 457 262
464 249 459 262
471 249 469 264
470 250 467 265
471 250 469 265
463 251 458 264
464 251 459 264
465 251 461 264
470 251 468 267
471 251 469 267
464 253 459 265
465 253 461 265
468 253 466 268
471 253 469 269
473 253 471 269
463 254 458 267
465 256 462 268
463 257 461 271
464 257 462 270
465 257 463 270
471 257 468 270
474 257 470 270
463 259 461 273
464 259 462 272
476 259 471 271
478 259 473 271
463 260 463 275
465 260 464 274
467 260 465 274
468 260 467 274
470 260 469 274
470 262 469 275
471 262 471 275
473 262 472 275
470 263 470 277
471 263 471 277
473 263 472 276
474 263 474 276
473 264 473 278
474 264 474 278
