474 224 466 247
474 228 466 253
470 230 460 251
473 236 465 255
474 238 466 258
468 241 456 274
474 241 466 260
468 243 458 263
474 243 466 262
473 244 465 264
474 244 466 263
468 246 458 267
471 246 464 265
467 247 456 268
471 247 464 267
465 249 455 269
467 249 456 269
471 249 464 269
463 250 453 270
465 250 455 271
470 250 462 272
471 250 464 272
471 251 464 273
464 253 454 273
468 253 461 275
470 253 463 275
471 253 464 275
464 257 459 278
465 257 460 278
467 257 462 278
476 257 467 276
464 259 459 280
465 259 461 280
467 259 462 280
470 259 466 279
464 260 462 283
467 260 463 281
473 260 470 281
474 260 471 281
473 262 470 283
470 263 468 286
471 263 469 286
473 263 471 286
474 263 473 285
476 263 474 285
473 264 472 287
474 264 473 287
