419 316 418 317
425 316 423 317
418 317 416 318
421 317 420 318
423 317 421 318
425 317 423 318
427 317 425 318
415 318 414 319
416 318 414 319
418 318 416 319
420 318 419 319
421 318 420 320
423 318 421 320
435 318 433 320
412 319 410 321
414 319 412 321
415 319 413 321
416 319 414 321
419 319 417 321
420 319 418 321
421 319 420 321
423 319 421 321
425 319 423 321
412 321 410 322
414 322 412 323
415 322 413 323
416 322 414 323
419 322 417 323
420 322 418 323
421 322 420 323
423 322 421 323
425 322 423 324
427 322 425 323
410 323 408 324
411 323 410 324
414 323 412 325
415 323 413 325
416 323 414 325
419 323 417 325
420 323 418 324
421 323 420 325
423 323 421 325
425 323 423 325
430 323 430 323
409 324 407 326
410 324 408 326
411 324 409 326
414 324 412 326
415 324 413 326
416 324 414 326
419 324 417 326
420 324 418 326
421 324 420 326
424 324 422 327
414 326 412 328
415 326 413 328
409 327 407 328
410 327 408 328
411 327 409 328
416 327 414 328
419 327 417 328
423 327 421 328
434 327 433 328
406 328 403 330
407 328 405 330
409 328 407 330
410 328 408 329
411 328 409 330
414 328 412 330
415 328 413 330
416 328 414 330
418 328 416 329
421 328 420 329
423 328 421 330
425 328 423 330
401 330 399 330
403 330 401 331
405 330 403 331
407 330 405 331
410 330 408 331
411 330 409 331
414 330 412 331
415 330 413 331
416 330 414 331
420 330 418 331
421 330 420 331
423 330 421 331
425 330 423 331
430 330 429 330
437 330 435 331
397 331 395 331
403 331 402 332
405 331 403 332
407 331 405 332
414 331 412 333
415 331 413 333
416 331 414 333
419 331 416 333
420 331 418 332
421 331 419 333
423 331 421 333
425 331 423 333
430 331 429 331
434 331 433 330
397 332 395 333
398 332 396 333
400 332 397 333
402 332 400 333
409 332 407 333
410 332 408 333
411 332 409 333
415 332 413 334
397 333 395 335
398 333 396 335
400 333 398 335
402 333 400 335
405 333 403 335
407 333 405 334
409 333 407 334
410 333 408 334
411 333 409 334
414 333 412 335
416 333 414 335
418 333 416 335
420 333 418 335
421 333 419 335
423 333 421 335
425 333 423 335
427 333 425 335
428 333 426 335
432 333 431 333
398 335 396 336
400 335 397 336
403 335 402 336
405 335 403 336
406 335 404 336
409 335 406 336
410 335 408 336
411 335 409 336
414 335 412 336
415 335 413 336
416 335 414 336
418 335 416 336
420 335 418 336
421 335 419 336
423 335 421 337
425 335 423 337
427 335 425 336
428 335 426 336
430 335 428 336
432 335 431 335
402 336 400 337
403 336 402 337
409 336 406 338
410 336 408 337
411 336 409 337
415 336 413 338
416 336 414 338
418 336 416 338
420 336 418 338
421 336 419 338
423 336 421 338
425 336 423 338
427 336 424 338
395 337 393 338
398 337 396 338
400 337 398 338
409 337 406 339
415 337 413 339
416 337 414 339
420 337 418 339
421 337 419 339
429 337 427 338
430 337 429 338
397 339 395 339
398 339 396 339
400 339 398 339
401 339 399 340
405 339 403 340
406 339 404 340
410 339 408 339
411 339 409 340
418 339 416 340
423 339 421 340
427 339 424 340
428 339 426 340
395 340 392 341
398 340 396 341
400 340 398 341
401 340 399 341
403 340 402 341
405 340 403 341
406 340 404 341
409 340 407 341
410 340 408 341
411 340 409 341
416 340 414 342
418 340 416 341
420 340 418 342
421 340 419 342
423 340 421 341
424 340 423 341
427 340 424 341
429 340 426 341
393 341 391 342
398 341 396 342
400 341 398 342
401 341 399 342
403 341 402 342
405 341 403 342
406 341 404 342
409 341 407 342
410 341 408 342
411 341 409 342
415 341 413 343
416 341 414 343
418 341 416 343
421 341 419 343
424 341 423 342
393 342 391 344
403 342 402 344
405 342 403 344
406 342 404 344
409 342 407 344
411 342 409 344
412 342 411 344
415 342 413 344
416 342 414 344
419 342 416 344
420 342 417 344
423 342 420 345
396 344 393 345
401 344 399 345
410 344 408 345
393 345 391 346
395 345 392 346
400 345 398 346
401 345 399 346
405 345 403 346
406 345 404 346
409 345 407 346
410 345 408 346
411 345 409 346
415 345 413 346
416 345 415 346
393 346 391 348
395 346 393 348
400 346 398 348
403 346 401 348
405 346 402 348
406 346 404 348
409 346 407 347
410 346 408 347
411 346 409 348
418 346 418 346
398 348 396 349
400 348 398 349
401 348 399 349
405 348 402 349
406 348 404 349
409 348 407 349
410 348 408 349
414 348 413 348
416 348 416 348
411 349 410 350
412 349 411 350
414 349 413 349
398 350 396 351
400 350 398 351
401 350 399 351
403 350 402 351
405 350 403 351
406 350 404 351
407 350 406 351
410 350 408 351
411 350 409 351
414 350 411 351
