419 316 418 317
421 316 420 317
415 317 414 318
416 317 415 318
418 317 416 318
423 317 421 318
424 317 423 318
414 318 412 320
415 318 413 320
416 318 414 320
418 318 416 319
420 318 418 320
421 318 420 320
423 318 421 320
424 318 422 320
412 319 410 321
414 319 412 321
415 319 413 321
416 319 414 321
418 319 416 321
420 319 418 321
421 319 420 321
423 319 421 321
425 319 423 321
412 321 410 322
414 321 412 323
435 321 433 322
414 322 412 324
415 322 413 323
416 322 414 323
419 322 417 323
420 322 418 323
421 322 420 323
423 322 421 324
427 322 425 324
415 323 413 325
419 323 417 325
420 323 418 325
421 323 420 325
423 323 421 325
428 323 426 325
410 324 408 326
411 324 409 326
415 324 413 327
419 324 417 326
420 324 418 326
421 324 419 326
423 324 421 326
428 324 426 326
410 326 408 327
411 326 409 327
414 326 412 328
415 326 413 328
416 326 415 328
419 326 417 328
420 326 418 328
421 326 419 328
425 326 423 328
427 326 425 327
437 326 435 329
409 327 407 328
423 327 421 328
428 327 426 328
406 328 403 330
409 328 407 330
410 328 408 329
411 328 409 329
414 328 412 330
415 328 413 330
416 328 415 330
418 328 416 329
420 328 418 330
421 328 420 330
423 328 421 330
424 328 422 330
427 328 425 330
437 328 435 331
401 330 399 329
403 330 402 331
405 330 403 331
406 330 404 331
410 330 408 331
411 330 409 331
414 330 412 331
415 330 413 331
416 330 414 331
418 330 416 331
420 330 418 331
421 330 420 331
423 330 421 331
425 330 423 331
427 330 425 331
401 331 399 332
403 331 402 332
405 331 403 332
406 331 404 332
414 331 412 333
415 331 413 333
416 331 415 333
418 331 416 332
420 331 418 333
421 331 419 333
423 331 421 333
425 331 423 333
428 331 426 333
430 331 429 331
433 331 433 331
397 332 395 333
398 332 396 333
400 332 398 333
410 332 408 333
411 332 409 333
415 332 413 334
397 333 395 335
398 333 396 335
400 333 398 335
401 333 399 334
405 333 403 335
406 333 404 335
409 333 407 334
410 333 408 334
411 333 410 335
412 333 411 335
416 333 414 335
418 333 416 335
420 333 418 335
421 333 419 335
423 333 421 335
425 333 423 335
427 333 425 335
428 333 426 335
430 333 429 335
432 333 431 333
433 333 433 333
398 335 396 336
400 335 398 336
401 335 399 336
403 335 402 336
405 335 403 336
406 335 404 336
409 335 406 336
410 335 408 336
411 335 409 336
412 335 411 336
415 335 413 336
416 335 414 336
418 335 416 336
420 335 418 336
421 335 419 336
423 335 421 337
425 335 423 337
427 335 425 336
428 335 426 336
430 335 429 336
432 335 432 335
433 335 433 335
398 336 396 337
400 336 398 337
401 336 399 337
403 336 402 337
406 336 404 337
410 336 408 337
411 336 409 337
415 336 413 338
416 336 414 338
418 336 416 338
420 336 418 338
421 336 419 338
423 336 421 338
425 336 423 338
427 336 425 338
428 336 426 338
395 337 393 338
407 337 406 338
409 337 406 339
410 337 407 339
415 337 413 339
420 337 418 339
421 337 419 339
427 337 425 339
428 337 426 339
430 337 429 338
395 339 392 339
398 339 396 340
400 339 398 339
401 339 399 340
403 339 402 340
405 339 403 340
406 339 404 340
411 339 409 340
412 339 411 339
416 339 414 340
418 339 416 340
423 339 421 340
424 339 422 340
397 340 395 341
400 340 398 341
401 340 399 341
402 340 401 341
405 340 403 341
406 340 404 341
407 340 406 341
410 340 408 341
411 340 409 341
415 340 413 341
416 340 414 341
418 340 415 342
420 340 418 342
421 340 419 342
423 340 421 341
424 340 423 341
427 340 424 341
428 340 426 341
393 341 391 342
395 341 392 342
398 341 396 342
400 341 398 342
401 341 399 342
403 341 402 342
405 341 403 342
406 341 404 342
407 341 405 342
410 341 408 342
411 341 409 343
412 341 410 343
415 341 413 343
416 341 414 343
418 341 416 343
420 341 418 343
421 341 419 343
423 341 421 343
393 342 391 344
395 342 392 344
398 342 396 344
403 342 402 344
405 342 403 344
406 342 404 344
407 342 405 344
411 342 409 344
415 342 413 344
416 342 414 344
418 342 416 344
420 342 417 344
421 342 419 344
397 344 395 344
410 344 408 345
412 344 410 345
393 345 391 346
395 345 392 346
397 345 395 346
400 345 398 346
401 345 399 346
403 345 401 346
405 345 403 346
406 345 404 346
409 345 407 346
410 345 408 346
411 345 409 346
412 345 410 346
415 345 413 346
416 345 415 346
418 345 416 346
393 346 391 348
395 346 393 347
398 346 396 347
400 346 398 348
401 346 399 348
403 346 401 347
405 346 403 348
406 346 404 348
407 346 405 348
410 346 408 347
411 346 409 348
412 346 410 348
418 346 418 346
395 348 393 349
400 348 398 349
401 348 399 349
403 348 401 349
405 348 402 349
406 348 404 349
407 348 405 349
410 348 408 349
411 348 409 349
414 348 412 348
416 348 416 348
398 349 396 350
412 349 411 350
414 349 412 350
415 349 414 349
397 350 394 351
398 350 396 351
400 350 397 351
401 350 399 351
403 350 402 351
405 350 403 351
406 350 404 351
407 350 406 351
410 350 408 351
411 350 409 351
414 350 411 351
