449 270 446 270
450 270 448 270
434 271 433 274
447 271 444 274
449 271 446 272
450 271 448 272
434 273 433 275
439 273 438 276
444 273 442 275
445 273 443 275
447 273 444 275
450 273 448 274
434 275 433 277
436 275 435 277
438 275 436 277
449 275 446 276
450 275 448 275
436 276 435 279
438 276 436 278
444 276 441 279
450 276 448 277
438 278 436 280
444 278 441 280
434 279 433 282
438 279 436 281
447 279 444 281
433 281 432 283
436 281 434 283
438 281 435 283
439 281 437 283
447 281 444 283
449 281 446 283
450 281 448 283
475 281 476 280
477 281 478 280
480 281 479 284
481 281 480 283
483 281 481 280
486 281 483 280
433 282 430 285
434 282 432 284
436 282 434 285
438 282 436 285
439 282 437 285
445 282 442 285
449 282 446 285
450 282 448 284
472 282 470 281
475 282 476 281
477 282 478 281
478 282 477 285
480 282 479 285
481 282 480 285
483 282 482 285
484 282 483 283
486 282 485 283
433 284 430 287
434 284 432 286
436 284 434 286
438 284 435 286
439 284 437 286
444 284 441 286
445 284 443 286
449 284 446 286
452 284 450 286
472 284 471 286
475 284 474 287
477 284 476 287
478 284 477 287
480 284 479 287
481 284 480 287
483 284 482 286
486 284 485 285
433 286 430 288
434 286 432 288
436 286 434 288
438 286 436 288
439 286 437 288
441 286 439 288
442 286 440 288
449 286 446 288
450 286 448 288
452 286 450 287
470 286 469 288
472 286 471 288
473 286 472 288
475 286 474 288
477 286 476 288
478 286 477 289
480 286 479 289
481 286 480 289
483 286 482 288
484 286 484 288
433 287 431 289
434 287 433 290
436 287 434 290
438 287 436 289
439 287 438 290
442 287 440 289
449 287 446 289
452 287 450 289
453 287 451 289
456 287 453 288
470 287 469 289
472 287 471 290
473 287 472 290
475 287 474 290
477 287 476 290
478 287 477 290
480 287 479 290
483 287 482 290
486 287 486 290
433 289 431 291
434 289 432 291
436 289 434 291
438 289 436 291
439 289 438 291
442 289 440 291
445 289 443 291
452 289 450 291
453 289 451 291
455 289 453 291
459 289 457 291
461 289 459 291
463 289 461 291
464 289 462 291
469 289 468 291
472 289 471 291
473 289 473 291
475 289 474 291
477 289 476 292
478 289 477 292
480 289 479 292
483 289 482 292
486 289 486 291
433 290 431 293
434 290 433 293
436 290 435 292
438 290 436 293
439 290 438 293
441 290 440 293
444 290 442 292
447 290 445 292
449 290 447 293
452 290 450 292
453 290 451 292
458 290 456 292
459 290 457 292
463 290 461 292
464 290 462 292
466 290 465 291
467 290 466 292
469 290 468 292
470 290 469 292
472 290 471 293
473 290 472 293
475 290 474 293
477 290 476 293
478 290 477 293
480 290 479 293
481 290 480 294
433 292 431 295
434 292 433 295
436 292 435 295
438 292 436 295
439 292 438 295
441 292 440 295
444 292 442 294
445 292 443 294
447 292 445 294
449 292 447 294
452 292 450 294
453 292 451 294
455 292 453 294
456 292 454 294
458 292 456 294
459 292 457 294
461 292 459 294
463 292 461 294
464 292 462 294
466 292 464 294
467 292 466 294
469 292 468 294
470 292 469 294
472 292 471 294
473 292 472 295
475 292 474 295
477 292 476 295
478 292 477 295
480 292 479 295
481 292 481 294
483 292 483 294
486 292 486 292
433 293 432 296
434 293 433 296
436 293 435 296
438 293 436 296
439 293 438 296
441 293 440 296
444 293 442 295
449 293 447 296
450 293 448 296
452 293 450 295
453 293 451 295
455 293 453 295
456 293 454 295
458 293 456 295
459 293 457 295
461 293 459 296
463 293 461 296
464 293 463 296
466 293 464 296
467 293 466 296
469 293 468 296
470 293 469 296
472 293 471 296
473 293 472 296
475 293 474 296
477 293 476 296
478 293 477 296
480 293 479 296
481 293 481 295
483 293 483 295
486 293 486 294
433 295 432 298
434 295 433 297
436 295 435 297
438 295 436 298
439 295 438 298
441 295 439 298
442 295 441 298
445 295 443 297
447 295 445 297
449 295 447 297
450 295 448 297
452 295 450 297
453 295 451 297
455 295 453 297
456 295 454 297
458 295 456 297
459 295 458 297
461 295 459 297
463 295 461 297
464 295 463 298
466 295 464 298
469 295 468 297
470 295 469 298
472 295 471 298
473 295 472 298
475 295 474 298
477 295 476 298
478 295 477 298
480 295 479 298
481 295 481 297
484 295 485 296
486 295 486 295
433 296 432 299
434 296 433 299
436 296 434 299
438 296 436 299
439 296 438 299
441 296 440 299
442 296 441 299
444 296 443 299
445 296 444 299
449 296 447 299
453 296 451 299
455 296 453 299
456 296 454 299
458 296 456 299
459 296 458 299
461 296 460 299
463 296 461 299
464 296 463 299
466 296 464 299
467 296 466 299
469 296 468 299
470 296 469 299
472 296 471 299
473 296 472 299
475 296 474 299
477 296 476 299
478 296 477 299
480 296 479 299
481 296 481 299
483 296 483 298
484 296 485 297
433 298 432 301
434 298 433 301
436 298 435 301
438 298 436 301
439 298 438 301
441 298 440 301
442 298 441 301
444 298 443 301
445 298 444 301
447 298 446 301
449 298 447 301
450 298 449 301
453 298 451 301
455 298 453 301
456 298 455 301
458 298 456 301
459 298 458 301
461 298 459 301
463 298 461 301
464 298 463 301
466 298 464 301
467 298 466 301
469 298 468 301
470 298 469 301
472 298 471 301
473 298 472 301
475 298 474 301
477 298 476 301
478 298 477 301
480 298 480 301
483 298 483 299
486 298 486 298
433 300 432 302
434 300 433 303
436 300 435 302
438 300 436 302
439 300 438 302
441 300 440 303
442 300 441 303
444 300 443 303
445 300 444 303
447 300 446 303
449 300 447 302
450 300 449 303
452 300 451 302
455 300 453 302
456 300 455 302
458 300 456 302
459 300 458 302
461 300 460 302
463 300 461 303
464 300 463 303
466 300 464 302
467 300 466 302
469 300 468 302
470 300 469 303
472 300 471 303
473 300 472 303
475 300 474 303
477 300 476 302
478 300 477 302
481 300 482 301
483 300 483 300
433 301 432 304
434 301 433 304
436 301 435 304
438 301 436 304
439 301 438 304
441 301 440 304
442 301 441 304
444 301 443 304
445 301 444 304
447 301 446 304
449 301 447 304
450 301 449 304
453 301 452 304
455 301 453 304
456 301 454 304
458 301 456 304
459 301 458 304
461 301 460 304
463 301 461 304
464 301 463 304
466 301 464 304
467 301 466 304
469 301 468 304
470 301 469 304
472 301 471 304
473 301 472 304
475 301 474 304
477 301 476 304
481 301 482 302
484 301 484 301
434 303 434 305
436 303 435 306
438 303 436 306
439 303 438 306
441 303 439 306
442 303 441 306
444 303 443 306
445 303 444 306
447 303 446 306
449 303 447 306
450 303 449 306
453 303 452 305
455 303 453 306
456 303 455 306
458 303 456 306
459 303 458 306
461 303 460 306
463 303 461 306
464 303 463 306
466 303 464 306
467 303 466 305
469 303 468 306
470 303 469 306
472 303 471 306
473 303 472 306
475 303 474 306
477 303 476 306
480 303 480 303
481 303 482 303
483 303 483 303
436 304 435 307
438 304 436 307
439 304 438 307
441 304 439 307
442 304 441 307
444 304 443 307
445 304 444 307
447 304 446 307
449 304 447 307
452 304 451 307
453 304 452 307
455 304 454 307
458 304 456 307
459 304 458 307
461 304 460 307
463 304 461 307
464 304 463 307
466 304 465 307
467 304 466 307
469 304 468 307
470 304 469 307
472 304 471 307
473 304 472 307
475 304 474 307
477 304 476 307
483 304 483 304
438 306 437 309
439 306 438 309
441 306 439 309
442 306 441 309
444 306 443 309
445 306 444 309
447 306 446 309
449 306 448 309
452 306 451 309
453 306 452 309
455 306 454 309
458 306 456 309
459 306 458 309
461 306 460 309
463 306 461 309
464 306 463 309
466 306 464 309
467 306 466 309
469 306 467 309
470 306 469 309
472 306 471 309
473 306 472 309
475 306 474 309
477 306 475 309
478 306 478 306
480 306 480 306
439 307 438 310
441 307 440 310
442 307 441 310
444 307 443 310
445 307 444 310
447 307 446 310
449 307 448 310
452 307 451 310
453 307 452 311
455 307 454 310
458 307 456 310
459 307 458 310
461 307 460 310
463 307 461 310
464 307 463 310
466 307 465 310
467 307 466 310
470 307 469 310
472 307 471 310
473 307 472 310
475 307 474 310
477 307 475 310
478 307 478 308
481 307 481 307
441 309 440 312
442 309 441 312
444 309 443 312
445 309 444 312
447 309 446 312
449 309 448 312
450 309 449 312
452 309 450 312
453 309 452 312
456 309 455 312
458 309 456 312
459 309 458 312
461 309 460 312
463 309 461 312
464 309 463 312
466 309 465 312
467 309 466 312
469 309 468 312
470 309 469 312
472 309 471 312
473 309 472 312
477 309 475 312
480 309 480 309
481 309 481 309
442 310 441 313
444 310 443 313
445 310 445 313
449 310 448 313
452 310 450 313
453 310 451 313
455 310 453 313
456 310 455 313
458 310 456 313
459 310 459 313
461 310 460 313
463 310 462 313
464 310 463 313
467 310 466 313
469 310 467 313
470 310 469 313
472 310 471 313
473 310 472 313
475 310 473 314
478 310 478 310
480 310 480 310
481 310 481 311
444 312 444 315
447 312 445 315
449 312 446 315
450 312 448 315
452 312 450 315
453 312 452 315
455 312 454 315
458 312 456 315
459 312 458 315
461 312 461 315
464 312 464 315
467 312 466 315
469 312 467 315
470 312 469 315
472 312 471 315
473 312 472 315
475 312 474 315
477 312 477 313
478 312 478 312
480 312 480 312
481 312 481 312
483 312 483 312
453 314 451 317
455 314 453 317
458 314 456 317
459 314 458 317
461 314 460 317
463 314 462 317
464 314 464 317
466 314 465 317
467 314 467 317
469 314 468 317
472 314 471 317
473 314 472 317
475 314 474 317
477 314 476 317
478 314 478 313
480 314 480 313
481 314 481 314
458 315 454 318
459 315 458 318
461 315 460 318
463 315 462 318
464 315 464 318
466 315 465 318
467 315 467 318
469 315 468 318
472 315 470 318
473 315 472 318
475 315 474 318
477 315 475 318
478 315 478 318
481 315 481 315
483 315 483 317
