459 290 396 329
463 290 400 330
475 292 414 340
459 293 395 334
461 293 397 335
464 293 401 337
459 295 395 336
461 295 397 336
463 295 398 337
475 295 413 343
458 296 393 337
464 296 399 340
463 298 396 339
464 298 398 339
466 298 400 342
467 298 402 343
466 300 400 344
467 300 401 344
464 301 397 344
466 301 398 343
469 301 402 346
466 303 398 346
467 303 399 345
470 303 403 349
464 304 396 346
466 304 398 348
467 304 399 349
469 304 401 349
470 304 402 350
463 306 394 348
464 306 396 348
469 306 400 351
470 306 402 352
470 307 401 354
472 307 402 354
