475 284 456 310
477 284 458 310
480 284 463 311
481 284 465 311
436 286 410 307
475 286 456 312
477 286 458 312
480 286 463 313
481 286 464 313
441 287 415 310
475 287 456 314
477 287 458 314
478 287 460 315
480 287 463 315
433 289 408 312
436 289 411 312
438 289 413 312
444 289 418 311
461 289 434 309
463 289 435 309
470 289 448 313
473 289 452 314
475 289 456 316
477 289 458 316
478 289 460 316
480 289 462 317
433 290 408 314
436 290 412 313
438 290 413 314
441 290 416 314
442 290 417 314
444 290 419 313
459 290 432 311
461 290 433 311
463 290 435 311
464 290 437 311
473 290 452 315
477 290 459 318
478 290 460 318
433 292 409 316
438 292 413 316
439 292 415 316
441 292 416 316
444 292 419 315
458 292 431 314
459 292 432 312
461 292 433 313
463 292 435 312
464 292 437 312
466 292 441 315
470 292 448 316
472 292 449 316
475 292 455 318
478 292 460 320
434 293 411 318
439 293 415 318
441 293 417 318
442 293 418 318
445 293 420 317
449 293 423 317
458 293 432 316
459 293 433 315
464 293 438 316
466 293 440 316
467 293 443 317
469 293 446 318
470 293 447 318
472 293 450 318
473 293 452 319
478 293 460 322
433 295 409 320
434 295 411 320
436 295 413 320
441 295 417 320
442 295 418 319
445 295 421 319
447 295 422 319
449 295 424 319
450 295 425 319
458 295 431 318
459 295 433 318
461 295 435 318
463 295 436 318
464 295 438 318
466 295 440 318
467 295 443 319
469 295 445 319
470 295 447 320
472 295 450 320
473 295 453 321
475 295 454 321
477 295 456 322
433 296 411 322
436 296 413 322
441 296 417 322
442 296 418 321
444 296 420 322
447 296 422 321
449 296 424 321
450 296 426 321
452 296 427 321
455 296 429 321
458 296 432 320
459 296 434 320
461 296 435 320
463 296 436 320
464 296 438 320
466 296 440 320
469 296 445 321
470 296 447 322
472 296 450 322
473 296 452 322
475 296 455 323
477 296 457 323
478 296 459 324
434 298 413 324
436 298 414 324
441 298 417 324
442 298 419 324
444 298 420 324
447 298 423 323
449 298 424 323
450 298 426 323
452 298 427 323
455 298 430 323
459 298 434 322
461 298 435 322
463 298 436 322
464 298 438 322
466 298 440 322
467 298 442 322
469 298 445 323
470 298 447 323
472 298 450 324
473 298 452 324
475 298 455 325
438 300 415 326
439 300 416 326
442 300 419 326
444 300 420 326
445 300 422 325
447 300 424 326
449 300 424 325
450 300 426 325
452 300 427 324
453 300 429 324
456 300 431 324
458 300 433 324
461 300 435 324
463 300 437 324
464 300 438 323
466 300 440 324
467 300 442 324
469 300 445 325
470 300 447 325
472 300 450 326
473 300 452 326
475 300 455 326
436 301 414 328
439 301 417 328
441 301 418 328
442 301 419 327
445 301 422 328
447 301 424 328
450 301 426 326
452 301 428 326
453 301 429 326
455 301 431 326
458 301 433 326
459 301 435 326
463 301 437 326
464 301 439 325
466 301 440 325
467 301 442 325
469 301 445 327
470 301 447 327
472 301 449 327
473 301 452 328
436 303 415 330
438 303 416 330
441 303 419 330
442 303 420 330
444 303 421 330
445 303 423 330
449 303 426 329
450 303 426 328
452 303 428 328
453 303 429 328
455 303 431 328
456 303 432 329
459 303 435 328
461 303 436 328
463 303 438 328
466 303 441 327
467 303 442 327
469 303 445 329
470 303 447 329
472 303 449 330
473 303 452 330
475 303 454 330
438 304 416 332
439 304 418 332
442 304 420 332
444 304 422 332
445 304 423 332
447 304 425 332
450 304 427 331
452 304 429 331
453 304 430 330
455 304 432 330
456 304 432 330
458 304 434 330
461 304 437 330
463 304 438 330
464 304 440 330
466 304 442 330
467 304 442 329
469 304 445 331
470 304 447 331
472 304 449 331
473 304 451 331
444 306 422 334
445 306 424 334
447 306 425 334
450 306 428 334
452 306 429 333
455 306 432 333
456 306 433 333
458 306 435 333
459 306 436 332
463 306 439 332
464 306 440 332
466 306 442 332
467 306 443 332
469 306 445 333
470 306 447 332
472 306 449 333
444 307 422 336
445 307 424 336
447 307 425 336
449 307 427 335
452 307 429 335
453 307 430 335
458 307 435 334
459 307 436 334
461 307 438 334
466 307 442 334
467 307 443 334
469 307 445 334
470 307 447 334
472 307 449 334
473 307 451 334
458 309 435 336
459 309 436 336
463 309 439 336
467 309 444 336
469 309 445 336
470 309 446 336
472 309 449 336
459 310 437 338
461 310 438 338
463 310 440 338
464 310 441 338
467 310 444 338
469 310 445 338
470 310 447 338
466 312 443 340
469 312 445 340
470 312 447 340
