434 270 406 304
444 270 419 304
475 281 445 292
478 281 448 292
480 281 455 293
481 281 457 293
483 281 459 293
484 281 459 292
486 281 461 292
472 282 443 295
473 282 445 295
478 282 448 294
433 284 408 306
436 284 410 306
438 284 411 305
473 284 445 297
475 284 456 310
477 284 458 310
480 284 463 311
481 284 465 311
434 286 409 308
436 286 410 307
438 286 411 307
439 286 413 307
452 286 468 302
475 286 456 312
477 286 458 312
480 286 463 313
481 286 464 313
483 286 459 297
433 287 408 310
434 287 409 310
436 287 411 310
439 287 414 310
441 287 415 310
475 287 456 314
477 287 458 314
478 287 460 315
480 287 463 315
433 289 408 312
434 289 410 312
436 289 411 312
438 289 413 312
441 289 416 312
442 289 417 311
444 289 418 311
459 289 431 309
461 289 434 309
463 289 435 309
467 289 437 309
470 289 448 313
473 289 452 314
475 289 456 316
477 289 458 316
478 289 460 316
480 289 462 317
433 290 408 314
434 290 410 314
436 290 412 313
438 290 413 314
441 290 416 314
442 290 417 314
444 290 419 313
453 290 424 310
455 290 426 310
459 290 432 311
461 290 433 311
463 290 435 311
464 290 437 311
472 290 461 304
473 290 452 315
477 290 459 318
478 290 460 318
480 290 462 319
433 292 409 316
436 292 412 316
438 292 413 316
439 292 415 316
441 292 416 316
444 292 419 315
449 292 423 315
453 292 424 312
455 292 426 312
456 292 430 314
458 292 431 314
459 292 432 312
461 292 433 313
463 292 435 312
464 292 437 312
466 292 441 315
470 292 448 316
472 292 449 316
473 292 463 306
475 292 455 318
478 292 460 320
480 292 463 320
433 293 410 318
434 293 411 318
436 293 413 318
439 293 415 318
441 293 417 318
442 293 418 318
445 293 420 317
447 293 422 317
449 293 423 317
458 293 432 316
459 293 433 315
464 293 438 316
466 293 440 316
467 293 443 317
469 293 446 318
470 293 447 318
472 293 450 318
473 293 452 319
478 293 460 322
480 293 463 322
481 293 464 322
483 293 466 322
486 293 471 321
433 295 409 320
434 295 411 320
436 295 413 320
439 295 415 320
441 295 417 320
442 295 418 319
445 295 421 319
447 295 422 319
449 295 424 319
450 295 425 319
458 295 431 318
459 295 433 318
461 295 435 318
463 295 436 318
464 295 438 318
466 295 440 318
467 295 443 319
469 295 445 319
470 295 447 320
472 295 450 320
473 295 453 321
475 295 454 321
477 295 456 322
478 295 450 305
480 295 453 306
433 296 411 322
436 296 413 322
438 296 415 322
441 296 417 322
442 296 418 321
444 296 420 322
447 296 422 321
449 296 424 321
450 296 426 321
452 296 427 321
455 296 429 321
458 296 432 320
459 296 434 320
461 296 435 320
463 296 436 320
464 296 438 320
466 296 440 320
469 296 445 321
470 296 447 322
472 296 450 322
473 296 452 322
475 296 455 323
477 296 457 323
478 296 459 324
433 298 411 324
434 298 413 324
436 298 414 324
441 298 417 324
442 298 419 324
444 298 420 324
447 298 423 323
449 298 424 323
450 298 426 323
452 298 427 323
455 298 430 323
459 298 434 322
461 298 435 322
463 298 436 322
464 298 438 322
466 298 440 322
467 298 442 322
469 298 445 323
470 298 447 323
472 298 450 324
473 298 452 324
475 298 455 325
477 298 457 326
480 298 462 326
433 300 411 326
434 300 413 326
438 300 415 326
439 300 416 326
442 300 419 326
444 300 420 326
445 300 422 325
447 300 424 326
449 300 424 325
450 300 426 325
452 300 427 324
453 300 429 324
456 300 431 324
458 300 433 324
461 300 435 324
463 300 437 324
464 300 438 323
466 300 440 324
467 300 442 324
469 300 445 325
470 300 447 325
472 300 450 326
473 300 452 326
475 300 455 326
477 300 457 328
478 300 459 328
433 301 412 328
434 301 413 328
436 301 414 328
439 301 417 328
441 301 418 328
442 301 419 327
445 301 422 328
447 301 424 328
450 301 426 326
452 301 428 326
453 301 429 326
455 301 431 326
458 301 433 326
459 301 435 326
463 301 437 326
464 301 439 325
466 301 440 325
467 301 442 325
469 301 445 327
470 301 447 327
472 301 449 327
473 301 452 328
475 301 465 318
477 301 466 319
478 301 458 329
484 301 464 332
434 303 413 330
436 303 415 330
438 303 416 330
441 303 419 330
442 303 420 330
444 303 421 330
445 303 423 330
449 303 426 329
450 303 426 328
452 303 428 328
453 303 429 328
455 303 431 328
456 303 432 329
459 303 435 328
461 303 436 328
463 303 438 328
466 303 441 327
467 303 442 327
469 303 445 329
470 303 447 329
472 303 449 330
473 303 452 330
475 303 454 330
477 303 456 331
436 304 414 332
438 304 416 332
439 304 418 332
442 304 420 332
444 304 422 332
445 304 423 332
447 304 425 332
450 304 427 331
452 304 429 331
453 304 430 330
455 304 432 330
456 304 432 330
458 304 434 330
461 304 437 330
463 304 438 330
464 304 440 330
466 304 442 330
467 304 442 329
469 304 445 331
470 304 447 331
472 304 449 331
473 304 451 331
475 304 453 331
483 304 473 325
439 306 418 334
442 306 421 334
444 306 422 334
445 306 424 334
447 306 425 334
450 306 428 334
452 306 429 333
455 306 432 333
456 306 433 333
458 306 435 333
459 306 436 332
463 306 439 332
464 306 440 332
466 306 442 332
467 306 443 332
469 306 445 333
470 306 447 332
472 306 449 333
473 306 452 333
441 307 419 336
444 307 422 336
445 307 424 336
447 307 425 336
449 307 427 335
452 307 429 335
453 307 430 335
456 307 433 334
458 307 435 334
459 307 436 334
461 307 438 334
464 307 440 334
466 307 442 334
467 307 443 334
469 307 445 334
470 307 447 334
472 307 449 334
473 307 451 334
475 307 453 334
441 309 420 339
442 309 421 339
444 309 422 338
445 309 424 338
447 309 425 338
449 309 427 337
450 309 428 337
453 309 431 337
455 309 432 336
458 309 435 336
459 309 436 336
461 309 438 336
463 309 439 336
466 309 442 336
467 309 444 336
469 309 445 336
470 309 446 336
472 309 449 336
473 309 451 337
475 309 453 337
445 310 423 340
447 310 425 339
450 310 429 339
452 310 430 339
453 310 432 339
456 310 434 338
459 310 437 338
461 310 438 338
463 310 440 338
464 310 441 338
467 310 444 338
469 310 445 338
470 310 447 338
472 310 449 338
473 310 451 338
445 312 425 341
449 312 427 341
452 312 431 341
453 312 433 341
455 312 434 341
456 312 437 341
458 312 436 340
459 312 438 341
464 312 441 340
466 312 443 340
469 312 445 340
470 312 447 340
472 312 449 340
473 312 451 340
480 312 458 342
481 312 461 342
453 314 432 344
455 314 434 343
456 314 436 343
458 314 438 343
472 314 449 341
480 314 456 342
484 314 469 335
458 315 437 345
463 315 441 344
467 315 444 344
469 315 446 344
472 315 449 344
473 315 452 344
478 315 454 344
480 315 456 344
481 315 458 344
483 315 461 344
