439 286 381 320
436 287 379 321
439 287 381 322
434 289 378 324
436 289 379 323
438 289 381 324
441 289 383 323
463 289 400 324
464 289 402 324
436 290 380 326
439 290 382 327
464 290 402 326
436 292 380 328
439 292 382 329
441 292 384 329
442 292 384 328
434 293 379 330
439 293 381 331
441 293 384 331
442 293 385 331
445 293 386 331
449 293 389 331
441 295 383 333
442 295 385 333
445 295 386 333
475 295 420 341
444 296 386 335
447 296 388 334
463 296 400 334
475 296 420 343
442 298 384 337
444 298 385 337
445 298 387 337
447 298 388 336
458 298 396 338
459 298 397 337
463 298 400 337
464 298 401 337
445 300 387 339
463 300 400 340
464 300 401 339
439 301 383 341
442 301 385 341
444 301 387 341
445 301 388 342
447 301 389 341
459 301 398 343
464 301 402 343
466 301 404 343
467 301 406 344
441 303 385 343
442 303 386 344
445 303 388 344
449 303 390 344
459 303 398 345
461 303 400 345
464 303 402 344
466 303 404 345
467 303 405 346
469 303 407 346
473 303 415 349
439 304 383 345
442 304 386 346
445 304 388 346
447 304 390 346
450 304 391 346
461 304 400 346
463 304 401 347
467 304 405 347
469 304 406 347
470 304 409 348
442 306 386 348
444 306 387 348
447 306 390 348
449 306 391 348
452 306 392 348
464 306 402 349
467 306 405 349
469 306 406 349
470 306 408 350
472 306 412 353
444 307 387 350
445 307 388 350
449 307 391 350
452 307 392 350
453 307 394 351
464 307 403 351
466 307 404 351
469 307 406 352
470 307 408 353
445 309 388 352
449 309 391 352
450 309 392 353
453 309 394 352
467 309 405 354
470 309 408 354
472 309 410 354
466 310 404 355
467 312 405 357
