477 289 420 339
463 290 399 329
463 292 398 331
442 293 382 327
445 293 383 328
450 293 386 330
453 293 390 331
458 293 394 332
463 293 398 333
464 293 401 336
466 293 402 337
467 293 405 338
475 293 415 341
442 295 381 329
444 295 383 329
455 295 391 333
458 295 394 334
459 295 395 335
461 295 397 335
466 295 402 339
475 295 415 343
477 295 416 343
445 296 384 332
450 296 387 334
453 296 389 334
458 296 393 336
459 296 395 337
461 296 397 337
464 296 398 337
466 296 401 338
467 296 403 341
473 296 412 345
475 296 414 345
477 296 416 345
444 298 382 333
445 298 383 333
452 298 389 336
455 298 390 336
456 298 392 338
458 298 393 338
464 298 398 339
466 298 400 340
467 298 403 343
475 298 414 346
477 298 415 347
444 300 382 334
447 300 384 336
453 300 390 338
456 300 392 339
458 300 393 340
461 300 395 341
463 300 397 341
464 300 398 342
466 300 400 342
467 300 402 344
469 300 404 345
470 300 406 346
472 300 408 346
441 301 379 336
442 301 380 336
444 301 382 337
449 301 385 339
463 301 397 343
464 301 398 344
466 301 400 345
469 301 403 347
470 301 405 348
472 301 407 348
444 303 381 339
445 303 383 339
449 303 385 341
452 303 387 341
463 303 396 345
464 303 398 345
466 303 399 346
472 303 407 350
473 303 408 351
444 304 381 340
450 304 386 342
453 304 388 344
459 304 394 346
461 304 395 346
464 304 397 347
466 304 399 347
467 304 400 348
469 304 402 349
470 304 404 349
472 304 406 352
450 306 386 345
461 306 395 348
463 306 396 349
466 306 399 349
467 306 400 350
469 306 401 351
470 306 403 351
453 307 388 348
467 307 399 352
469 307 401 353
470 307 402 354
472 307 404 354
463 309 395 352
467 309 399 354
469 309 400 355
470 309 402 355
472 309 404 356
469 310 400 357
470 310 401 357
472 310 403 357
