434 270 416 299
436 270 418 299
433 271 416 301
478 281 462 287
480 281 463 287
481 281 465 286
483 281 467 286
472 282 453 292
473 282 455 288
475 282 458 289
478 282 460 289
480 282 463 288
445 284 430 299
449 284 432 299
452 284 434 299
475 284 464 303
477 284 466 303
478 284 468 303
433 286 417 302
434 286 419 302
436 286 420 301
438 286 422 301
442 286 426 301
470 286 453 296
472 286 460 303
473 286 462 303
475 286 464 304
477 286 466 304
478 286 468 305
480 286 470 305
484 286 477 306
486 286 478 306
433 287 418 304
434 287 419 304
436 287 421 304
439 287 424 304
441 287 425 303
442 287 426 303
449 287 432 301
455 287 436 300
456 287 437 300
472 287 460 304
475 287 464 306
477 287 466 306
478 287 468 307
484 287 477 308
486 287 478 308
433 289 418 305
434 289 420 305
436 289 421 305
438 289 423 305
441 289 426 306
442 289 427 306
444 289 428 305
455 289 436 302
463 289 446 303
467 289 448 303
472 289 460 306
473 289 461 307
475 289 464 308
477 289 466 308
478 289 468 308
480 289 470 309
481 289 472 309
484 289 476 310
433 290 418 307
434 290 420 307
436 290 421 307
438 290 423 307
442 290 427 307
444 290 428 307
447 290 431 306
452 290 434 305
453 290 435 305
455 290 437 304
459 290 443 306
461 290 444 305
464 290 448 306
467 290 449 304
469 290 454 308
472 290 459 308
473 290 461 308
477 290 466 310
478 290 468 310
480 290 470 310
481 290 472 311
483 290 475 310
433 292 418 309
434 292 420 309
436 292 421 309
438 292 423 309
439 292 424 309
441 292 426 309
442 292 428 309
445 292 430 308
452 292 434 307
453 292 435 307
455 292 437 306
456 292 440 308
458 292 442 308
461 292 444 307
463 292 446 306
466 292 451 308
467 292 453 308
469 292 454 310
470 292 457 309
472 292 459 310
473 292 461 310
475 292 463 310
477 292 465 311
478 292 468 312
480 292 470 312
484 292 476 312
433 293 418 311
434 293 420 311
436 293 422 311
438 293 423 311
439 293 424 311
441 293 426 311
442 293 428 311
445 293 430 310
447 293 432 310
449 293 433 310
452 293 436 310
455 293 439 310
456 293 440 310
458 293 442 310
461 293 445 309
463 293 446 309
464 293 448 309
469 293 455 311
470 293 457 311
472 293 459 311
473 293 461 312
475 293 463 312
478 293 468 314
480 293 470 314
481 293 472 313
486 293 479 313
433 295 418 313
434 295 420 313
436 295 422 313
438 295 424 313
439 295 425 313
441 295 426 313
442 295 428 313
445 295 430 312
447 295 432 312
449 295 433 312
450 295 435 312
455 295 439 312
456 295 440 311
458 295 442 312
459 295 444 312
463 295 446 311
464 295 448 311
466 295 451 313
467 295 453 312
469 295 455 313
470 295 457 313
472 295 459 313
473 295 461 314
475 295 463 314
477 295 465 313
478 295 468 315
480 295 470 315
481 295 472 315
483 295 474 315
484 295 475 315
433 296 419 315
434 296 421 315
438 296 423 314
439 296 425 314
441 296 427 314
442 296 428 315
444 296 430 315
445 296 431 315
449 296 434 314
450 296 436 314
452 296 437 314
455 296 439 313
456 296 440 314
458 296 442 314
459 296 444 314
461 296 446 313
464 296 448 313
466 296 451 314
467 296 452 314
469 296 455 314
470 296 457 315
472 296 459 315
473 296 461 315
475 296 463 315
477 296 465 315
480 296 470 317
481 296 472 317
484 296 475 317
486 296 477 317
433 298 420 317
434 298 421 317
436 298 423 317
439 298 425 317
441 298 427 316
442 298 428 317
444 298 430 316
445 298 431 316
449 298 434 316
450 298 436 316
452 298 437 316
453 298 438 316
456 298 440 315
458 298 442 316
459 298 444 315
461 298 445 315
463 298 447 315
467 298 453 316
469 298 455 316
470 298 456 316
472 298 459 316
473 298 461 317
475 298 463 317
477 298 465 317
486 298 477 319
433 300 420 318
434 300 421 319
436 300 423 318
438 300 424 318
441 300 427 318
442 300 428 318
444 300 430 318
445 300 431 318
449 300 434 318
450 300 436 318
452 300 437 318
453 300 439 318
455 300 440 318
456 300 442 318
459 300 444 317
461 300 446 317
463 300 447 317
464 300 449 318
466 300 451 317
469 300 455 318
470 300 457 318
472 300 458 318
473 300 461 319
475 300 463 319
477 300 465 319
478 300 467 319
481 300 472 318
433 301 419 320
434 301 421 320
436 301 423 320
438 301 425 320
441 301 427 320
442 301 429 320
444 301 430 320
445 301 432 320
447 301 433 320
450 301 436 320
452 301 437 319
453 301 439 319
455 301 440 319
456 301 442 319
459 301 445 319
461 301 446 319
463 301 448 319
464 301 449 319
466 301 451 319
467 301 452 319
469 301 455 320
470 301 457 320
472 301 459 320
473 301 461 320
475 301 463 321
477 301 465 321
434 303 421 322
436 303 423 322
438 303 425 322
439 303 426 322
442 303 429 322
444 303 430 322
445 303 432 322
447 303 434 322
449 303 435 321
452 303 438 321
453 303 439 321
455 303 441 321
456 303 442 321
458 303 444 321
459 303 445 321
463 303 448 321
464 303 450 321
466 303 451 321
467 303 452 321
469 303 455 321
470 303 456 321
472 303 459 322
473 303 461 322
475 303 463 322
477 303 465 323
436 304 423 325
438 304 425 324
439 304 426 324
441 304 428 324
444 304 431 324
445 304 432 324
447 304 434 324
449 304 435 324
450 304 436 323
453 304 439 323
455 304 441 323
456 304 442 323
458 304 444 323
459 304 445 323
461 304 447 323
463 304 449 323
466 304 451 322
467 304 452 322
469 304 454 323
470 304 456 323
472 304 459 324
473 304 461 324
475 304 463 324
439 306 427 326
441 306 428 326
442 306 430 326
445 306 432 326
447 306 434 326
449 306 436 325
450 306 437 325
452 306 438 325
455 306 441 325
456 306 442 325
458 306 444 325
459 306 445 325
461 306 447 325
463 306 449 325
464 306 450 325
466 306 451 324
467 306 453 324
469 306 454 325
470 306 456 325
472 306 459 325
473 306 461 325
475 306 463 325
439 307 426 328
441 307 428 328
442 307 430 328
447 307 434 327
449 307 436 327
450 307 437 327
452 307 439 327
453 307 440 327
456 307 443 327
458 307 444 327
459 307 446 327
461 307 447 326
463 307 449 326
464 307 450 326
466 307 452 326
470 307 457 326
472 307 459 327
473 307 461 327
441 309 428 330
442 309 429 330
447 309 434 329
449 309 436 329
450 309 437 329
452 309 439 329
453 309 440 329
455 309 442 329
458 309 444 328
459 309 446 328
461 309 447 328
463 309 449 328
464 309 450 328
466 309 452 328
469 309 455 328
470 309 456 328
472 309 458 328
473 309 461 329
445 310 432 331
447 310 434 331
449 310 435 330
450 310 437 330
452 310 439 330
453 310 440 330
455 310 442 330
458 310 444 330
459 310 446 330
461 310 448 330
463 310 449 330
464 310 451 330
466 310 452 330
469 310 455 330
470 310 456 330
472 310 458 330
473 310 460 330
478 310 466 331
444 312 430 332
445 312 432 332
450 312 437 332
452 312 438 332
453 312 440 332
456 312 444 332
458 312 445 332
461 312 448 332
463 312 449 332
466 312 453 332
467 312 454 332
469 312 456 332
472 312 459 332
473 312 461 332
478 312 466 334
453 314 443 335
455 314 440 335
456 314 442 335
458 314 443 334
459 314 445 334
466 314 452 334
467 314 454 334
469 314 456 334
470 314 458 334
472 314 459 334
477 314 463 334
478 314 466 336
463 315 446 335
464 315 447 335
466 315 452 336
467 315 455 336
469 315 456 336
470 315 458 336
472 315 459 336
473 315 461 336
477 315 463 336
478 315 465 336
484 315 471 336
