480 281 421 312
481 281 423 313
486 281 433 313
473 282 414 312
475 282 415 315
477 282 417 315
486 282 433 315
475 284 416 313
477 286 419 315
475 287 417 317
480 287 424 315
481 287 426 315
439 289 381 323
463 289 400 325
464 289 402 325
439 290 381 324
441 290 382 325
453 290 389 326
461 290 397 328
463 290 399 328
464 290 401 327
473 290 412 319
475 290 414 320
477 290 417 319
438 292 379 326
441 292 382 326
452 292 388 328
453 292 389 328
455 292 391 328
463 292 399 330
470 292 393 322
480 292 421 323
486 292 436 326
441 293 382 329
442 293 383 329
445 293 384 329
447 293 403 331
450 293 388 331
453 293 389 330
455 293 390 330
463 293 398 332
470 293 392 324
475 293 413 322
480 293 421 325
441 295 381 330
445 295 384 331
447 295 386 332
449 295 404 333
450 295 406 332
459 295 396 334
461 295 397 334
464 295 400 335
470 295 426 334
473 295 430 335
475 295 413 324
477 295 415 325
478 295 418 326
480 295 420 327
442 296 382 333
444 296 383 333
445 296 385 334
449 296 404 336
450 296 405 336
459 296 395 336
461 296 397 336
464 296 399 336
473 296 409 321
475 296 411 322
477 296 414 326
486 296 441 334
439 298 410 336
442 298 382 335
444 298 383 335
449 298 387 337
450 298 389 337
456 298 393 338
461 298 396 338
463 298 398 339
466 298 402 341
467 298 404 342
472 298 427 338
433 300 378 336
445 300 385 337
452 300 406 339
463 300 398 341
464 300 400 341
433 301 380 339
450 301 388 340
452 301 406 342
453 301 407 341
455 301 409 341
456 301 411 340
459 301 412 340
461 301 415 339
463 301 417 338
464 301 399 343
466 301 401 343
467 301 403 344
470 301 407 347
445 303 385 342
447 303 386 341
450 303 388 342
452 303 405 344
453 303 391 343
455 303 409 343
458 303 412 342
459 303 413 343
461 303 397 344
463 303 416 341
466 303 401 345
467 303 403 346
469 303 404 346
473 303 411 350
436 304 382 343
453 304 391 345
455 304 409 345
459 304 396 347
461 304 397 346
463 304 398 347
467 304 402 348
469 304 404 349
470 304 406 349
472 304 408 352
445 306 385 345
458 306 410 347
459 306 412 348
463 306 398 349
464 306 399 349
467 306 402 350
469 306 403 350
470 306 405 352
472 306 408 353
473 306 410 354
441 307 393 351
447 307 399 352
449 307 400 353
452 307 389 348
458 307 410 349
464 307 399 351
466 307 401 352
469 307 403 352
472 307 408 355
473 307 410 356
442 309 394 353
447 309 398 355
452 309 389 350
453 309 390 350
458 309 410 352
459 309 413 352
466 309 418 348
467 309 402 354
470 309 404 355
444 310 397 356
458 310 412 354
459 310 414 353
466 310 400 355
467 310 402 356
478 310 441 338
444 312 397 358
464 312 399 357
472 312 436 343
473 312 438 343
477 312 426 355
478 314 440 344
461 315 406 361
463 315 408 361
478 315 416 361
481 315 420 361
