436 270 380 314
481 281 430 310
484 281 433 309
473 282 414 309
475 282 417 311
478 282 419 310
481 282 430 311
486 282 436 312
439 284 382 318
472 284 414 311
473 284 416 311
477 284 421 314
484 284 434 313
436 286 380 320
438 286 381 320
473 286 417 315
434 287 379 323
436 287 381 323
438 287 382 323
439 287 383 323
478 287 424 316
480 287 426 310
481 287 427 310
484 287 434 316
433 289 379 325
436 289 381 325
439 289 383 325
441 289 385 325
445 289 404 323
463 289 401 322
481 289 427 312
433 290 379 328
436 290 381 327
438 290 382 327
439 290 396 327
445 290 404 325
447 290 406 325
449 290 409 323
461 290 399 324
463 290 401 324
464 290 403 323
477 290 419 315
478 290 420 316
433 292 379 330
434 292 380 330
436 292 382 330
439 292 396 329
441 292 385 329
442 292 386 329
445 292 388 329
455 292 410 322
459 292 398 326
461 292 399 326
463 292 401 326
475 292 415 316
477 292 418 317
480 292 424 318
434 293 380 331
436 293 382 332
438 293 392 331
439 293 396 331
441 293 386 332
445 293 388 331
447 293 389 330
461 293 400 328
475 293 415 318
477 293 418 319
480 293 424 320
438 295 393 333
441 295 386 334
442 295 387 334
447 295 390 333
449 295 407 329
450 295 409 329
452 295 410 327
453 295 411 327
455 295 413 326
459 295 399 332
461 295 401 332
475 295 423 339
480 295 424 322
481 295 435 318
433 296 381 337
444 296 388 336
445 296 389 336
449 296 407 331
450 296 409 331
452 296 411 331
455 296 413 328
459 296 399 334
461 296 401 334
464 296 403 334
473 296 437 334
484 296 439 320
434 298 383 339
439 298 413 332
445 298 389 339
447 298 391 338
449 298 392 338
450 298 425 325
452 298 411 333
458 298 398 337
461 298 401 336
463 298 402 336
464 298 404 337
467 298 409 339
470 298 430 334
472 298 432 334
434 300 383 341
444 300 388 340
445 300 390 340
449 300 392 340
450 300 425 327
452 300 410 335
456 300 414 334
458 300 398 339
459 300 400 339
463 300 402 339
464 300 404 339
466 300 406 339
441 301 387 343
442 301 388 343
445 301 391 343
449 301 392 342
450 301 394 342
452 301 410 337
453 301 412 338
455 301 414 337
458 301 417 334
459 301 400 341
461 301 402 341
464 301 404 341
466 301 406 341
467 301 407 341
469 301 411 343
470 301 413 344
439 303 386 345
441 303 388 346
444 303 390 345
445 303 391 345
447 303 392 345
450 303 394 344
452 303 396 344
453 303 412 340
455 303 413 339
456 303 416 339
459 303 401 344
461 303 420 339
463 303 404 343
464 303 405 343
466 303 407 344
467 303 407 343
469 303 409 343
470 303 429 338
472 303 431 338
439 304 387 348
442 304 389 348
445 304 391 347
449 304 393 347
452 304 396 346
453 304 397 346
455 304 414 341
456 304 416 341
458 304 418 341
459 304 401 346
461 304 403 345
464 304 405 345
466 304 407 346
469 304 410 347
470 304 412 347
472 304 431 340
439 306 387 351
442 306 390 350
444 306 391 350
447 306 393 350
449 306 394 349
452 306 395 349
453 306 397 349
455 306 398 349
458 306 401 349
459 306 418 343
461 306 403 348
463 306 404 348
466 306 407 348
467 306 408 348
469 306 410 349
470 306 412 349
472 306 431 342
439 307 387 353
441 307 388 352
444 307 391 352
447 307 393 352
449 307 394 352
452 307 396 352
453 307 397 351
455 307 399 351
458 307 401 351
459 307 402 351
463 307 404 350
464 307 406 350
467 307 408 350
469 307 410 350
470 307 412 351
442 309 390 355
445 309 392 355
449 309 395 354
450 309 396 354
453 309 398 354
456 309 416 350
459 309 402 353
461 309 404 353
464 309 406 353
467 309 409 353
469 309 410 352
470 309 411 353
472 309 413 353
442 310 390 357
449 310 395 356
450 310 396 356
453 310 398 356
461 310 404 355
464 310 406 355
466 310 408 355
467 310 442 338
469 310 410 355
470 310 411 355
472 310 413 355
470 312 411 357
481 315 420 360
483 315 422 360
