463 289 400 325
464 289 402 325
441 290 382 325
461 290 397 328
463 290 399 328
464 290 401 327
438 292 379 326
463 292 399 330
441 293 382 329
442 293 383 329
445 293 384 329
450 293 388 331
453 293 389 330
455 293 390 330
441 295 381 330
445 295 384 331
459 295 396 334
461 295 397 334
464 295 400 335
442 296 382 333
444 296 383 333
445 296 385 334
459 296 395 336
461 296 397 336
442 298 382 335
444 298 383 335
449 298 387 337
456 298 393 338
461 298 396 338
463 298 398 339
466 298 402 341
467 298 404 342
445 300 385 337
463 300 398 341
464 300 400 341
450 301 388 340
464 301 399 343
466 301 401 343
467 301 403 344
470 301 407 347
445 303 385 342
447 303 386 341
450 303 388 342
453 303 391 343
461 303 397 344
466 303 401 345
467 303 403 346
469 303 404 346
473 303 411 350
453 304 391 345
459 304 396 347
461 304 397 346
463 304 398 347
467 304 402 348
469 304 404 349
470 304 406 349
472 304 408 352
445 306 385 345
463 306 398 349
464 306 399 349
467 306 402 350
469 306 403 350
470 306 405 352
472 306 408 353
452 307 389 348
464 307 399 351
466 307 401 352
469 307 403 352
452 309 389 350
453 309 390 350
467 309 402 354
466 310 400 355
467 310 402 356
464 312 399 357
