449 270 440 288
475 281 465 284
478 281 475 289
480 281 477 289
481 281 478 289
445 282 439 290
477 282 473 291
478 282 475 291
480 282 477 291
481 282 478 291
483 282 480 290
484 282 482 292
433 284 426 291
444 284 437 291
445 284 439 291
452 284 444 290
477 284 473 292
478 284 475 292
480 284 477 293
481 284 478 292
483 284 480 292
486 284 483 292
433 286 426 293
436 286 430 293
438 286 432 293
450 286 442 291
452 286 444 292
453 286 445 291
470 286 462 289
473 286 469 294
475 286 471 294
477 286 473 294
478 286 475 294
480 286 477 294
481 286 478 294
483 286 480 294
484 286 482 294
486 286 484 294
433 287 427 294
434 287 429 295
436 287 430 294
438 287 432 294
439 287 433 294
441 287 435 295
452 287 444 293
453 287 445 293
455 287 448 293
456 287 449 293
472 287 468 295
473 287 469 295
475 287 471 295
477 287 473 296
478 287 475 296
480 287 477 296
481 287 478 296
483 287 481 296
484 287 482 296
486 287 484 297
433 289 427 296
434 289 429 296
436 289 431 296
438 289 432 296
439 289 434 296
441 289 435 297
442 289 437 296
452 289 444 295
453 289 446 295
455 289 448 295
459 289 453 294
461 289 454 295
463 289 456 295
469 289 461 292
470 289 465 297
472 289 468 297
473 289 469 297
475 289 471 297
477 289 473 298
478 289 475 298
480 289 477 298
481 289 478 298
483 289 481 297
484 289 483 297
486 289 484 298
433 290 427 298
434 290 429 298
436 290 431 298
438 290 432 298
439 290 434 298
441 290 436 298
442 290 437 298
444 290 439 298
447 290 441 297
449 290 442 297
452 290 445 297
455 290 448 297
458 290 451 296
459 290 453 296
461 290 455 296
463 290 456 296
464 290 458 296
467 290 459 296
469 290 464 297
472 290 468 298
473 290 469 298
475 290 471 298
477 290 474 299
478 290 475 299
480 290 477 299
481 290 478 299
483 290 481 299
484 290 483 299
486 290 484 300
433 292 428 300
434 292 429 300
436 292 431 300
438 292 432 300
439 292 434 300
441 292 436 300
442 292 437 300
444 292 439 300
447 292 441 299
449 292 443 299
450 292 444 299
452 292 445 299
453 292 447 299
455 292 449 298
456 292 451 298
458 292 452 299
459 292 453 298
461 292 454 298
463 292 456 298
464 292 459 299
466 292 460 299
467 292 462 299
469 292 464 299
473 292 469 300
475 292 471 300
477 292 474 301
478 292 475 301
480 292 477 301
481 292 479 301
483 292 481 300
484 292 482 301
486 292 484 302
433 293 428 301
434 293 429 301
436 293 431 301
438 293 433 301
439 293 434 301
441 293 436 301
442 293 437 301
444 293 439 302
447 293 441 301
449 293 443 301
450 293 445 301
452 293 446 301
453 293 447 300
455 293 449 300
456 293 450 301
458 293 452 301
459 293 454 301
461 293 455 301
463 293 457 301
464 293 459 301
466 293 460 301
467 293 462 301
469 293 464 301
470 293 466 301
472 293 468 301
473 293 469 302
475 293 471 302
477 293 473 302
478 293 475 302
480 293 477 302
481 293 479 302
483 293 481 302
486 293 483 303
433 295 428 303
434 295 429 303
436 295 431 303
438 295 433 303
439 295 434 303
441 295 436 303
442 295 437 303
444 295 439 303
447 295 441 303
449 295 443 303
450 295 445 303
452 295 446 302
453 295 447 302
455 295 449 302
456 295 450 302
458 295 452 302
459 295 454 302
461 295 456 303
463 295 457 302
464 295 459 303
466 295 461 303
467 295 462 303
469 295 464 303
470 295 466 303
472 295 468 303
473 295 469 303
475 295 471 303
477 295 473 303
478 295 475 304
480 295 477 304
481 295 479 303
483 295 481 303
433 296 428 305
434 296 429 305
436 296 431 305
438 296 433 305
439 296 434 304
441 296 436 304
442 296 437 304
444 296 439 305
445 296 440 305
449 296 443 304
450 296 445 304
452 296 446 304
453 296 447 304
455 296 449 304
456 296 451 304
458 296 452 304
459 296 454 304
461 296 456 304
463 296 457 304
464 296 459 304
466 296 461 305
467 296 462 304
469 296 464 304
470 296 466 304
472 296 468 304
473 296 469 305
475 296 471 305
477 296 473 305
478 296 475 305
480 296 476 305
433 298 428 307
434 298 430 307
436 298 431 306
438 298 432 306
439 298 434 306
441 298 436 306
442 298 437 306
444 298 439 306
445 298 440 306
449 298 443 306
450 298 445 306
452 298 446 306
453 298 448 306
455 298 449 306
456 298 451 306
458 298 452 306
459 298 454 306
461 298 455 306
463 298 457 306
464 298 459 306
466 298 461 306
467 298 462 306
469 298 464 306
470 298 465 306
472 298 468 306
475 298 471 307
477 298 473 307
478 298 475 307
436 300 431 308
438 300 433 308
439 300 434 308
441 300 436 308
442 300 437 308
444 300 439 308
445 300 440 308
447 300 442 308
450 300 445 308
452 300 447 308
453 300 448 308
455 300 450 308
456 300 451 308
458 300 452 308
459 300 454 308
461 300 456 308
463 300 457 307
464 300 459 307
466 300 461 308
467 300 462 308
469 300 464 308
470 300 466 308
472 300 468 308
473 300 470 308
475 300 471 308
477 300 473 309
478 300 474 308
433 301 428 309
434 301 430 309
436 301 431 309
438 301 433 310
439 301 434 310
441 301 436 309
442 301 437 309
444 301 439 309
445 301 440 309
447 301 442 310
449 301 444 309
452 301 447 309
453 301 448 309
455 301 450 309
456 301 451 309
458 301 453 309
459 301 454 309
461 301 456 309
463 301 458 309
464 301 459 309
466 301 461 309
467 301 462 309
469 301 464 309
470 301 465 309
472 301 468 309
473 301 469 310
475 301 471 310
477 301 473 310
434 303 430 311
438 303 433 311
439 303 434 311
441 303 436 311
442 303 438 311
444 303 439 312
445 303 441 312
447 303 443 312
449 303 444 311
452 303 447 311
453 303 448 311
455 303 450 311
456 303 451 311
458 303 453 311
459 303 454 311
461 303 456 311
463 303 457 311
464 303 459 311
466 303 461 311
467 303 462 311
469 303 464 311
470 303 465 311
472 303 468 312
473 303 469 312
475 303 471 312
477 303 473 312
478 303 474 312
438 304 433 313
439 304 435 313
441 304 436 313
442 304 438 313
444 304 440 313
445 304 441 313
447 304 443 313
449 304 444 313
452 304 447 312
453 304 448 313
455 304 450 313
456 304 451 313
458 304 453 312
459 304 454 312
461 304 456 312
463 304 458 312
464 304 459 312
466 304 461 312
467 304 462 312
469 304 464 312
472 304 468 313
473 304 469 313
475 304 471 313
477 304 473 313
439 306 435 315
441 306 436 315
442 306 438 315
444 306 440 315
445 306 441 315
447 306 443 315
449 306 444 315
450 306 446 315
453 306 448 314
455 306 450 314
456 306 451 315
458 306 453 315
459 306 455 314
461 306 456 314
463 306 458 314
464 306 459 314
466 306 461 314
467 306 462 314
469 306 464 314
470 306 466 314
475 306 471 315
480 306 479 307
442 307 438 316
444 307 440 316
445 307 441 316
447 307 443 316
449 307 445 316
450 307 446 317
453 307 448 316
455 307 450 316
456 307 452 316
458 307 453 316
459 307 455 316
461 307 456 316
463 307 458 316
464 307 459 316
466 307 461 316
467 307 462 316
469 307 464 316
470 307 466 316
472 307 468 316
473 307 469 316
480 307 480 308
481 307 481 308
442 309 438 318
444 309 440 318
445 309 441 318
447 309 443 318
449 309 444 318
450 309 446 318
453 309 449 318
456 309 452 318
458 309 453 318
459 309 455 318
461 309 456 318
463 309 458 318
464 309 459 318
466 309 461 318
467 309 462 318
469 309 464 318
470 309 465 317
472 309 467 317
473 309 469 318
475 309 471 318
480 309 480 310
444 310 440 320
445 310 441 320
447 310 443 319
449 310 445 319
450 310 446 320
452 310 447 319
453 310 449 320
455 310 451 320
458 310 453 320
459 310 455 320
461 310 457 320
463 310 458 319
464 310 459 319
466 310 461 319
467 310 463 319
469 310 464 319
470 310 466 319
472 310 468 319
473 310 469 319
481 310 481 311
445 312 441 321
447 312 443 321
449 312 444 321
452 312 447 321
453 312 450 321
455 312 452 321
458 312 453 321
459 312 455 321
461 312 456 321
463 312 458 321
464 312 459 321
466 312 461 321
467 312 463 321
469 312 464 321
470 312 466 321
472 312 468 321
473 312 469 321
477 312 473 321
480 312 480 312
481 312 481 312
483 312 483 312
453 314 448 323
455 314 450 323
459 314 455 323
461 314 456 323
463 314 458 323
464 314 460 323
466 314 462 323
467 314 463 323
469 314 465 323
470 314 466 323
472 314 468 323
473 314 470 323
477 314 473 324
481 314 481 314
483 314 483 314
458 315 451 324
459 315 453 324
463 315 458 325
467 315 463 325
472 315 468 325
473 315 470 325
475 315 471 325
478 315 473 325
481 315 476 325
