475 281 415 314
483 281 429 315
486 281 431 314
472 282 408 316
473 282 414 313
480 282 421 317
483 282 429 317
486 282 431 316
475 284 417 314
484 284 430 318
486 284 432 318
439 286 381 322
475 286 417 317
483 286 428 319
484 286 430 320
475 287 416 319
484 287 429 322
464 289 402 327
477 289 420 339
484 289 430 324
452 290 388 327
459 290 396 330
463 290 399 329
472 290 411 321
473 290 412 321
475 290 414 322
477 290 417 321
478 290 418 322
447 292 386 326
450 292 387 329
452 292 389 329
453 292 390 328
455 292 391 329
463 292 398 331
477 292 416 323
478 292 418 324
480 292 420 324
442 293 382 327
445 293 383 328
450 293 386 330
452 293 388 331
453 293 390 331
458 293 394 332
463 293 398 333
464 293 401 336
466 293 402 337
467 293 405 338
470 293 423 331
472 293 425 332
473 293 427 331
475 293 415 341
477 293 415 325
478 293 417 326
480 293 420 326
442 295 381 329
444 295 383 329
449 295 403 335
453 295 390 333
455 295 391 333
458 295 394 334
459 295 395 335
461 295 397 335
466 295 402 339
470 295 422 334
472 295 425 334
473 295 428 336
475 295 415 343
477 295 416 343
478 295 417 328
480 295 419 328
444 296 382 331
445 296 384 332
450 296 387 334
453 296 389 334
455 296 391 335
458 296 393 336
459 296 395 337
461 296 397 337
464 296 398 337
466 296 401 338
467 296 403 341
473 296 412 345
475 296 414 345
477 296 416 345
444 298 382 333
445 298 383 333
447 298 385 334
450 298 387 336
452 298 389 336
455 298 390 336
456 298 392 338
458 298 393 338
461 298 414 334
464 298 398 339
466 298 400 340
467 298 403 343
475 298 414 346
477 298 415 347
444 300 382 334
445 300 383 335
447 300 384 336
452 300 388 338
453 300 390 338
456 300 392 339
458 300 393 340
461 300 395 341
463 300 397 341
464 300 398 342
466 300 400 342
467 300 402 344
469 300 404 345
470 300 406 346
472 300 408 346
441 301 379 336
442 301 380 336
444 301 382 337
447 301 384 338
449 301 385 339
450 301 387 339
453 301 389 340
455 301 407 342
459 301 411 341
461 301 412 340
463 301 397 343
464 301 398 344
466 301 400 345
469 301 403 347
470 301 405 348
472 301 407 348
444 303 381 339
445 303 383 339
449 303 385 341
452 303 387 341
453 303 389 342
455 303 407 344
459 303 411 344
463 303 396 345
464 303 398 345
466 303 399 346
472 303 407 350
473 303 408 351
438 304 389 346
444 304 381 340
450 304 386 342
453 304 388 344
455 304 390 344
456 304 408 345
458 304 410 346
459 304 394 346
461 304 395 346
464 304 397 347
466 304 399 347
467 304 400 348
469 304 402 349
470 304 404 349
472 304 406 352
450 306 386 345
456 306 391 347
461 306 395 348
463 306 396 349
466 306 399 349
467 306 400 350
469 306 401 351
470 306 403 351
473 306 422 345
449 307 397 352
453 307 388 348
463 307 395 350
467 307 399 352
469 307 401 353
470 307 402 354
472 307 404 354
475 307 424 347
456 309 407 353
459 309 410 352
461 309 412 352
463 309 395 352
464 309 397 353
467 309 399 354
469 309 400 355
470 309 402 355
472 309 404 356
473 309 421 350
467 310 416 350
469 310 400 357
470 310 401 357
472 310 403 357
478 314 437 345
480 315 416 358
484 315 425 355
