433 271 378 319
483 281 431 310
484 281 432 311
486 281 434 310
473 282 415 313
475 282 416 313
477 282 418 313
481 282 429 313
486 282 434 312
473 284 415 314
477 284 419 316
481 284 429 315
438 286 379 319
439 286 381 320
473 286 416 316
481 286 429 317
483 286 431 317
436 287 379 321
439 287 381 322
477 287 421 320
481 287 426 312
484 287 433 318
434 289 378 324
436 289 379 323
438 289 381 324
441 289 383 323
445 289 403 326
463 289 400 324
464 289 402 324
436 290 380 326
439 290 382 327
445 290 403 328
459 290 397 326
464 290 402 326
478 290 421 317
436 292 380 328
439 292 382 329
441 292 384 329
442 292 384 328
447 292 388 329
449 292 389 329
470 292 393 321
478 292 420 321
434 293 379 330
439 293 381 331
441 293 384 331
442 293 385 331
445 293 386 331
447 293 403 330
449 293 389 331
450 293 407 328
453 293 426 319
441 295 383 333
442 295 385 333
445 295 386 333
447 295 420 323
449 295 406 331
452 295 409 330
472 295 430 331
473 295 433 332
475 295 420 341
477 295 416 322
444 296 386 335
447 296 388 334
449 296 405 334
450 296 407 334
458 296 396 335
463 296 400 334
475 296 420 343
477 296 416 324
439 298 412 335
442 298 384 337
444 298 385 337
445 298 387 337
447 298 388 336
449 298 405 337
450 298 407 336
452 298 410 335
458 298 396 338
459 298 397 337
463 298 400 337
464 298 401 337
472 298 429 337
475 298 413 322
444 300 398 340
445 300 387 339
449 300 405 339
450 300 407 338
455 300 411 337
463 300 400 340
464 300 401 339
439 301 383 341
442 301 385 341
444 301 387 341
445 301 388 342
447 301 389 341
450 301 407 340
453 301 409 340
455 301 411 339
456 301 413 338
459 301 398 343
461 301 417 338
463 301 419 337
464 301 402 343
466 301 404 343
467 301 406 344
441 303 385 343
442 303 386 344
445 303 388 344
449 303 390 344
450 303 406 342
452 303 408 342
453 303 409 342
455 303 412 342
458 303 414 341
459 303 398 345
461 303 400 345
464 303 402 344
466 303 404 345
467 303 405 346
469 303 407 346
470 303 426 340
473 303 415 349
439 304 383 345
442 304 386 346
445 304 388 346
447 304 390 346
450 304 391 346
453 304 410 344
455 304 412 343
456 304 413 343
461 304 400 346
463 304 401 347
467 304 405 347
469 304 406 347
470 304 409 348
472 304 428 342
442 306 386 348
444 306 387 348
447 306 390 348
449 306 391 348
452 306 392 348
458 306 414 346
459 306 416 346
463 306 401 349
464 306 402 349
467 306 405 349
469 306 406 349
470 306 408 350
472 306 412 353
444 307 387 350
445 307 388 350
449 307 391 350
452 307 392 350
453 307 394 351
456 307 412 349
464 307 403 351
466 307 404 351
469 307 406 352
470 307 408 353
445 309 388 352
449 309 391 352
450 309 392 353
453 309 394 352
458 309 414 351
459 309 416 350
466 309 422 347
467 309 405 354
470 309 408 354
472 309 410 354
445 310 397 358
466 310 404 355
467 310 406 356
469 310 407 356
472 310 411 357
477 310 427 354
444 312 395 359
445 312 397 359
464 312 403 358
467 312 405 357
472 312 442 341
467 314 406 359
469 314 409 360
459 315 404 361
463 315 408 362
484 315 426 360
