480 281 421 316
486 281 430 315
475 282 415 319
477 282 417 319
475 284 417 316
486 284 430 316
439 286 382 325
442 286 384 326
477 286 419 318
433 287 390 324
464 289 402 328
438 290 424 336
445 290 402 332
459 290 396 329
463 290 400 330
466 290 423 317
477 290 416 323
478 290 418 323
453 292 390 330
475 292 414 340
477 292 415 325
480 292 420 326
447 293 402 333
449 293 403 333
459 293 395 334
461 293 397 335
464 293 401 337
472 293 423 332
475 293 412 326
478 293 416 326
480 293 419 327
486 293 432 330
442 295 413 331
449 295 403 336
450 295 405 335
458 295 394 335
459 295 395 336
461 295 397 336
463 295 398 337
467 295 419 331
470 295 421 334
472 295 423 334
475 295 413 343
477 295 413 328
478 295 416 328
480 295 419 329
486 295 433 333
444 296 414 332
447 296 417 329
449 296 402 338
452 296 406 337
458 296 393 337
464 296 399 340
467 296 417 333
473 296 425 337
475 296 427 337
480 296 418 331
444 298 412 335
447 298 415 335
449 298 401 340
459 298 410 336
463 298 396 339
464 298 398 339
466 298 400 342
467 298 402 343
433 300 385 337
459 300 409 339
466 300 400 344
467 300 401 344
469 300 418 340
470 300 420 341
436 301 387 338
453 301 404 343
455 301 406 343
456 301 408 342
459 301 409 342
461 301 411 341
464 301 397 344
466 301 398 343
469 301 402 346
436 303 387 342
452 303 402 345
455 303 405 345
456 303 407 345
459 303 409 344
461 303 411 343
466 303 398 346
467 303 399 345
470 303 403 349
438 304 388 345
439 304 389 345
453 304 404 347
456 304 407 346
458 304 408 345
464 304 396 346
466 304 398 348
467 304 399 349
469 304 401 349
470 304 402 350
438 306 388 347
439 306 390 347
456 306 405 348
463 306 394 348
464 306 396 348
469 306 400 351
470 306 402 352
447 307 395 351
449 307 396 352
450 307 398 353
456 307 404 350
458 307 406 350
461 307 410 350
467 307 416 346
470 307 401 354
472 307 402 354
473 307 419 346
455 309 403 353
458 309 406 352
459 309 407 352
461 309 410 351
467 309 415 348
469 309 430 339
464 310 428 344
463 312 425 346
470 312 428 342
473 312 431 342
478 312 432 342
472 314 430 343
473 315 409 354
478 315 412 354
