433 271 400 311
475 281 436 297
477 281 437 297
478 281 439 297
480 281 448 298
481 281 450 297
483 281 452 298
472 282 433 298
475 282 437 299
480 282 448 300
481 282 450 299
483 282 452 299
477 284 450 316
478 284 441 301
480 284 442 301
481 284 450 301
436 286 401 312
439 286 404 312
441 286 405 311
442 286 407 311
477 286 442 303
478 286 444 303
480 286 448 303
481 286 450 303
483 286 452 302
484 286 453 301
436 287 402 314
438 287 404 314
439 287 405 315
477 287 450 320
478 287 444 304
483 287 452 304
484 287 454 303
434 289 401 317
438 289 403 317
439 289 405 317
441 289 407 317
463 289 425 313
464 289 428 313
472 289 442 319
473 289 443 319
477 289 450 322
434 290 401 319
436 290 403 318
439 290 405 318
441 290 407 318
447 290 412 317
449 290 414 317
461 290 423 315
463 290 425 315
464 290 427 315
467 290 429 315
473 290 444 321
477 290 451 324
478 290 452 324
433 292 401 322
436 292 403 321
438 292 405 321
439 292 420 320
441 292 407 320
442 292 408 320
445 292 410 319
447 292 412 319
449 292 414 319
458 292 422 318
459 292 423 317
463 292 425 316
464 292 427 316
470 292 451 312
473 292 443 323
478 292 442 306
480 292 444 306
433 293 401 323
434 293 402 323
436 293 404 323
438 293 405 323
439 293 420 321
441 293 422 321
442 293 409 323
444 293 410 322
445 293 411 321
447 293 412 321
449 293 414 321
450 293 416 321
459 293 423 320
461 293 425 320
464 293 429 320
470 293 449 314
472 293 441 324
475 293 446 325
478 293 442 308
480 293 445 309
434 295 403 325
439 295 419 323
441 295 422 323
442 295 409 325
444 295 410 324
445 295 412 324
447 295 412 323
449 295 414 323
450 295 416 323
452 295 418 323
459 295 423 322
461 295 425 322
463 295 426 322
464 295 427 320
470 295 451 316
473 295 443 326
475 295 446 326
477 295 448 326
478 295 442 310
480 295 445 310
433 296 402 327
436 296 404 327
439 296 407 327
444 296 411 326
445 296 412 326
447 296 413 326
449 296 415 325
456 296 421 325
458 296 423 325
459 296 424 325
461 296 425 324
463 296 426 324
464 296 428 324
466 296 430 324
472 296 454 320
473 296 443 328
475 296 446 328
477 296 448 329
486 296 462 333
433 298 403 330
436 298 405 330
438 298 406 330
441 298 409 329
442 298 410 329
445 298 412 329
447 298 414 328
449 298 415 328
450 298 417 328
455 298 421 327
458 298 423 327
459 298 424 327
461 298 426 327
463 298 427 326
464 298 428 326
466 298 430 326
467 298 433 328
469 298 436 328
470 298 452 322
472 298 454 322
475 298 446 330
433 300 403 331
434 300 404 332
438 300 406 332
439 300 408 331
444 300 411 331
447 300 414 330
449 300 415 330
450 300 417 330
452 300 419 330
453 300 419 329
455 300 421 329
456 300 422 329
459 300 424 329
461 300 426 329
463 300 428 329
464 300 429 329
466 300 430 328
467 300 432 328
469 300 436 330
470 300 437 330
472 300 441 330
473 300 443 330
436 301 406 334
439 301 408 334
441 301 409 333
442 301 411 333
444 301 412 333
445 301 414 333
449 301 415 332
450 301 417 332
452 301 418 332
453 301 420 332
455 301 421 331
456 301 423 331
459 301 425 331
461 301 426 331
463 301 428 331
464 301 429 331
467 301 433 331
469 301 435 332
470 301 437 332
472 301 440 332
473 301 442 333
477 301 460 325
436 303 406 335
439 303 408 336
441 303 410 336
442 303 411 335
444 303 413 335
447 303 415 334
450 303 417 334
452 303 419 334
453 303 420 334
455 303 422 334
458 303 424 333
461 303 427 333
463 303 428 333
464 303 430 333
466 303 431 333
467 303 433 333
469 303 435 333
470 303 437 334
472 303 440 335
473 303 442 335
475 303 457 326
436 304 406 337
438 304 407 338
439 304 409 338
441 304 410 337
442 304 411 338
444 304 413 337
445 304 414 337
449 304 417 337
450 304 417 336
452 304 419 336
453 304 421 336
455 304 422 336
456 304 423 336
459 304 426 336
461 304 427 335
464 304 430 335
466 304 432 335
467 304 433 335
469 304 435 335
470 304 437 335
472 304 440 337
473 304 442 337
475 304 457 327
439 306 409 341
441 306 411 340
442 306 412 340
444 306 413 340
445 306 415 340
447 306 416 339
450 306 418 339
452 306 420 339
453 306 421 338
455 306 422 338
456 306 424 338
459 306 426 338
461 306 428 338
463 306 429 338
464 306 431 338
466 306 432 337
467 306 433 336
469 306 435 337
470 306 437 337
472 306 440 339
473 306 442 339
475 306 457 329
439 307 408 344
441 307 411 342
442 307 412 342
445 307 415 342
447 307 416 342
449 307 418 342
452 307 420 341
453 307 422 341
455 307 423 340
456 307 424 340
458 307 425 340
459 307 427 340
463 307 429 340
464 307 431 340
466 307 433 340
467 307 433 339
469 307 435 339
470 307 437 339
472 307 440 340
473 307 442 341
475 307 444 341
441 309 411 345
442 309 412 344
444 309 414 344
445 309 416 344
447 309 416 344
449 309 418 344
452 309 421 344
453 309 422 343
455 309 423 343
456 309 424 342
458 309 426 342
459 309 427 342
463 309 430 342
464 309 431 342
466 309 433 342
469 309 435 341
470 309 437 341
472 309 439 341
473 309 442 343
475 309 444 343
477 309 445 341
478 309 460 335
442 310 412 347
444 310 414 347
445 310 416 346
449 310 418 345
452 310 420 345
453 310 422 346
455 310 423 345
456 310 425 345
459 310 427 344
463 310 429 344
464 310 431 344
466 310 433 343
470 310 437 343
472 310 439 343
473 310 441 344
459 312 429 350
461 312 429 347
466 312 433 346
467 312 435 346
469 312 436 346
470 312 438 346
477 314 445 346
472 315 439 349
473 315 442 349
475 315 443 348
