434 287 379 323
436 287 381 323
438 287 382 323
439 287 383 323
433 289 379 325
436 289 381 325
439 289 383 325
441 289 385 325
463 289 401 322
433 290 379 328
436 290 381 327
438 290 382 327
461 290 399 324
463 290 401 324
464 290 403 323
433 292 379 330
434 292 380 330
436 292 382 330
441 292 385 329
442 292 386 329
459 292 398 326
461 292 399 326
463 292 401 326
434 293 380 331
436 293 382 332
441 293 386 332
461 293 400 328
441 295 386 334
442 295 387 334
447 295 390 333
461 295 401 332
475 295 423 339
433 296 381 337
444 296 388 336
459 296 399 334
461 296 401 334
464 296 403 334
434 298 383 339
445 298 389 339
449 298 392 338
458 298 398 337
461 298 401 336
463 298 402 336
464 298 404 337
467 298 409 339
444 300 388 340
445 300 390 340
449 300 392 340
458 300 398 339
459 300 400 339
463 300 402 339
464 300 404 339
466 300 406 339
441 301 387 343
442 301 388 343
445 301 391 343
449 301 392 342
450 301 394 342
459 301 400 341
461 301 402 341
464 301 404 341
466 301 406 341
467 301 407 341
469 301 411 343
470 301 413 344
439 303 386 345
441 303 388 346
444 303 390 345
445 303 391 345
447 303 392 345
450 303 394 344
452 303 396 344
459 303 401 344
463 303 404 343
464 303 405 343
466 303 407 344
467 303 407 343
469 303 409 343
442 304 389 348
445 304 391 347
449 304 393 347
452 304 396 346
453 304 397 346
459 304 401 346
461 304 403 345
464 304 405 345
466 304 407 346
469 304 410 347
470 304 412 347
444 306 391 350
447 306 393 350
449 306 394 349
452 306 395 349
453 306 397 349
455 306 398 349
458 306 401 349
461 306 403 348
463 306 404 348
466 306 407 348
467 306 408 348
469 306 410 349
470 306 412 349
447 307 393 352
449 307 394 352
452 307 396 352
453 307 397 351
455 307 399 351
458 307 401 351
459 307 402 351
464 307 406 350
467 307 408 350
469 307 410 350
470 307 412 351
449 309 395 354
450 309 396 354
453 309 398 354
467 309 409 353
469 309 410 352
470 309 411 353
472 309 413 353
469 310 410 355
