394 294 394 294
395 294 395 294
397 294 397 294
399 294 399 294
400 294 400 294
402 294 402 294
404 294 404 294
405 294 405 294
407 294 407 294
408 294 408 294
410 294 410 294
390 296 390 296
392 296 392 296
394 296 394 296
395 296 395 296
397 296 397 296
399 296 399 296
400 296 400 296
402 296 402 296
404 296 404 296
405 296 405 296
407 296 407 296
408 296 408 296
410 296 410 296
412 296 411 295
390 297 390 297
392 297 392 297
394 297 394 297
395 297 395 297
397 297 397 297
399 297 399 297
400 297 400 297
402 297 402 297
404 297 404 297
405 297 405 297
407 297 407 297
408 297 409 297
410 297 410 297
412 297 412 297
413 297 413 297
387 299 386 299
389 299 388 299
390 299 390 299
392 299 392 299
394 299 394 299
395 299 395 299
397 299 397 299
399 299 399 299
400 299 400 299
402 299 402 299
404 299 404 299
405 299 405 299
407 299 407 299
408 299 409 299
410 299 410 299
412 299 412 299
413 299 413 299
415 299 415 299
417 299 419 300
382 301 382 301
384 301 384 301
385 301 385 301
387 301 387 301
389 301 389 301
390 301 390 301
392 301 392 301
394 301 394 301
395 301 395 301
397 301 397 301
399 301 399 301
400 301 400 301
402 301 402 301
404 301 403 301
405 301 405 301
407 301 407 301
408 301 409 301
410 301 410 301
412 301 412 301
413 301 413 301
415 301 415 301
417 301 417 301
418 301 419 301
420 301 420 301
380 302 380 302
382 302 382 302
384 302 384 302
385 302 385 302
387 302 387 302
389 302 389 302
390 302 390 302
392 302 392 302
394 302 394 302
395 302 395 302
397 302 397 302
399 302 398 302
400 302 400 302
402 302 402 302
404 302 403 302
405 302 405 302
407 302 407 302
408 302 408 302
410 302 410 302
412 302 412 302
413 302 413 302
415 302 415 302
417 302 417 302
418 302 419 302
420 302 420 302
422 302 422 302
423 302 423 302
374 304 374 304
375 304 376 304
377 304 377 304
379 304 379 304
380 304 380 304
382 304 382 304
384 304 384 304
385 304 385 304
387 304 387 304
389 304 389 304
390 304 390 304
392 304 392 304
394 304 394 304
395 304 395 304
397 304 397 304
399 304 399 304
400 304 400 304
402 304 402 304
404 304 403 304
405 304 405 304
407 304 407 304
408 304 408 304
410 304 410 304
412 304 412 304
413 304 413 304
415 304 415 304
417 304 417 304
418 304 419 304
420 304 420 304
422 304 422 304
423 304 423 304
425 304 425 304
374 306 374 306
375 306 375 306
377 306 377 306
379 306 379 306
380 306 380 306
382 306 382 306
384 306 384 306
385 306 385 306
387 306 387 306
389 306 389 306
390 306 390 306
392 306 392 306
394 306 393 306
395 306 395 306
397 306 397 306
399 306 399 306
400 306 400 306
402 306 402 306
404 306 403 306
405 306 405 306
407 306 407 306
408 306 408 306
410 306 410 306
412 306 412 306
413 306 413 306
415 306 415 306
417 306 417 306
418 306 418 306
420 306 420 306
422 306 422 306
423 306 423 306
425 306 425 306
427 306 427 306
428 306 428 306
430 306 431 306
372 307 372 307
374 307 374 307
375 307 375 307
377 307 377 307
379 307 379 307
380 307 380 307
382 307 382 307
384 307 384 307
385 307 385 307
387 307 387 307
389 307 389 307
390 307 390 307
392 307 392 307
394 307 394 307
395 307 395 307
397 307 397 307
399 307 399 307
400 307 400 307
402 307 402 307
404 307 403 307
405 307 405 307
407 307 407 307
408 307 408 307
410 307 410 307
412 307 412 307
413 307 413 307
415 307 415 307
417 307 417 307
418 307 418 307
420 307 420 307
422 307 422 307
423 307 424 307
425 307 425 307
427 307 427 307
428 307 428 307
430 307 430 307
372 309 372 309
374 309 374 309
375 309 375 309
377 309 377 309
379 309 379 309
380 309 380 309
382 309 382 309
384 309 384 309
385 309 385 309
387 309 387 309
389 309 388 309
390 309 390 309
392 309 392 309
394 309 393 309
395 309 395 309
397 309 397 309
399 309 399 309
400 309 400 309
402 309 402 309
404 309 404 309
405 309 405 309
407 309 407 309
408 309 408 309
410 309 410 309
412 309 412 309
413 309 413 309
415 309 415 309
417 309 417 309
418 309 418 309
420 309 420 309
422 309 422 309
423 309 423 309
425 309 425 309
427 309 427 309
428 309 428 309
430 309 430 309
372 311 372 311
374 311 374 310
375 311 375 311
377 311 377 311
379 311 379 311
380 311 380 311
382 311 382 311
384 311 384 311
385 311 385 311
387 311 387 311
389 311 389 311
390 311 390 311
392 311 392 311
394 311 394 311
395 311 395 311
397 311 397 311
399 311 399 311
400 311 400 311
402 311 402 311
404 311 404 311
405 311 405 311
407 311 407 311
408 311 409 311
410 311 410 311
412 311 412 311
413 311 413 311
415 311 415 311
417 311 417 311
418 311 418 311
420 311 420 311
422 311 422 311
423 311 423 311
425 311 425 311
427 311 427 311
428 311 428 311
430 311 430 310
372 312 372 312
374 312 374 312
375 312 375 312
377 312 377 312
379 312 379 312
380 312 380 312
382 312 382 312
384 312 384 312
385 312 385 312
387 312 387 312
389 312 389 312
390 312 390 312
392 312 392 312
394 312 393 312
395 312 395 312
397 312 397 312
399 312 399 312
400 312 400 312
402 312 402 312
404 312 404 312
405 312 405 312
407 312 407 312
408 312 409 312
410 312 410 312
412 312 412 312
413 312 413 312
415 312 415 312
417 312 417 312
418 312 419 312
420 312 420 312
422 312 422 312
423 312 423 312
425 312 425 312
427 312 427 312
428 312 428 312
430 312 430 312
372 314 372 314
374 314 374 314
375 314 375 314
377 314 377 314
379 314 379 314
380 314 380 314
382 314 382 314
384 314 384 314
385 314 385 314
387 314 387 314
389 314 389 314
390 314 390 314
392 314 392 314
394 314 394 314
395 314 395 314
397 314 397 314
399 314 398 314
400 314 400 314
402 314 402 314
404 314 404 314
405 314 405 314
407 314 407 314
408 314 409 314
410 314 410 314
412 314 412 314
413 314 413 314
415 314 415 314
417 314 417 314
418 314 418 314
420 314 420 314
422 314 422 314
423 314 423 314
425 314 425 314
427 314 427 314
428 314 428 314
430 314 430 314
372 316 372 315
374 316 374 316
375 316 375 316
377 316 377 316
379 316 379 316
380 316 380 316
382 316 382 316
384 316 384 315
385 316 385 316
387 316 387 316
389 316 389 316
390 316 390 316
392 316 392 316
394 316 394 316
395 316 395 316
397 316 397 316
399 316 399 316
400 316 400 316
402 316 402 316
404 316 404 316
405 316 405 316
407 316 407 316
408 316 409 315
410 316 410 316
412 316 412 316
413 316 413 316
415 316 415 316
417 316 417 316
418 316 418 316
420 316 420 316
422 316 422 316
423 316 423 316
425 316 425 316
427 316 427 316
428 316 428 316
430 316 430 315
372 317 372 317
374 317 374 317
375 317 375 317
377 317 377 317
379 317 379 317
380 317 380 317
382 317 382 317
384 317 384 317
385 317 385 317
387 317 387 317
389 317 389 317
390 317 390 317
392 317 392 317
394 317 394 317
395 317 395 317
397 317 397 317
399 317 399 317
400 317 400 317
402 317 402 317
404 317 403 317
405 317 405 317
407 317 407 317
408 317 409 317
410 317 410 317
412 317 412 317
413 317 413 317
415 317 415 317
417 317 417 317
418 317 418 317
420 317 420 317
422 317 422 317
423 317 423 317
427 317 427 317
428 317 428 317
430 317 430 317
372 319 372 319
374 319 374 319
375 319 375 319
377 319 377 319
379 319 379 319
380 319 380 319
382 319 382 319
384 319 384 319
385 319 385 319
387 319 387 319
389 319 389 319
390 319 390 319
392 319 392 319
394 319 394 319
395 319 395 319
397 319 397 319
399 319 398 319
400 319 400 319
402 319 402 319
404 319 403 319
405 319 405 319
407 319 407 319
408 319 408 319
410 319 410 319
412 319 412 319
413 319 413 319
415 319 415 319
417 319 417 319
418 319 418 319
420 319 420 319
422 319 422 319
423 319 423 319
425 319 425 319
430 319 430 319
372 321 372 320
374 321 374 321
375 321 375 321
377 321 377 321
379 321 379 320
380 321 380 320
382 321 382 320
384 321 384 320
385 321 385 321
387 321 387 321
389 321 388 321
390 321 390 321
392 321 392 321
394 321 394 321
395 321 395 321
397 321 397 321
399 321 398 321
400 321 400 321
402 321 402 320
404 321 404 320
405 321 405 320
407 321 407 321
408 321 408 320
410 321 410 320
412 321 412 320
413 321 414 320
415 321 415 320
417 321 417 320
418 321 418 320
420 321 420 320
422 321 422 320
423 321 423 320
427 321 427 321
428 321 428 321
430 321 430 320
372 322 372 322
374 322 374 322
375 322 375 322
377 322 377 322
379 322 379 322
380 322 380 322
382 322 382 322
384 322 384 322
385 322 385 322
387 322 387 322
389 322 389 322
390 322 390 322
392 322 392 322
394 322 394 322
395 322 395 322
397 322 397 322
399 322 398 322
400 322 400 322
402 322 402 322
404 322 404 322
405 322 405 322
407 322 407 322
408 322 408 322
410 322 410 322
412 322 412 322
413 322 413 322
415 322 415 322
417 322 417 322
418 322 418 322
420 322 420 322
422 322 422 322
423 322 423 322
425 322 425 322
427 322 427 322
428 322 428 322
432 322 432 322
433 322 433 322
372 324 372 324
374 324 374 324
375 324 375 324
377 324 377 324
379 324 379 324
380 324 380 324
382 324 382 324
384 324 384 324
385 324 385 324
387 324 387 324
389 324 389 324
390 324 390 324
392 324 392 324
394 324 394 324
395 324 395 324
397 324 397 324
399 324 398 324
400 324 400 324
402 324 402 324
404 324 403 324
405 324 405 324
407 324 407 324
408 324 408 324
410 324 410 324
412 324 412 324
413 324 413 324
415 324 415 324
417 324 417 324
418 324 418 324
420 324 420 324
422 324 422 324
423 324 423 324
425 324 425 324
427 324 427 324
428 324 428 324
430 324 430 324
432 324 432 324
433 324 433 324
372 326 372 325
374 326 374 326
375 326 375 326
377 326 377 325
379 326 379 325
380 326 380 325
382 326 382 326
384 326 384 325
385 326 385 325
387 326 387 325
389 326 389 326
390 326 390 326
392 326 392 325
394 326 394 325
395 326 395 325
397 326 397 325
399 326 398 325
400 326 400 326
402 326 402 325
404 326 404 326
405 326 405 325
407 326 407 326
408 326 408 326
410 326 410 325
412 326 412 325
413 326 413 325
415 326 415 325
417 326 417 325
418 326 418 325
420 326 420 325
422 326 422 326
423 326 423 325
425 326 425 326
427 326 427 326
428 326 428 326
430 326 430 326
432 326 432 327
433 326 433 326
372 327 372 327
374 327 374 327
375 327 375 327
377 327 377 327
379 327 379 327
380 327 380 327
382 327 382 327
384 327 384 327
385 327 385 327
387 327 387 327
389 327 389 327
390 327 390 327
392 327 392 327
394 327 394 327
395 327 395 327
397 327 397 327
399 327 398 327
400 327 400 327
402 327 402 327
404 327 403 327
405 327 405 327
407 327 407 327
408 327 408 327
410 327 410 327
412 327 412 327
413 327 414 327
415 327 415 327
417 327 417 327
418 327 418 327
420 327 420 327
422 327 422 327
423 327 423 327
425 327 425 327
427 327 427 328
428 327 428 328
430 327 430 328
433 327 433 328
435 327 435 328
372 329 372 329
374 329 374 329
375 329 375 329
377 329 377 329
379 329 379 329
380 329 380 329
382 329 382 329
384 329 384 329
385 329 385 329
387 329 387 329
389 329 389 329
390 329 390 329
392 329 392 329
394 329 394 329
395 329 395 329
397 329 397 329
399 329 399 329
400 329 400 329
402 329 402 329
404 329 404 329
405 329 405 329
407 329 407 329
408 329 408 329
410 329 410 329
412 329 412 329
413 329 413 329
415 329 415 329
417 329 417 329
418 329 418 329
420 329 420 329
422 329 422 329
423 329 423 329
425 329 425 329
427 329 427 329
428 329 428 329
430 329 430 329
432 329 431 329
433 329 433 329
435 329 435 329
372 330 372 330
374 330 374 330
375 330 375 330
377 330 377 330
379 330 379 330
380 330 380 330
382 330 382 330
384 330 384 330
385 330 385 330
387 330 387 330
389 330 389 330
390 330 390 330
392 330 392 330
394 330 394 330
395 330 395 330
397 330 397 330
399 330 399 330
400 330 400 330
402 330 402 330
404 330 404 330
405 330 405 330
407 330 407 331
408 330 408 330
410 330 410 330
412 330 412 330
413 330 413 330
415 330 415 330
417 330 417 330
418 330 418 330
420 330 420 330
422 330 422 330
423 330 423 330
425 330 425 331
427 330 427 330
428 330 428 331
430 330 430 331
432 330 431 331
433 330 433 331
374 332 374 332
375 332 375 332
377 332 377 332
379 332 379 332
380 332 380 332
382 332 382 332
384 332 384 332
385 332 385 332
387 332 387 332
389 332 389 332
390 332 390 332
392 332 392 332
394 332 394 332
395 332 395 332
397 332 397 332
399 332 399 332
400 332 400 332
402 332 402 332
404 332 403 332
405 332 405 332
407 332 407 332
408 332 408 332
410 332 410 332
412 332 412 332
413 332 414 332
415 332 415 332
417 332 417 332
418 332 418 332
420 332 420 332
422 332 422 332
423 332 423 332
425 332 425 332
427 332 427 332
428 332 428 332
430 332 430 332
432 332 431 332
433 332 433 332
435 332 435 333
375 334 375 334
377 334 377 334
379 334 379 334
380 334 380 334
382 334 382 334
384 334 384 334
385 334 385 334
387 334 387 334
389 334 389 334
390 334 390 334
392 334 392 334
394 334 394 334
395 334 395 334
397 334 397 334
399 334 399 334
400 334 400 334
402 334 402 334
404 334 403 334
405 334 405 334
407 334 407 334
408 334 408 334
410 334 410 334
412 334 412 334
413 334 413 334
415 334 415 334
417 334 417 334
418 334 418 334
420 334 420 334
422 334 422 334
423 334 423 334
425 334 425 334
427 334 427 334
428 334 428 334
430 334 430 334
432 334 431 334
375 335 375 335
377 335 377 335
379 335 379 335
380 335 380 335
382 335 382 335
384 335 384 335
385 335 385 335
387 335 387 335
389 335 389 335
390 335 390 335
392 335 392 335
394 335 394 335
395 335 395 335
397 335 397 335
399 335 399 336
400 335 400 336
402 335 402 335
404 335 403 335
405 335 405 335
407 335 407 335
408 335 408 335
410 335 410 335
412 335 412 335
413 335 413 335
415 335 415 335
417 335 417 335
418 335 418 335
420 335 420 335
422 335 422 335
423 335 423 335
427 335 427 336
428 335 428 336
430 335 430 335
432 335 432 335
377 337 377 337
379 337 379 337
380 337 380 337
382 337 382 337
384 337 384 337
385 337 385 337
387 337 387 337
389 337 389 337
390 337 390 337
392 337 392 337
394 337 394 337
395 337 395 337
397 337 397 337
399 337 399 337
400 337 400 337
402 337 402 337
404 337 403 337
405 337 405 337
407 337 407 337
408 337 408 337
410 337 410 337
412 337 412 337
413 337 413 337
415 337 415 337
417 337 417 337
418 337 418 337
420 337 420 337
422 337 422 337
423 337 423 337
425 337 425 337
427 337 427 337
428 337 428 337
432 337 433 335
382 339 382 339
384 339 384 339
385 339 385 339
387 339 387 339
389 339 389 339
390 339 390 339
392 339 392 339
394 339 394 338
395 339 395 338
397 339 397 339
399 339 399 339
400 339 400 339
402 339 402 339
404 339 403 339
405 339 405 339
407 339 407 339
408 339 408 339
410 339 410 339
412 339 412 339
413 339 413 339
415 339 415 339
417 339 417 339
418 339 418 339
420 339 420 339
422 339 422 339
423 339 423 339
425 339 425 339
427 339 427 339
428 339 428 339
382 340 382 340
384 340 384 340
385 340 385 340
387 340 387 340
389 340 389 340
390 340 390 340
392 340 392 340
394 340 394 340
395 340 395 340
397 340 397 341
399 340 399 340
400 340 400 340
402 340 402 340
404 340 403 340
405 340 405 340
407 340 407 340
408 340 408 340
410 340 410 341
412 340 412 341
413 340 413 341
415 340 415 340
417 340 417 340
418 340 418 340
420 340 420 340
422 340 422 340
423 340 423 340
425 340 425 340
427 340 427 340
384 342 384 342
385 342 385 342
387 342 387 342
389 342 389 342
390 342 390 342
392 342 392 342
394 342 394 342
395 342 395 342
397 342 397 342
399 342 399 342
400 342 400 342
402 342 402 342
404 342 403 342
405 342 405 342
407 342 407 342
408 342 408 342
410 342 410 342
412 342 412 342
413 342 413 342
415 342 415 342
417 342 417 342
418 342 418 342
420 342 420 342
422 342 422 342
423 342 423 342
387 344 387 344
389 344 389 344
390 344 390 344
392 344 392 344
394 344 393 343
397 344 397 344
399 344 399 344
400 344 400 344
402 344 402 344
404 344 403 344
405 344 405 344
407 344 407 344
408 344 408 344
410 344 410 344
412 344 412 344
413 344 413 344
415 344 415 344
417 344 417 344
418 344 418 344
420 344 420 344
387 345 387 345
389 345 389 345
390 345 390 345
392 345 392 345
394 345 393 345
395 345 395 345
397 345 397 345
399 345 399 346
400 345 400 345
402 345 402 345
404 345 403 345
405 345 405 345
407 345 407 345
408 345 408 345
410 345 410 345
412 345 412 345
413 345 414 345
415 345 415 345
417 345 417 345
418 345 418 345
420 345 420 345
390 347 390 347
392 347 392 347
394 347 394 347
395 347 395 347
397 347 397 347
399 347 399 347
400 347 400 347
402 347 402 347
404 347 403 347
405 347 405 347
407 347 407 347
408 347 408 347
410 347 410 347
412 347 412 347
413 347 413 347
415 347 415 347
394 349 394 349
395 349 395 349
397 349 397 349
399 349 399 349
400 349 400 349
402 349 402 349
404 349 403 349
405 349 405 349
407 349 407 349
408 349 408 349
410 349 410 349
412 349 412 349
413 349 413 349
415 349 415 349
394 350 394 350
395 350 395 351
397 350 397 350
399 350 399 350
400 350 400 350
402 350 402 350
404 350 404 350
405 350 405 350
407 350 407 350
408 350 408 350
410 350 410 350
412 350 412 350
