473 218 474 227
473 219 474 228
472 221 471 230
472 232 472 238
469 234 468 242
471 234 470 241
472 234 472 239
468 235 467 243
471 236 470 242
468 238 467 245
469 239 469 246
472 239 471 246
466 241 465 249
471 241 470 247
472 241 472 249
469 242 467 251
471 242 470 249
466 244 465 252
468 244 466 252
469 244 468 252
466 245 465 254
471 245 471 255
466 246 465 255
468 246 466 255
466 248 465 256
468 248 466 256
466 249 465 258
473 249 472 256
468 251 466 257
469 251 469 259
471 251 471 259
473 251 472 258
475 251 473 258
466 252 466 260
468 252 468 260
469 252 469 260
471 252 470 260
473 252 472 260
475 252 474 260
476 252 475 260
466 253 466 261
468 253 468 261
469 253 470 262
471 253 471 262
472 253 472 261
475 253 474 261
476 253 476 262
468 255 468 263
469 255 470 263
471 255 472 263
476 255 476 263
469 256 470 265
471 256 472 265
472 256 473 265
473 256 475 264
