472 218 472 221
473 218 474 221
472 219 472 222
473 219 474 223
472 221 472 224
473 221 474 224
472 222 472 225
473 222 474 225
472 224 472 227
472 226 473 230
471 228 471 231
472 228 473 231
471 229 471 233
471 232 471 234
473 232 474 233
469 236 468 240
472 236 473 237
466 238 466 240
471 238 470 241
471 239 471 240
469 241 468 244
471 241 471 244
472 241 472 244
466 242 466 245
468 242 467 245
471 242 471 245
471 244 471 247
466 245 466 248
468 245 468 247
471 245 471 248
466 246 466 249
471 246 470 249
468 248 467 251
469 248 468 251
471 248 470 251
472 248 472 251
473 248 473 251
466 249 466 252
471 249 471 253
472 249 472 252
473 249 474 252
468 251 467 253
469 251 468 253
472 251 472 254
473 251 474 254
475 251 475 254
468 252 467 255
472 252 472 255
473 252 474 255
475 252 475 255
466 253 466 256
468 253 468 256
469 253 470 257
471 253 471 257
472 253 472 257
476 253 478 257
468 255 468 258
469 255 470 258
471 255 471 258
472 255 472 258
473 255 474 258
469 256 470 259
471 256 471 259
472 256 472 259
473 256 474 259
475 256 476 259
476 256 478 259
471 258 471 261
472 258 473 261
473 258 474 261
475 258 476 261
476 258 477 260
472 259 473 262
473 259 474 262
475 259 476 262
476 259 478 261
