472 218 470 238
473 218 471 238
472 221 470 240
473 221 471 241
472 222 470 241
472 225 470 245
472 229 470 247
471 231 468 249
472 231 470 249
469 234 465 252
469 235 464 253
468 238 463 256
466 242 461 260
468 242 462 260
471 242 470 258
466 244 460 262
471 245 468 267
466 248 460 267
472 248 470 270
473 248 472 270
466 249 461 269
468 251 466 269
469 251 467 269
466 252 464 271
468 255 468 275
469 255 469 274
471 255 471 274
468 256 468 276
469 256 470 276
471 256 471 276
472 256 473 276
471 258 472 278
472 258 473 278
472 259 473 279
