414 312 414 312
415 312 415 312
416 312 416 312
418 312 418 312
419 312 419 312
420 312 420 312
422 312 422 312
423 312 423 312
424 312 424 312
426 312 425 312
428 312 428 312
429 312 429 312
431 312 431 312
432 312 432 312
433 312 433 312
435 312 435 312
411 314 411 314
412 314 412 314
414 314 414 314
415 314 415 314
416 314 416 314
418 314 418 314
419 314 419 314
422 314 422 314
423 314 423 314
424 314 424 314
426 314 425 314
427 314 427 314
428 314 428 314
432 314 432 314
433 314 433 314
435 314 435 314
409 315 409 315
410 315 410 315
411 315 411 315
412 315 412 315
414 315 414 315
415 315 415 315
416 315 416 315
418 315 418 315
419 315 419 315
420 315 420 315
422 315 422 315
423 315 423 315
424 315 424 315
426 315 425 315
427 315 427 315
428 315 428 315
409 316 409 316
410 316 410 316
411 316 411 316
412 316 412 316
414 316 414 316
415 316 415 316
416 316 416 316
418 316 418 316
419 316 419 316
420 316 420 316
422 316 422 316
423 316 423 316
424 316 424 316
426 316 426 316
427 316 427 316
433 316 433 316
409 318 409 318
410 318 410 318
411 318 411 318
412 318 413 318
414 318 414 318
415 318 415 318
416 318 416 318
418 318 418 318
419 318 419 318
420 318 420 318
422 318 422 318
423 318 423 318
424 318 424 318
431 318 431 318
432 318 432 318
433 318 433 318
407 319 407 319
409 319 409 319
410 319 410 319
411 319 411 319
412 319 413 319
414 319 414 319
415 319 415 319
416 319 416 319
418 319 418 319
419 319 419 319
420 319 420 319
422 319 422 319
423 319 423 319
424 319 424 319
431 319 431 319
432 319 432 319
407 320 407 320
409 320 409 320
410 320 410 320
411 320 411 320
412 320 412 320
414 320 414 320
415 320 415 320
416 320 416 320
418 320 418 320
419 320 419 320
420 320 420 320
422 320 422 320
423 320 423 320
424 320 424 320
429 320 429 320
431 320 431 320
406 322 406 321
407 322 407 322
409 322 409 321
410 322 410 322
411 322 411 322
412 322 412 321
414 322 414 321
415 322 415 322
416 322 416 322
418 322 418 322
419 322 419 322
420 322 420 322
422 322 422 322
423 322 423 321
424 322 424 321
427 322 427 321
429 322 429 322
405 323 405 323
406 323 406 323
407 323 407 323
409 323 409 323
410 323 410 323
411 323 411 323
412 323 412 323
414 323 414 323
415 323 415 323
416 323 416 323
418 323 418 323
419 323 419 323
420 323 420 323
422 323 422 323
423 323 423 323
424 323 424 323
426 323 425 323
432 323 432 323
435 323 435 322
405 324 405 324
406 324 406 324
407 324 407 324
409 324 409 324
410 324 410 324
411 324 411 324
412 324 412 324
414 324 414 324
415 324 415 324
416 324 416 324
418 324 418 324
419 324 419 324
420 324 420 324
422 324 422 324
423 324 423 324
424 324 424 324
426 324 426 324
431 324 431 324
432 324 432 324
433 324 433 323
405 325 405 325
406 325 406 325
407 325 407 325
409 325 409 325
410 325 410 325
411 325 411 325
412 325 413 325
414 325 414 325
415 325 415 325
416 325 416 325
418 325 418 325
419 325 419 325
420 325 420 325
422 325 422 325
423 325 423 325
424 325 424 325
429 325 429 326
431 325 431 325
435 325 435 324
405 327 405 326
406 327 406 327
407 327 407 327
409 327 409 327
410 327 410 327
412 327 413 327
415 327 415 327
416 327 416 327
418 327 418 327
419 327 419 327
420 327 420 327
422 327 422 327
423 327 423 327
424 327 424 327
428 327 428 327
429 327 429 327
431 327 431 327
432 327 432 327
435 327 435 327
405 328 405 328
406 328 406 328
407 328 407 328
409 328 409 328
410 328 410 328
411 328 411 328
412 328 413 328
414 328 414 328
415 328 415 328
416 328 416 328
418 328 418 328
419 328 419 328
420 328 420 328
422 328 422 328
423 328 423 328
424 328 424 328
427 328 427 328
429 328 429 328
431 328 431 328
432 328 432 328
433 328 433 328
435 328 435 328
405 329 405 329
406 329 406 329
407 329 407 329
409 329 409 329
410 329 410 329
412 329 413 329
414 329 414 329
415 329 415 329
416 329 416 329
418 329 418 329
419 329 419 329
420 329 420 329
422 329 422 329
423 329 423 329
424 329 424 329
427 329 427 329
428 329 428 329
429 329 429 329
431 329 431 330
432 329 432 330
435 329 435 330
390 331 390 331
392 331 392 331
393 331 393 331
394 331 394 331
396 331 396 331
397 331 397 331
398 331 398 331
400 331 399 331
401 331 401 331
402 331 402 331
403 331 403 331
405 331 405 331
406 331 406 331
407 331 407 331
409 331 409 331
410 331 410 331
411 331 411 331
412 331 412 331
414 331 414 331
415 331 415 331
416 331 416 331
418 331 418 331
419 331 419 331
420 331 420 331
422 331 422 331
423 331 423 331
424 331 424 330
427 331 427 331
428 331 428 331
429 331 429 331
431 331 431 331
432 331 432 331
435 331 435 331
390 332 390 332
392 332 392 332
393 332 393 332
394 332 394 332
396 332 396 332
397 332 397 332
398 332 398 332
400 332 399 332
401 332 401 332
402 332 402 332
403 332 403 332
405 332 405 332
406 332 406 332
407 332 407 332
409 332 409 332
410 332 410 332
411 332 411 332
412 332 412 332
414 332 414 332
415 332 415 332
416 332 416 332
418 332 418 332
419 332 419 332
420 332 420 332
422 332 422 332
423 332 423 332
424 332 424 332
426 332 425 332
427 332 427 332
428 332 428 332
429 332 430 332
431 332 431 332
432 332 432 332
433 332 433 332
435 332 435 332
390 333 390 333
392 333 392 333
393 333 393 333
394 333 394 333
396 333 396 333
397 333 397 333
398 333 398 333
400 333 399 333
401 333 401 333
402 333 402 333
403 333 403 333
405 333 405 333
406 333 406 333
407 333 407 333
409 333 409 333
410 333 410 333
411 333 411 333
412 333 413 333
414 333 414 333
415 333 415 333
416 333 416 333
418 333 418 333
419 333 419 333
420 333 420 333
422 333 422 333
423 333 423 333
424 333 424 333
426 333 425 333
427 333 427 333
428 333 428 333
429 333 429 333
431 333 431 333
432 333 432 333
433 333 433 333
390 334 390 335
392 334 392 335
393 334 393 335
394 334 394 335
396 334 396 335
397 334 397 334
398 334 398 335
400 334 399 335
401 334 401 335
402 334 402 334
403 334 403 335
405 334 405 334
406 334 406 335
407 334 407 335
409 334 409 335
410 334 410 335
411 334 411 334
412 334 412 335
414 334 414 335
415 334 415 335
416 334 416 335
418 334 418 334
419 334 419 335
420 334 420 335
422 334 422 334
423 334 423 335
424 334 424 335
426 334 425 335
427 334 427 335
428 334 428 334
429 334 429 334
431 334 431 334
390 336 390 336
392 336 392 336
393 336 393 336
394 336 394 336
396 336 396 336
397 336 397 336
398 336 398 336
400 336 399 336
401 336 401 336
402 336 402 336
403 336 403 336
405 336 405 336
406 336 406 336
407 336 407 336
409 336 409 336
410 336 410 336
411 336 411 336
412 336 412 336
414 336 414 336
415 336 415 336
416 336 416 336
418 336 418 336
419 336 419 336
420 336 420 336
422 336 422 336
423 336 423 336
424 336 424 336
426 336 425 336
427 336 427 336
428 336 428 336
431 336 431 336
390 337 390 337
392 337 392 337
393 337 393 337
394 337 394 337
396 337 396 337
397 337 397 337
398 337 398 337
400 337 399 337
401 337 401 337
402 337 402 337
403 337 403 337
405 337 405 337
406 337 406 337
407 337 407 337
409 337 409 337
410 337 410 337
411 337 411 337
412 337 413 337
414 337 414 337
415 337 415 337
416 337 416 337
418 337 418 337
419 337 419 337
420 337 420 337
422 337 422 337
423 337 423 337
424 337 424 337
426 337 425 337
427 337 427 337
428 337 428 337
429 337 429 337
431 337 431 337
390 338 390 338
392 338 392 338
393 338 393 338
394 338 394 338
396 338 396 338
397 338 397 338
398 338 398 338
400 338 399 338
401 338 401 338
402 338 402 338
403 338 403 338
405 338 405 338
406 338 406 338
407 338 407 338
409 338 409 338
410 338 410 338
411 338 411 339
412 338 413 339
414 338 414 339
415 338 415 338
416 338 416 338
418 338 418 338
419 338 419 338
420 338 420 338
422 338 422 338
423 338 423 338
424 338 424 338
426 338 425 338
427 338 427 338
428 338 428 338
429 338 429 338
390 340 390 340
392 340 392 340
393 340 393 340
396 340 396 340
397 340 397 340
398 340 398 340
400 340 399 340
401 340 401 340
402 340 402 340
403 340 403 340
405 340 405 340
406 340 406 340
407 340 407 340
409 340 409 340
410 340 410 340
411 340 411 340
412 340 413 340
414 340 414 340
415 340 415 340
416 340 416 340
418 340 418 340
419 340 419 340
420 340 420 340
422 340 422 340
423 340 423 340
424 340 424 340
426 340 425 340
427 340 427 340
428 340 428 340
390 341 390 341
392 341 392 341
393 341 393 341
394 341 394 341
396 341 396 341
397 341 397 341
398 341 398 341
400 341 400 341
401 341 401 341
402 341 402 341
403 341 403 341
405 341 405 341
406 341 406 341
407 341 407 341
409 341 409 341
410 341 410 341
412 341 413 341
414 341 414 341
415 341 415 341
416 341 416 341
418 341 418 341
419 341 419 341
420 341 420 341
422 341 422 341
423 341 423 341
424 341 424 341
426 341 425 341
390 342 390 342
392 342 392 342
393 342 393 342
396 342 396 343
397 342 397 343
398 342 398 342
400 342 400 342
401 342 401 342
402 342 402 342
403 342 403 342
405 342 405 342
406 342 406 342
407 342 407 342
409 342 409 342
410 342 410 342
411 342 411 342
412 342 413 342
414 342 414 342
415 342 415 342
416 342 416 342
418 342 418 342
419 342 419 342
420 342 420 342
422 342 422 342
424 342 424 342
390 344 390 344
392 344 392 344
393 344 393 343
394 344 394 343
398 344 398 344
400 344 400 344
401 344 401 344
402 344 402 344
403 344 403 344
405 344 405 344
406 344 406 344
407 344 407 344
409 344 409 344
410 344 410 344
411 344 411 344
412 344 413 344
414 344 414 344
415 344 415 344
416 344 416 344
418 344 418 344
419 344 419 344
420 344 420 344
390 345 390 345
392 345 392 345
393 345 393 345
394 345 394 345
396 345 396 345
397 345 397 343
398 345 398 345
400 345 400 345
401 345 401 345
402 345 402 345
403 345 403 345
405 345 405 345
406 345 406 345
407 345 407 345
409 345 409 345
410 345 410 345
411 345 411 345
412 345 413 345
414 345 414 345
415 345 415 345
416 345 416 345
418 345 418 345
419 345 419 345
390 346 390 346
392 346 392 346
393 346 393 346
394 346 394 346
396 346 396 346
397 346 397 346
398 346 398 346
400 346 400 346
401 346 401 346
402 346 402 346
403 346 403 346
405 346 405 346
406 346 406 346
407 346 407 346
409 346 409 346
410 346 410 346
411 346 411 346
412 346 413 346
414 346 414 346
415 346 415 346
416 346 416 346
418 346 418 346
419 346 419 346
392 348 392 348
393 348 393 348
394 348 394 347
398 348 398 347
400 348 399 347
401 348 401 348
402 348 402 348
403 348 403 348
405 348 405 348
406 348 406 348
407 348 407 347
409 348 409 347
410 348 410 347
411 348 411 348
412 348 413 348
414 348 414 347
415 348 415 347
416 348 416 348
392 349 392 349
393 349 393 349
394 349 394 349
398 349 398 349
400 349 400 349
401 349 401 349
402 349 402 349
403 349 403 349
405 349 405 349
406 349 406 349
407 349 407 349
409 349 409 349
410 349 410 349
411 349 411 349
412 349 412 349
414 349 414 349
394 350 394 350
396 350 396 350
397 350 397 350
398 350 398 350
400 350 399 350
401 350 401 350
402 350 402 350
403 350 403 350
405 350 405 350
406 350 406 350
407 350 407 350
409 350 409 350
410 350 410 350
411 350 411 350
412 350 412 350
396 351 396 351
397 351 397 351
398 351 398 351
400 351 400 351
401 351 401 351
402 351 402 351
403 351 403 351
405 351 405 351
406 351 406 351
407 351 407 351
409 351 408 351
410 351 410 351
411 351 411 351
