479 288 436 329
482 288 440 328
474 289 427 328
479 289 436 330
427 291 378 321
432 291 380 321
436 291 383 321
474 291 427 330
475 291 430 330
430 293 379 324
433 293 381 324
458 293 400 322
459 293 402 322
474 293 427 332
475 293 430 333
477 293 432 333
430 294 379 326
432 294 380 326
438 294 385 325
459 294 402 324
475 294 430 334
427 296 378 329
432 296 381 328
433 296 382 328
436 296 384 328
438 296 386 329
459 296 402 326
461 296 405 328
462 296 408 328
472 296 423 333
475 296 429 337
477 296 431 337
427 298 378 331
430 298 380 331
432 298 382 331
436 298 384 331
438 298 386 331
445 298 390 329
461 298 405 330
462 298 407 330
472 298 423 335
427 299 378 333
428 299 379 334
432 299 381 333
435 299 384 333
438 299 386 333
440 299 388 333
443 299 389 331
461 299 404 332
462 299 406 332
472 299 422 337
438 301 386 335
440 301 387 335
445 301 391 334
446 301 393 334
458 301 401 333
461 301 404 334
462 301 406 335
436 302 385 337
443 302 389 337
446 302 393 336
454 302 397 335
456 302 399 335
458 302 401 336
459 302 402 336
461 302 404 336
462 302 406 336
436 304 385 339
440 304 387 339
441 304 388 339
443 304 390 339
445 304 391 338
446 304 393 338
448 304 394 338
454 304 398 338
458 304 401 338
459 304 402 338
461 304 404 338
462 304 405 338
464 304 408 339
438 306 387 341
440 306 388 341
441 306 390 341
445 306 392 341
446 306 393 341
448 306 394 341
449 306 396 340
456 306 400 340
459 306 403 340
461 306 404 340
462 306 405 340
464 306 408 342
466 306 411 342
467 306 412 342
469 306 415 342
436 307 386 343
440 307 388 343
441 307 390 343
443 307 391 343
449 307 396 342
451 307 397 342
454 307 399 343
458 307 402 342
459 307 403 342
462 307 406 342
464 307 407 342
467 307 412 344
469 307 415 344
470 307 417 345
472 307 421 346
440 309 389 346
443 309 391 345
446 309 394 346
451 309 397 345
454 309 400 345
456 309 401 345
459 309 404 344
461 309 405 344
464 309 407 344
466 309 409 344
467 309 412 347
469 309 415 347
470 309 417 347
472 309 420 348
440 310 389 349
441 310 390 348
445 310 393 348
446 310 394 348
449 310 396 348
451 310 397 347
453 310 399 347
456 310 401 347
458 310 402 347
459 310 404 347
461 310 405 346
466 310 409 346
467 310 411 346
469 310 415 349
440 312 389 351
441 312 391 350
445 312 393 350
446 312 394 350
449 312 396 350
453 312 399 349
454 312 400 349
458 312 402 349
459 312 404 349
462 312 406 348
464 312 408 349
466 312 410 349
467 312 411 349
443 314 392 353
446 314 395 353
451 314 398 352
454 314 400 352
456 314 402 352
459 314 404 351
461 314 406 351
462 314 406 350
464 314 408 351
466 314 409 351
467 314 411 351
469 314 413 352
443 315 392 355
448 315 396 354
458 315 403 354
461 315 406 354
462 315 407 354
466 315 410 353
467 315 411 353
469 315 413 353
461 317 405 356
462 317 407 356
466 317 410 356
466 319 411 358
