480 280 430 311
482 280 432 311
482 281 432 314
479 286 431 331
464 288 407 318
479 288 431 333
464 289 406 322
474 289 417 312
479 289 430 334
487 289 436 317
462 291 407 315
464 291 407 324
467 291 413 330
469 291 415 331
470 291 417 331
472 291 420 334
474 291 422 334
475 291 424 335
483 291 436 338
457 293 401 325
459 293 388 318
464 293 406 326
469 293 415 333
470 293 417 333
472 293 420 336
474 293 422 336
475 293 424 337
477 293 426 337
435 294 380 323
449 294 390 325
454 294 396 327
457 294 398 327
459 294 400 327
461 294 402 327
470 294 416 335
472 294 418 336
474 294 421 338
475 294 423 339
477 294 425 339
479 294 428 340
435 296 380 325
448 296 388 327
449 296 389 327
451 296 391 328
453 296 393 328
454 296 395 329
456 296 397 329
459 296 400 330
464 296 406 334
466 296 408 335
467 296 410 336
469 296 413 336
470 296 416 337
472 296 418 338
427 298 378 325
435 298 379 328
438 298 382 327
440 298 384 327
445 298 403 329
446 298 386 329
449 298 389 329
451 298 390 329
453 298 393 330
454 298 395 331
456 298 396 332
459 298 400 333
461 298 401 333
466 298 408 336
467 298 410 337
470 298 415 338
477 298 425 342
427 299 378 331
436 299 381 328
440 299 383 329
446 299 405 331
448 299 388 331
451 299 390 332
454 299 395 333
456 299 396 334
457 299 398 334
459 299 399 335
461 299 401 335
462 299 403 336
467 299 424 331
469 299 412 340
477 299 419 324
427 301 378 334
436 301 380 330
438 301 382 331
443 301 386 333
445 301 387 333
448 301 390 334
449 301 392 334
453 301 393 335
456 301 395 335
457 301 397 335
459 301 399 337
461 301 401 337
464 301 404 340
467 301 424 333
469 301 427 334
472 301 432 336
475 301 416 327
477 301 419 327
427 302 378 336
443 302 385 334
445 302 387 335
446 302 405 336
448 302 390 335
449 302 391 336
451 302 393 336
454 302 394 337
457 302 397 337
459 302 398 338
461 302 400 339
462 302 402 339
464 302 404 341
472 302 432 338
474 302 418 344
440 304 381 335
441 304 383 335
443 304 385 336
445 304 387 337
446 304 388 337
448 304 390 337
451 304 392 338
454 304 394 339
457 304 414 334
459 304 398 340
461 304 400 340
462 304 401 341
472 304 411 325
479 304 421 332
438 306 381 337
440 306 383 337
441 306 384 338
443 306 386 338
446 306 388 339
448 306 389 339
456 306 395 341
459 306 398 342
461 306 400 343
462 306 401 343
464 306 404 346
470 306 412 347
472 306 414 348
440 307 383 339
441 307 384 339
443 307 385 340
446 307 387 341
448 307 389 342
451 307 392 342
453 307 410 342
456 307 395 343
457 307 397 343
459 307 398 344
462 307 401 345
469 307 409 348
472 307 414 349
474 307 416 350
438 309 381 341
440 309 383 341
443 309 385 342
445 309 387 342
448 309 389 343
449 309 390 344
453 309 393 344
454 309 394 345
457 309 397 345
459 309 398 346
462 309 400 346
467 309 406 349
469 309 408 350
470 309 411 351
472 309 413 351
474 309 415 352
440 310 382 343
441 310 384 344
445 310 387 344
446 310 388 345
449 310 390 346
451 310 391 346
454 310 394 346
456 310 395 347
459 310 398 348
461 310 399 348
464 310 402 348
466 310 403 348
467 310 405 350
469 310 408 352
470 310 410 352
472 310 413 353
440 312 382 345
441 312 384 345
445 312 399 351
446 312 387 347
449 312 390 347
451 312 391 347
454 312 394 348
456 312 395 349
459 312 398 350
462 312 400 351
464 312 401 350
467 312 405 352
469 312 408 354
470 312 410 354
472 312 412 354
479 312 441 341
445 314 399 353
446 314 400 353
448 314 389 349
451 314 391 350
453 314 393 350
454 314 409 350
456 314 395 351
457 314 396 351
466 314 403 352
467 314 404 354
469 314 406 354
470 314 409 356
472 314 411 356
440 315 394 354
446 315 400 355
457 315 395 353
462 315 418 348
467 315 404 355
469 315 406 356
470 315 409 358
475 315 427 353
445 317 399 357
466 317 403 357
467 317 404 358
475 317 426 355
477 317 429 353
469 320 436 345
474 322 412 361
480 323 422 362
