470 280 434 296
482 280 453 296
479 285 457 311
475 286 452 313
477 286 454 313
479 286 457 313
480 286 458 313
427 288 400 309
438 288 408 309
446 288 461 306
466 288 434 305
475 288 452 315
477 288 454 315
479 288 457 315
480 288 459 315
482 288 460 315
427 289 400 311
446 289 461 307
464 289 431 309
472 289 447 316
474 289 449 316
475 289 451 316
477 289 454 317
479 289 457 317
427 291 400 313
432 291 401 313
433 291 402 313
435 291 404 313
436 291 405 312
464 291 431 312
472 291 447 317
474 291 449 317
475 291 451 318
477 291 453 318
482 291 452 301
427 293 400 315
432 293 401 315
433 293 403 315
435 293 404 315
436 293 405 315
438 293 407 314
441 293 411 314
453 293 417 311
456 293 422 312
458 293 425 313
459 293 427 313
461 293 429 314
462 293 431 314
464 293 433 315
469 293 441 317
470 293 443 318
472 293 447 319
474 293 449 320
475 293 451 320
477 293 453 320
479 293 456 321
482 293 452 303
483 293 463 323
485 293 466 323
432 294 402 317
433 294 403 317
435 294 405 317
438 294 407 316
449 294 414 313
451 294 416 313
453 294 418 313
456 294 423 316
459 294 427 315
461 294 429 316
462 294 431 316
464 294 433 317
466 294 436 317
469 294 441 319
470 294 443 319
472 294 445 320
474 294 449 322
475 294 451 322
477 294 454 322
479 294 456 322
430 296 401 320
433 296 403 319
435 296 405 319
436 296 406 319
438 296 408 319
443 296 412 318
445 296 414 318
453 296 420 317
454 296 421 317
456 296 423 317
458 296 425 317
459 296 427 318
461 296 429 318
462 296 431 318
464 296 434 318
466 296 437 318
467 296 438 321
469 296 440 321
470 296 443 321
472 296 445 321
474 296 449 324
475 296 451 324
477 296 453 324
479 296 456 324
427 298 406 340
428 298 408 340
430 298 401 322
432 298 403 322
435 298 405 321
436 298 406 321
438 298 408 321
440 298 410 322
441 298 410 320
443 298 412 320
445 298 414 320
453 298 420 319
454 298 421 319
456 298 423 319
458 298 425 319
459 298 426 319
461 298 429 320
462 298 431 320
464 298 434 320
466 298 435 322
467 298 438 322
469 298 441 323
470 298 443 323
472 298 445 323
474 298 447 323
475 298 451 326
477 298 453 326
479 298 456 326
482 298 461 326
428 299 408 342
430 299 401 324
432 299 403 324
433 299 404 323
436 299 407 323
438 299 408 323
440 299 410 323
443 299 412 322
445 299 413 322
446 299 415 322
448 299 417 322
454 299 422 321
456 299 423 321
458 299 425 321
459 299 426 321
461 299 428 321
462 299 431 322
464 299 434 322
466 299 436 323
467 299 450 314
469 299 441 324
470 299 443 325
472 299 445 325
474 299 447 325
475 299 451 327
477 299 453 327
479 299 456 327
427 301 402 330
436 301 406 325
438 301 408 325
440 301 410 325
441 301 411 325
443 301 412 324
445 301 414 324
446 301 415 324
448 301 417 324
449 301 419 324
454 301 421 323
456 301 423 323
458 301 425 323
459 301 426 323
461 301 428 323
462 301 430 324
464 301 433 324
466 301 435 325
467 301 437 325
469 301 441 326
470 301 443 327
472 301 445 327
474 301 447 327
475 301 450 329
477 301 453 330
479 301 456 329
436 302 407 328
440 302 410 327
441 302 412 327
443 302 413 327
445 302 414 326
446 302 416 326
448 302 417 326
449 302 419 326
451 302 420 326
454 302 422 326
456 302 423 325
458 302 425 325
459 302 427 325
461 302 429 326
462 302 430 326
464 302 433 327
466 302 435 327
467 302 437 327
469 302 441 328
470 302 442 328
472 302 445 329
474 302 447 329
475 302 450 330
432 304 404 330
440 304 410 329
441 304 412 329
443 304 413 329
445 304 415 329
446 304 416 328
449 304 419 328
451 304 420 328
454 304 422 328
456 304 424 327
459 304 427 327
461 304 428 327
462 304 430 327
464 304 433 329
466 304 435 329
467 304 437 329
469 304 440 330
470 304 442 330
472 304 445 330
475 304 450 332
432 306 404 333
433 306 405 332
436 306 408 332
438 306 409 332
440 306 411 332
443 306 414 331
445 306 415 331
446 306 416 331
449 306 419 330
451 306 421 331
453 306 422 330
456 306 424 330
458 306 426 330
459 306 428 329
461 306 430 330
462 306 431 330
464 306 433 331
466 306 436 331
467 306 437 331
469 306 439 331
470 306 442 332
472 306 445 332
474 306 448 333
475 306 449 334
477 306 453 335
479 306 455 335
433 307 406 334
435 307 407 334
436 307 408 334
440 307 411 333
441 307 413 333
443 307 414 333
446 307 416 333
448 307 418 332
451 307 421 332
453 307 423 332
454 307 424 332
458 307 426 332
459 307 428 332
461 307 430 332
462 307 431 332
467 307 437 333
469 307 440 333
470 307 442 333
472 307 445 334
474 307 448 334
475 307 449 336
433 309 405 336
435 309 407 336
436 309 409 336
438 309 410 336
440 309 412 336
441 309 413 335
443 309 415 336
446 309 417 335
448 309 418 335
449 309 419 335
453 309 423 335
454 309 424 335
456 309 425 334
458 309 427 334
461 309 430 334
462 309 431 334
464 309 433 333
466 309 434 333
469 309 440 335
470 309 442 335
472 309 445 336
474 309 446 336
475 309 449 338
436 310 409 338
438 310 411 339
440 310 412 338
443 310 415 338
445 310 417 338
446 310 417 337
449 310 420 337
451 310 421 337
454 310 424 336
456 310 426 336
458 310 427 336
459 310 429 336
462 310 431 336
464 310 433 336
466 310 434 336
467 310 437 335
469 310 440 337
470 310 442 337
472 310 444 337
474 310 446 338
475 310 448 338
438 312 411 340
440 312 412 340
441 312 414 340
445 312 417 340
446 312 418 340
449 312 420 339
451 312 422 339
453 312 423 339
456 312 426 338
458 312 427 338
459 312 429 338
461 312 431 339
464 312 433 338
466 312 435 338
467 312 436 338
469 312 440 339
470 312 442 339
472 312 444 339
474 312 446 340
480 312 461 335
438 314 410 343
440 314 412 343
441 314 414 342
445 314 416 342
446 314 418 342
448 314 420 343
451 314 422 341
453 314 423 341
454 314 425 341
456 314 427 341
458 314 427 340
459 314 429 340
461 314 431 340
462 314 432 340
466 314 435 340
467 314 436 340
469 314 439 340
470 314 441 341
472 314 443 341
474 314 446 341
441 315 414 345
443 315 415 345
446 315 418 344
449 315 421 344
451 315 422 343
454 315 425 343
456 315 427 343
459 315 428 343
461 315 430 342
462 315 432 342
464 315 434 342
467 315 437 342
469 315 439 342
470 315 441 343
472 315 443 343
441 317 411 346
449 317 421 345
453 317 425 345
454 317 426 345
459 317 430 348
461 317 430 344
462 317 432 344
464 317 434 344
466 317 435 344
467 317 437 344
469 317 439 345
470 317 441 345
453 319 425 347
459 319 430 350
464 319 434 346
466 319 436 346
467 319 437 346
469 319 439 346
445 320 415 350
446 320 417 350
449 320 422 349
453 320 424 349
454 320 427 349
475 320 447 345
474 322 445 347
475 322 447 347
479 322 448 347
480 322 450 345
475 323 445 348
480 323 450 348
