470 280 457 285
472 280 461 285
474 280 463 285
475 280 465 285
482 280 468 285
483 280 469 285
443 281 430 298
475 281 467 294
474 283 465 296
475 283 467 296
477 283 469 296
479 283 471 296
472 285 463 297
474 285 465 297
475 285 467 298
477 285 469 298
479 285 471 298
470 286 461 298
472 286 463 299
474 286 465 299
475 286 467 299
477 286 469 299
479 286 471 300
427 288 416 299
428 288 417 299
464 288 451 295
466 288 453 295
467 288 453 294
470 288 461 301
472 288 463 301
474 288 465 301
475 288 467 301
477 288 469 301
479 288 471 302
480 288 473 302
482 288 475 302
427 289 416 301
441 289 429 299
466 289 455 301
467 289 457 301
470 289 461 302
472 289 463 302
474 289 465 303
475 289 467 303
477 289 469 303
479 289 471 303
480 289 473 303
427 291 416 302
430 291 418 302
432 291 420 302
433 291 421 302
435 291 423 302
451 291 437 300
462 291 450 302
466 291 455 303
467 291 457 303
469 291 459 303
470 291 461 304
472 291 463 304
474 291 465 304
475 291 467 304
477 291 469 305
479 291 471 305
480 291 473 305
483 291 476 305
427 293 416 304
428 293 417 304
432 293 420 304
433 293 422 304
435 293 423 304
438 293 426 304
443 293 430 303
448 293 434 302
451 293 437 302
453 293 439 302
454 293 440 301
456 293 442 302
457 293 446 303
459 293 447 303
461 293 449 303
462 293 451 304
464 293 453 304
466 293 455 304
467 293 457 305
469 293 458 306
470 293 460 306
472 293 463 306
474 293 465 306
475 293 467 306
477 293 469 307
479 293 471 307
480 293 473 307
482 293 475 307
485 293 479 308
487 293 481 309
427 294 416 306
428 294 417 306
430 294 419 306
433 294 421 306
435 294 423 306
436 294 424 305
438 294 426 306
441 294 429 305
443 294 430 305
448 294 434 304
449 294 435 305
451 294 438 304
453 294 439 303
454 294 441 304
456 294 443 304
459 294 447 306
461 294 449 306
462 294 451 305
464 294 453 306
466 294 455 306
467 294 457 307
469 294 458 307
470 294 460 307
472 294 463 308
474 294 465 308
475 294 467 308
477 294 469 308
479 294 471 308
480 294 473 308
482 294 475 309
483 294 477 309
427 296 416 308
428 296 417 308
430 296 419 308
433 296 422 308
435 296 423 308
436 296 425 308
438 296 426 308
440 296 428 308
441 296 429 307
443 296 430 307
445 296 432 307
446 296 433 306
449 296 435 306
451 296 437 307
453 296 440 307
454 296 442 307
456 296 443 307
459 296 447 307
461 296 449 307
462 296 451 307
464 296 453 307
466 296 455 308
467 296 457 308
470 296 460 309
472 296 463 309
474 296 465 309
475 296 467 310
477 296 469 310
479 296 471 310
480 296 473 310
482 296 475 310
427 298 416 310
428 298 417 310
430 298 419 310
432 298 421 310
435 298 423 310
436 298 425 310
438 298 426 310
443 298 431 309
445 298 432 309
446 298 434 309
449 298 435 308
451 298 437 308
453 298 440 309
454 298 442 309
456 298 443 309
457 298 445 309
459 298 447 309
462 298 450 309
464 298 452 309
466 298 455 310
467 298 457 310
469 298 458 310
472 298 463 311
474 298 465 311
475 298 467 312
477 298 469 312
479 298 471 312
480 298 473 312
483 298 476 312
485 298 479 312
487 298 481 312
427 299 416 312
428 299 417 311
430 299 419 311
432 299 421 312
433 299 422 311
436 299 425 311
438 299 427 311
440 299 428 311
441 299 430 311
443 299 431 311
445 299 433 311
448 299 436 311
451 299 439 311
453 299 440 311
454 299 442 311
456 299 444 311
457 299 445 311
459 299 447 311
461 299 449 311
464 299 453 311
466 299 455 311
467 299 456 311
469 299 458 312
470 299 460 312
474 299 465 313
475 299 467 313
477 299 469 313
479 299 471 313
480 299 473 313
482 299 474 314
485 299 479 313
427 301 416 313
428 301 418 313
430 301 419 313
432 301 421 313
433 301 423 313
435 301 424 313
436 301 426 313
440 301 428 313
441 301 430 313
443 301 431 312
445 301 433 313
446 301 434 313
448 301 436 313
451 301 439 313
453 301 440 313
454 301 442 313
456 301 444 313
457 301 445 312
459 301 447 313
461 301 449 313
462 301 451 313
464 301 453 313
466 301 454 313
467 301 456 313
469 301 458 313
470 301 460 314
472 301 463 314
474 301 465 315
475 301 467 315
477 301 469 315
479 301 471 315
480 301 472 315
482 301 474 315
427 302 416 317
428 302 417 315
430 302 420 315
432 302 421 315
433 302 423 315
435 302 425 315
436 302 426 315
440 302 429 315
441 302 430 315
443 302 431 315
445 302 433 314
446 302 435 315
448 302 436 315
451 302 439 315
453 302 440 314
454 302 442 314
456 302 444 314
457 302 445 314
459 302 447 314
461 302 449 315
462 302 450 315
464 302 452 315
466 302 455 315
467 302 456 315
469 302 458 315
470 302 460 315
472 302 463 316
474 302 464 316
475 302 466 316
477 302 469 317
479 302 470 317
480 302 471 317
428 304 417 317
430 304 419 317
432 304 421 317
433 304 423 317
435 304 425 317
436 304 426 317
440 304 429 317
441 304 430 317
443 304 432 317
445 304 433 316
446 304 435 316
448 304 436 316
449 304 438 316
453 304 441 316
454 304 442 316
456 304 444 316
457 304 446 316
459 304 447 316
461 304 449 316
462 304 450 316
464 304 452 316
466 304 454 317
467 304 456 317
469 304 458 317
470 304 460 317
474 304 465 318
475 304 466 318
477 304 468 319
479 304 470 319
430 306 419 319
432 306 421 319
433 306 423 319
435 306 425 319
436 306 426 319
438 306 427 319
440 306 429 319
443 306 432 319
445 306 433 319
446 306 435 319
448 306 437 318
449 306 438 318
451 306 440 318
454 306 442 318
456 306 444 318
457 306 446 318
459 306 447 318
461 306 449 318
462 306 450 318
464 306 452 318
466 306 454 318
467 306 456 319
469 306 458 319
470 306 460 319
472 306 462 319
475 306 466 320
432 307 421 321
433 307 423 321
435 307 425 321
436 307 426 321
438 307 428 321
440 307 429 320
441 307 431 320
445 307 434 320
448 307 437 320
449 307 438 320
451 307 440 320
453 307 441 320
456 307 444 320
457 307 446 320
459 307 448 320
461 307 449 320
462 307 451 320
464 307 452 320
466 307 454 320
467 307 456 320
469 307 458 320
470 307 460 320
472 307 462 321
474 307 465 321
479 307 470 322
433 309 422 323
435 309 425 323
436 309 426 323
438 309 428 323
440 309 429 322
441 309 431 322
443 309 432 322
445 309 434 323
446 309 435 322
448 309 437 322
449 309 438 322
451 309 440 322
453 309 442 322
454 309 443 322
457 309 446 322
459 309 448 322
461 309 449 322
462 309 451 322
464 309 452 322
466 309 454 321
467 309 456 322
469 309 458 322
470 309 460 323
472 309 462 323
474 309 464 323
435 310 424 325
436 310 426 324
438 310 428 325
440 310 430 324
441 310 431 324
443 310 433 324
445 310 435 325
446 310 436 325
449 310 438 324
451 310 440 324
453 310 442 324
454 310 443 324
456 310 445 324
457 310 446 324
461 310 450 324
462 310 451 323
464 310 453 324
466 310 454 323
467 310 456 323
469 310 458 324
470 310 460 324
472 310 462 324
436 312 426 326
438 312 428 326
440 312 430 326
441 312 431 326
443 312 433 326
445 312 434 326
446 312 436 326
449 312 439 326
451 312 440 326
453 312 442 325
454 312 443 325
456 312 445 325
457 312 446 325
459 312 448 325
462 312 451 325
464 312 453 326
466 312 454 325
467 312 456 325
469 312 458 325
470 312 460 326
472 312 462 326
479 312 472 324
438 314 428 328
440 314 429 328
441 314 431 328
443 314 433 328
445 314 434 328
446 314 436 328
448 314 438 328
449 314 439 328
453 314 442 327
454 314 443 327
456 314 445 327
457 314 446 327
459 314 448 327
461 314 450 327
464 314 453 327
466 314 454 327
467 314 456 327
469 314 458 327
470 314 460 327
472 314 462 327
440 315 429 330
441 315 431 330
443 315 433 330
445 315 434 330
446 315 436 330
448 315 438 330
449 315 439 330
451 315 441 329
454 315 443 329
456 315 445 329
457 315 447 329
459 315 448 329
461 315 450 329
464 315 453 329
466 315 455 329
467 315 456 329
469 315 458 329
470 315 460 329
477 315 466 329
480 315 480 316
441 317 431 332
443 317 433 332
445 317 435 332
446 317 436 332
448 317 438 331
449 317 440 332
456 317 445 331
457 317 447 331
459 317 449 331
461 317 450 331
462 317 452 331
466 317 455 331
467 317 456 331
469 317 458 331
470 317 460 331
472 317 462 331
475 317 465 330
445 319 435 333
448 319 438 333
449 319 440 333
457 319 447 332
459 319 448 332
461 319 450 332
462 319 452 333
464 319 453 333
467 319 457 333
469 319 459 333
470 319 460 332
475 319 465 332
477 319 466 332
445 320 438 335
446 320 440 335
448 320 441 335
449 320 443 335
454 320 447 335
466 320 455 334
467 320 457 334
469 320 459 334
474 320 463 334
475 320 464 334
477 320 466 334
479 320 468 334
466 322 455 336
467 322 457 336
469 322 459 336
470 322 461 336
474 322 463 336
475 322 464 336
477 322 466 336
479 322 468 336
480 322 470 336
464 323 449 337
466 323 452 337
