477 283 462 304
479 283 464 304
480 283 466 305
475 285 459 306
477 285 462 306
479 285 464 306
477 286 462 307
479 286 464 308
435 288 412 305
470 288 453 308
472 288 455 308
474 288 457 308
475 288 459 309
479 288 464 310
480 288 466 310
482 288 468 310
466 289 446 307
470 289 453 309
472 289 455 310
474 289 457 310
475 289 459 310
477 289 461 311
479 289 464 311
430 291 409 309
432 291 410 308
433 291 411 308
435 291 413 308
462 291 440 309
464 291 443 309
466 291 445 309
467 291 447 310
469 291 450 310
470 291 453 311
472 291 455 312
474 291 457 312
475 291 459 312
482 291 468 314
483 291 470 314
427 293 406 311
428 293 407 311
432 293 411 311
433 293 412 311
435 293 413 310
458 293 434 309
459 293 436 309
461 293 438 309
462 293 440 310
464 293 443 311
466 293 445 311
469 293 450 312
470 293 452 313
472 293 455 314
474 293 457 314
475 293 459 314
477 293 461 314
479 293 463 315
480 293 467 315
482 293 469 316
483 293 470 316
427 294 406 312
428 294 407 313
430 294 409 312
433 294 412 312
435 294 414 312
436 294 415 313
458 294 434 311
459 294 436 311
461 294 438 311
464 294 443 312
466 294 445 313
470 294 452 314
472 294 455 315
474 294 457 316
475 294 459 316
477 294 461 316
479 294 463 316
480 294 466 317
427 296 406 314
428 296 408 315
430 296 409 315
433 296 412 315
435 296 414 314
436 296 415 314
438 296 417 315
440 296 419 315
454 296 430 312
456 296 432 312
458 296 434 312
459 296 436 312
461 296 438 313
462 296 440 314
464 296 443 314
466 296 445 315
467 296 447 315
469 296 449 316
470 296 452 316
472 296 454 317
474 296 456 317
475 296 459 318
477 296 461 318
479 296 463 318
480 296 465 319
428 298 408 316
430 298 410 317
432 298 411 317
433 298 413 317
436 298 415 316
438 298 417 316
440 298 419 316
443 298 421 315
445 298 423 315
446 298 424 316
451 298 426 314
453 298 430 315
454 298 431 315
456 298 433 315
458 298 434 314
459 298 435 314
461 298 439 316
462 298 440 316
464 298 442 316
466 298 445 317
467 298 447 317
469 298 449 317
474 298 456 319
475 298 459 320
477 298 461 320
428 299 408 318
430 299 410 318
432 299 412 319
433 299 413 318
436 299 415 318
438 299 417 318
440 299 419 318
441 299 420 318
443 299 421 317
445 299 423 317
446 299 424 317
448 299 426 317
453 299 430 317
454 299 432 317
456 299 433 317
458 299 435 318
459 299 435 316
461 299 439 318
462 299 441 318
464 299 442 318
466 299 445 318
467 299 447 318
469 299 449 318
470 299 452 319
472 299 454 319
475 299 459 321
477 299 461 321
432 301 411 321
433 301 413 321
435 301 415 320
438 301 417 320
440 301 419 320
441 301 420 320
443 301 422 320
445 301 423 319
446 301 425 319
448 301 426 319
449 301 428 319
453 301 430 319
454 301 431 319
456 301 433 319
458 301 435 319
459 301 437 319
461 301 439 320
462 301 441 320
464 301 442 320
466 301 445 320
467 301 447 320
469 301 449 320
470 301 451 321
472 301 454 321
474 301 456 321
475 301 459 323
430 302 411 322
432 302 412 323
435 302 415 322
436 302 416 322
440 302 419 322
441 302 421 322
443 302 422 322
445 302 424 322
446 302 425 321
448 302 427 321
453 302 430 321
454 302 431 321
456 302 433 321
458 302 435 321
459 302 437 321
461 302 439 322
462 302 441 322
464 302 442 322
466 302 445 322
467 302 447 322
469 302 448 322
470 302 451 323
472 302 454 323
474 302 456 323
475 302 457 323
432 304 413 324
433 304 414 324
436 304 417 324
440 304 419 324
441 304 421 324
443 304 422 324
445 304 424 324
446 304 425 323
448 304 427 323
451 304 430 323
454 304 432 323
456 304 433 323
458 304 435 323
459 304 437 323
461 304 439 323
462 304 440 323
464 304 443 324
466 304 445 324
467 304 446 324
469 304 449 324
470 304 451 324
472 304 454 325
474 304 456 325
475 304 458 325
433 306 414 326
436 306 417 326
438 306 418 326
440 306 420 326
443 306 423 326
445 306 424 326
446 306 425 326
448 306 427 325
451 306 430 325
453 306 431 325
456 306 434 325
459 306 437 325
461 306 439 325
462 306 440 325
464 306 442 326
466 306 445 326
467 306 446 326
469 306 449 326
470 306 451 326
472 306 454 327
474 306 456 327
475 306 458 328
433 307 414 328
436 307 417 328
438 307 419 328
440 307 420 328
441 307 421 328
443 307 423 328
446 307 425 328
448 307 427 327
451 307 430 327
453 307 432 327
454 307 433 327
456 307 434 327
458 307 436 327
461 307 439 327
462 307 441 327
464 307 442 327
466 307 444 327
467 307 446 327
469 307 449 327
470 307 451 328
472 307 454 328
474 307 456 329
435 309 416 330
438 309 419 330
440 309 420 330
441 309 422 330
443 309 423 330
445 309 425 330
448 309 427 329
449 309 429 330
454 309 433 329
456 309 435 329
458 309 436 329
459 309 438 329
462 309 441 329
464 309 442 329
466 309 444 329
467 309 447 330
469 309 449 330
470 309 451 330
472 309 454 330
474 309 455 331
475 309 457 331
435 310 416 332
436 310 418 332
440 310 420 332
441 310 422 332
443 310 424 332
445 310 425 332
446 310 427 332
449 310 429 332
451 310 431 331
454 310 433 331
456 310 435 331
458 310 436 331
459 310 438 331
461 310 440 331
464 310 443 331
466 310 444 331
469 310 449 332
470 310 451 332
472 310 453 332
474 310 455 332
475 310 457 332
440 312 420 334
441 312 422 334
443 312 424 334
445 312 425 334
446 312 427 334
449 312 429 333
451 312 431 333
453 312 432 333
456 312 435 333
458 312 437 333
459 312 438 333
461 312 440 333
462 312 441 333
464 312 443 333
467 312 446 333
469 312 449 333
470 312 451 333
472 312 453 333
474 312 455 334
443 314 424 336
445 314 425 336
453 314 433 335
454 314 434 335
458 314 437 334
459 314 438 335
461 314 440 335
462 314 441 335
464 314 443 335
466 314 445 335
469 314 448 335
446 315 427 338
454 315 434 337
456 315 436 337
459 315 438 337
461 315 440 337
462 315 442 337
464 315 443 337
466 315 445 337
467 315 446 336
469 315 448 337
470 315 451 337
472 315 453 337
459 317 438 339
461 317 440 339
462 317 442 338
464 317 444 338
466 317 445 338
467 317 447 338
464 319 444 341
