433 291 379 320
464 291 408 324
474 291 425 332
475 291 427 333
435 293 381 322
436 293 382 323
458 293 399 324
459 293 401 324
474 293 425 335
475 293 427 335
433 294 380 324
436 294 382 324
458 294 399 326
459 294 401 326
474 294 425 337
475 294 426 337
433 296 380 327
435 296 381 327
438 296 384 327
449 296 389 326
451 296 391 326
456 296 397 327
458 296 399 328
459 296 401 329
462 296 406 331
432 298 379 329
435 298 381 329
438 298 384 329
440 298 385 329
451 298 391 328
453 298 394 330
456 298 398 331
458 298 399 330
459 298 400 331
461 298 402 331
462 298 406 333
436 299 382 331
438 299 384 332
440 299 385 331
443 299 387 331
456 299 398 333
459 299 400 333
461 299 402 333
462 299 405 335
436 301 382 333
440 301 385 333
443 301 388 334
454 301 396 335
461 301 401 336
462 301 404 337
474 301 421 341
436 302 382 335
440 302 385 335
443 302 387 336
445 302 389 336
453 302 395 336
462 302 404 339
474 302 421 343
475 302 423 344
438 304 383 337
440 304 385 338
441 304 386 338
445 304 389 338
446 304 390 338
461 304 402 340
462 304 403 340
464 304 406 341
432 306 381 339
438 306 384 340
445 306 389 340
448 306 392 340
461 306 402 342
462 306 403 342
464 306 405 343
469 306 412 345
435 307 382 342
438 307 385 342
440 307 386 342
443 307 388 342
456 307 398 343
458 307 399 343
462 307 403 344
467 307 410 346
469 307 412 346
470 307 414 347
474 307 420 349
435 309 382 344
436 309 383 344
438 309 385 344
441 309 387 344
443 309 389 344
448 309 392 344
454 309 397 345
458 309 399 345
459 309 401 346
461 309 403 346
464 309 404 345
466 309 406 345
467 309 409 348
469 309 412 349
470 309 414 349
472 309 416 350
435 310 383 346
438 310 385 346
441 310 387 346
443 310 389 347
445 310 390 348
448 310 393 348
451 310 395 347
454 310 397 347
456 310 398 347
459 310 401 348
461 310 402 348
464 310 405 347
466 310 406 347
467 310 408 348
469 310 411 351
470 310 414 351
440 312 386 348
443 312 389 349
445 312 390 349
449 312 393 349
451 312 394 349
453 312 396 349
456 312 399 350
458 312 400 349
461 312 402 350
462 312 403 350
464 312 405 351
466 312 406 349
467 312 408 351
469 312 411 352
470 312 413 353
440 314 386 351
443 314 388 351
445 314 390 351
446 314 391 351
449 314 393 352
453 314 396 351
458 314 399 351
459 314 401 352
462 314 404 352
464 314 405 352
467 314 408 353
469 314 410 354
470 314 413 354
440 315 387 353
445 315 389 353
446 315 391 353
458 315 399 354
459 315 401 354
461 315 403 354
464 315 405 355
466 315 406 355
467 315 408 355
469 315 410 355
464 317 405 356
466 317 406 357
467 317 407 357
461 319 402 358
