474 280 414 312
482 280 431 312
480 281 429 313
482 281 430 314
479 285 427 315
480 285 429 315
464 288 406 321
475 288 418 317
479 288 428 334
480 288 430 334
470 289 417 332
474 289 421 333
475 289 423 333
477 289 425 334
479 289 427 335
480 289 430 336
483 289 430 318
462 291 404 326
464 291 409 327
469 291 414 332
470 291 417 333
474 291 420 335
475 291 422 335
477 291 424 336
479 291 427 337
483 291 430 320
485 291 431 320
459 293 400 327
461 293 402 327
462 293 405 331
464 293 407 331
467 293 413 332
470 293 416 335
472 293 418 336
474 293 420 337
475 293 422 337
477 293 423 338
479 293 426 338
480 293 428 339
483 293 430 321
446 294 388 326
449 294 390 327
454 294 395 329
456 294 397 330
457 294 399 330
459 294 400 329
461 294 402 332
462 294 404 333
464 294 406 333
466 294 408 334
470 294 415 337
472 294 417 337
474 294 419 338
475 294 421 339
477 294 423 340
479 294 426 340
485 294 434 330
487 294 439 339
446 296 386 328
448 296 389 329
451 296 391 327
453 296 393 328
456 296 396 331
457 296 398 332
459 296 400 332
461 296 402 334
462 296 404 334
464 296 405 335
466 296 408 336
467 296 409 337
469 296 411 337
470 296 414 338
472 296 416 339
474 296 418 340
475 296 420 341
477 296 422 341
479 296 424 342
438 298 381 326
441 298 384 327
443 298 386 327
446 298 386 330
449 298 390 331
453 298 393 330
454 298 394 331
456 298 396 333
457 298 397 334
459 298 399 335
461 298 401 335
462 298 403 336
464 298 405 337
466 298 422 329
467 298 424 330
469 298 410 339
470 298 413 340
472 298 415 341
474 298 417 342
475 298 416 323
477 298 422 343
427 299 377 328
438 299 381 328
440 299 383 328
448 299 388 332
451 299 391 332
459 299 398 336
461 299 400 337
462 299 402 338
464 299 404 338
466 299 406 339
467 299 408 339
469 299 411 341
470 299 413 341
474 299 416 343
475 299 416 325
477 299 421 344
427 301 377 330
436 301 379 328
438 301 381 329
440 301 382 330
445 301 386 332
448 301 389 334
451 301 391 334
454 301 393 335
456 301 395 336
457 301 396 336
462 301 401 340
464 301 403 340
466 301 405 341
469 301 410 343
472 301 414 343
475 301 415 326
440 302 382 332
441 302 383 332
445 302 386 333
446 302 387 334
448 302 389 335
449 302 391 336
453 302 392 337
456 302 395 337
457 302 396 338
459 302 397 338
461 302 399 339
464 302 403 342
466 302 405 342
472 302 413 345
474 302 415 345
477 302 419 347
479 302 421 348
441 304 383 334
445 304 385 335
446 304 386 336
448 304 388 337
449 304 390 337
451 304 391 338
454 304 393 339
457 304 395 340
459 304 397 340
461 304 399 340
462 304 400 342
467 304 406 345
469 304 408 345
474 304 414 347
475 304 416 348
477 304 419 349
438 306 379 334
440 306 381 334
443 306 384 336
446 306 386 338
448 306 388 338
449 306 389 339
451 306 391 340
454 306 393 340
456 306 394 341
459 306 397 342
461 306 398 343
462 306 400 343
464 306 401 344
466 306 403 345
469 306 407 347
470 306 409 347
474 306 414 349
475 306 416 350
436 307 378 335
440 307 381 337
441 307 382 337
445 307 385 339
448 307 387 340
449 307 388 341
451 307 390 341
453 307 409 343
454 307 392 342
456 307 394 343
459 307 396 344
461 307 398 344
462 307 399 345
464 307 401 346
466 307 403 346
467 307 404 348
469 307 407 348
470 307 409 349
472 307 411 350
474 307 413 351
436 309 378 337
438 309 379 338
441 309 381 339
443 309 383 339
445 309 384 341
446 309 386 342
449 309 388 342
454 309 392 344
456 309 393 345
457 309 395 345
461 309 397 346
462 309 399 347
464 309 400 348
466 309 402 348
467 309 404 349
469 309 406 350
470 309 408 351
472 309 410 352
474 309 412 352
438 310 379 339
440 310 380 340
443 310 383 341
446 310 385 343
449 310 387 344
451 310 389 344
456 310 393 346
457 310 395 347
459 310 396 348
462 310 398 348
464 310 400 350
466 310 401 350
467 310 403 350
469 310 405 352
470 310 407 352
472 310 409 353
475 310 413 355
435 312 381 343
441 312 381 342
445 312 383 343
453 312 390 346
459 312 395 349
466 312 401 352
467 312 403 352
469 312 405 353
470 312 407 354
443 314 395 352
445 314 396 352
446 314 398 353
451 314 388 348
453 314 390 348
457 314 393 349
464 314 399 352
466 314 400 354
467 314 402 354
469 314 404 355
470 314 406 356
472 314 423 348
479 314 437 345
445 315 396 354
446 315 398 355
466 315 400 355
467 315 401 355
469 315 403 357
470 315 405 358
466 317 417 352
482 319 433 348
480 322 420 357
464 323 399 357
469 323 404 359
480 323 418 359
