474 280 414 313
475 280 412 313
482 280 430 313
482 281 430 316
479 283 427 315
480 283 428 315
479 285 426 316
483 285 432 319
477 286 425 331
479 286 426 318
480 286 428 317
469 288 412 314
474 288 420 332
479 288 426 334
480 288 428 334
482 288 429 319
487 288 434 320
474 289 419 334
475 289 421 334
479 289 425 335
480 289 427 335
482 289 428 320
469 291 414 332
472 291 417 335
474 291 419 335
479 291 425 336
480 291 427 337
430 293 390 325
453 293 394 325
459 293 401 328
461 293 403 328
464 293 406 329
469 293 412 335
470 293 414 335
474 293 418 337
477 293 422 338
479 293 424 338
480 293 426 339
487 293 436 329
446 294 386 328
448 294 388 328
451 294 392 328
453 294 393 327
454 294 395 330
456 294 397 331
457 294 399 330
464 294 406 334
467 294 411 335
470 294 413 337
472 294 415 338
474 294 417 339
475 294 419 339
477 294 420 340
479 294 423 340
482 294 427 341
487 294 436 330
427 296 381 327
430 296 390 329
448 296 387 330
451 296 392 330
453 296 393 329
457 296 398 333
459 296 399 334
461 296 401 332
462 296 403 335
469 296 410 338
470 296 412 338
472 296 414 339
477 296 419 323
479 296 422 341
449 298 391 331
454 298 394 333
456 298 396 333
457 298 397 335
459 298 399 336
461 298 401 336
462 298 402 337
469 298 409 339
470 298 412 340
474 298 416 341
475 298 416 325
477 298 418 325
479 298 421 343
427 299 381 330
451 299 391 333
454 299 394 335
462 299 402 339
466 299 420 331
467 299 407 340
469 299 409 341
472 299 413 342
474 299 415 342
475 299 416 327
477 299 417 327
487 299 437 336
427 301 381 331
433 301 385 324
461 301 399 337
467 301 420 334
469 301 422 335
472 301 412 343
474 301 414 344
475 301 415 329
477 301 417 329
487 301 436 338
427 302 381 333
446 302 403 339
449 302 390 335
457 302 396 338
459 302 397 339
461 302 399 339
462 302 400 340
466 302 404 343
475 302 414 330
477 302 417 347
428 304 382 335
446 304 402 341
454 304 392 339
459 304 396 340
461 304 398 341
462 304 399 343
475 304 414 347
479 304 417 333
446 306 402 342
448 306 387 337
457 306 411 340
459 306 396 342
461 306 397 343
462 306 399 344
464 306 400 344
467 306 404 347
469 306 406 347
474 306 425 341
441 307 394 345
451 307 405 343
453 307 407 343
454 307 391 341
456 307 409 343
457 307 411 342
459 307 395 344
462 307 398 346
464 307 400 347
467 307 403 348
469 307 405 348
472 307 423 341
474 307 424 342
435 309 388 344
451 309 405 345
454 309 408 345
457 309 393 345
461 309 396 346
462 309 398 347
464 309 399 349
466 309 400 346
467 309 402 350
469 309 404 350
472 309 422 343
474 309 410 352
435 310 388 346
443 310 395 349
456 310 392 346
459 310 394 347
461 310 396 347
469 310 403 352
475 310 424 346
435 312 388 347
454 312 406 348
457 312 410 350
459 312 394 348
462 312 396 349
464 312 398 350
467 312 401 352
470 312 405 354
454 314 405 351
456 314 407 350
461 314 395 351
462 314 413 347
464 314 398 352
466 314 399 352
469 314 402 354
470 314 404 355
456 315 407 353
464 315 414 349
466 315 416 350
464 317 413 350
470 319 430 343
483 319 427 349
466 323 402 355
