470 280 469 282
472 280 471 282
474 280 473 282
475 280 474 282
477 280 476 282
479 280 477 282
480 280 478 282
482 280 480 282
483 280 482 282
438 281 434 287
440 281 436 287
441 281 438 287
443 281 439 287
445 281 441 287
470 281 469 283
472 281 471 283
474 281 473 284
475 281 474 284
477 281 476 284
479 281 477 284
480 281 479 284
482 281 480 283
470 283 469 285
472 283 471 285
474 283 473 285
475 283 474 285
477 283 476 286
479 283 478 286
480 283 479 286
482 283 480 285
470 285 469 287
472 285 471 287
474 285 473 287
475 285 474 287
477 285 476 287
479 285 478 288
480 285 479 287
482 285 480 287
483 285 482 286
427 286 425 288
428 286 426 288
430 286 428 288
432 286 429 288
438 286 436 288
440 286 438 289
441 286 439 289
445 286 441 288
446 286 443 288
470 286 469 289
472 286 471 288
474 286 472 289
475 286 474 289
477 286 476 289
479 286 478 289
480 286 479 289
482 286 481 289
483 286 482 289
485 286 484 288
427 288 425 290
428 288 426 290
430 288 428 290
432 288 429 290
433 288 431 290
438 288 436 290
440 288 438 290
443 288 440 290
445 288 442 290
446 288 443 290
464 288 461 288
466 288 463 290
467 288 465 290
469 288 467 290
470 288 469 290
472 288 471 290
474 288 472 291
475 288 474 291
477 288 476 291
480 288 479 291
482 288 481 291
483 288 482 291
485 288 484 291
427 289 425 292
428 289 426 292
430 289 428 292
432 289 429 292
433 289 431 292
440 289 437 292
441 289 439 292
445 289 442 292
446 289 443 292
448 289 445 291
464 289 461 291
466 289 464 292
467 289 465 292
469 289 467 292
470 289 469 292
472 289 471 292
474 289 472 292
475 289 474 292
477 289 476 292
479 289 478 292
480 289 479 292
482 289 481 292
483 289 482 292
485 289 484 292
427 291 425 293
428 291 426 293
430 291 428 293
432 291 430 293
433 291 431 293
443 291 441 293
445 291 442 293
448 291 445 293
449 291 446 293
451 291 448 293
462 291 460 293
464 291 462 292
466 291 464 293
467 291 465 294
469 291 467 294
470 291 469 294
472 291 471 294
474 291 472 294
475 291 474 294
477 291 475 294
479 291 478 294
480 291 479 294
482 291 481 294
483 291 482 294
485 291 484 294
427 293 425 295
428 293 426 295
430 293 428 295
432 293 430 295
433 293 431 295
435 293 433 295
436 293 434 295
438 293 436 295
440 293 438 295
441 293 439 295
446 293 444 295
449 293 446 295
451 293 448 295
453 293 450 295
454 293 452 295
456 293 453 295
458 293 455 295
459 293 457 295
461 293 458 295
464 293 462 295
466 293 464 295
467 293 465 295
469 293 467 296
470 293 469 296
472 293 471 296
474 293 472 295
475 293 474 296
477 293 476 296
479 293 477 296
480 293 479 296
482 293 481 296
483 293 482 296
485 293 484 295
427 294 425 297
428 294 426 297
430 294 428 296
432 294 430 296
433 294 431 297
435 294 433 297
436 294 434 297
438 294 436 297
440 294 438 297
441 294 439 297
446 294 444 296
448 294 446 296
451 294 448 296
453 294 450 296
454 294 452 296
456 294 454 297
458 294 456 297
459 294 457 296
461 294 459 297
462 294 460 296
464 294 462 296
466 294 464 297
469 294 467 297
470 294 469 297
472 294 471 298
474 294 473 298
475 294 474 297
477 294 476 297
479 294 477 297
480 294 479 297
482 294 481 297
483 294 483 297
485 294 484 297
427 296 425 299
428 296 426 299
430 296 428 299
432 296 430 299
433 296 431 299
435 296 433 298
436 296 434 298
438 296 436 299
440 296 438 299
441 296 439 298
443 296 441 298
446 296 444 298
448 296 446 298
449 296 447 298
451 296 449 298
453 296 451 298
454 296 452 299
456 296 454 298
458 296 456 298
459 296 457 299
461 296 459 298
462 296 460 298
464 296 462 298
466 296 464 299
467 296 465 299
469 296 467 299
470 296 469 299
475 296 474 299
477 296 476 299
479 296 477 299
480 296 479 299
482 296 481 299
483 296 483 299
485 296 484 299
427 298 425 300
428 298 426 300
430 298 428 300
432 298 430 300
433 298 431 300
435 298 433 300
436 298 434 300
438 298 436 300
440 298 438 300
441 298 439 300
443 298 441 300
445 298 443 300
446 298 444 300
449 298 447 300
451 298 449 300
453 298 451 300
454 298 452 300
456 298 454 300
458 298 456 300
459 298 457 300
461 298 459 300
462 298 460 300
464 298 462 300
466 298 464 300
467 298 465 300
469 298 467 300
470 298 469 300
472 298 470 300
474 298 472 300
475 298 474 300
477 298 476 300
479 298 478 300
480 298 479 300
482 298 481 300
483 298 482 300
485 298 484 300
427 299 425 302
428 299 426 302
430 299 428 302
432 299 430 302
433 299 431 302
435 299 433 302
436 299 434 302
438 299 436 302
440 299 438 302
441 299 439 302
443 299 441 302
445 299 442 302
446 299 444 302
448 299 446 302
449 299 447 301
451 299 449 301
453 299 451 301
454 299 452 302
456 299 454 302
458 299 455 302
459 299 457 302
461 299 459 302
462 299 460 302
464 299 462 302
466 299 464 302
467 299 465 302
469 299 467 302
470 299 469 302
472 299 470 302
474 299 472 301
475 299 474 302
477 299 476 302
479 299 478 302
480 299 479 302
482 299 481 302
483 299 482 302
427 301 425 304
428 301 426 304
430 301 428 303
432 301 430 304
433 301 431 304
435 301 433 303
436 301 435 303
438 301 436 303
440 301 438 303
441 301 439 304
443 301 441 304
445 301 443 303
446 301 444 303
448 301 446 303
449 301 448 303
451 301 449 303
453 301 451 303
456 301 454 303
458 301 456 303
459 301 457 304
461 301 459 304
462 301 460 303
464 301 462 304
466 301 464 303
467 301 465 303
469 301 467 303
470 301 469 304
472 301 470 304
474 301 472 303
475 301 474 303
477 301 476 304
479 301 478 303
480 301 479 303
482 301 481 304
427 302 425 305
428 302 426 305
430 302 428 305
432 302 429 305
433 302 431 305
435 302 433 305
436 302 435 305
438 302 436 305
440 302 438 305
441 302 439 305
443 302 441 305
445 302 443 305
446 302 444 305
448 302 446 305
449 302 448 305
451 302 449 305
453 302 451 305
454 302 452 305
456 302 454 305
458 302 455 305
459 302 457 305
461 302 459 305
462 302 460 305
464 302 462 305
466 302 464 305
467 302 465 305
469 302 467 305
470 302 469 305
472 302 470 305
474 302 472 305
475 302 473 305
477 302 476 305
479 302 477 305
483 302 484 303
485 302 485 303
428 304 426 307
430 304 428 307
432 304 430 307
433 304 431 307
435 304 433 307
436 304 435 307
438 304 436 307
440 304 437 307
441 304 439 307
443 304 441 307
445 304 443 307
446 304 444 307
448 304 446 307
449 304 448 307
451 304 449 307
453 304 451 307
454 304 452 307
456 304 454 307
458 304 455 307
461 304 458 306
462 304 460 307
464 304 462 307
466 304 464 307
467 304 465 307
469 304 467 307
470 304 469 307
472 304 471 307
474 304 472 307
475 304 474 307
477 304 476 306
479 304 479 305
480 304 480 305
482 304 482 305
483 304 484 304
430 306 428 309
432 306 430 309
433 306 431 309
435 306 433 309
436 306 434 309
438 306 436 309
440 306 438 308
441 306 439 308
443 306 441 308
445 306 443 309
446 306 444 309
448 306 446 309
449 306 448 309
451 306 449 308
453 306 451 308
454 306 452 308
456 306 454 308
458 306 455 308
459 306 457 308
461 306 459 308
462 306 460 308
464 306 462 308
466 306 464 309
467 306 465 309
469 306 467 309
470 306 469 309
472 306 471 309
474 306 473 308
475 306 474 309
477 306 476 308
479 306 479 307
480 306 480 306
482 306 482 306
432 307 430 310
433 307 431 310
435 307 433 310
436 307 435 310
438 307 436 310
440 307 438 310
441 307 439 310
443 307 441 310
445 307 443 310
446 307 444 310
448 307 446 310
449 307 447 310
451 307 449 310
453 307 451 310
454 307 452 310
456 307 454 310
458 307 456 310
459 307 457 310
461 307 459 310
462 307 460 310
464 307 462 310
466 307 464 310
467 307 465 310
469 307 467 310
470 307 469 310
472 307 471 310
474 307 472 310
475 307 474 310
477 307 476 310
479 307 479 308
480 307 480 307
482 307 482 307
433 309 431 312
435 309 433 312
436 309 435 312
438 309 436 312
440 309 438 312
441 309 439 312
443 309 441 312
445 309 443 312
446 309 444 312
448 309 446 312
449 309 447 312
451 309 449 312
453 309 451 312
454 309 452 312
456 309 454 312
458 309 455 312
459 309 457 312
461 309 459 312
462 309 460 312
464 309 462 312
466 309 464 312
467 309 465 312
469 309 467 312
470 309 469 312
472 309 470 312
474 309 472 312
475 309 474 312
477 309 477 309
483 309 483 309
435 310 433 313
436 310 435 314
438 310 436 313
440 310 438 313
441 310 439 313
443 310 441 313
445 310 443 313
446 310 444 313
448 310 446 313
449 310 447 313
451 310 449 313
453 310 451 313
454 310 452 313
456 310 454 313
458 310 455 313
459 310 457 313
461 310 459 313
462 310 460 313
464 310 462 313
466 310 464 313
467 310 465 313
469 310 467 313
470 310 469 313
472 310 470 313
474 310 472 313
475 310 476 311
477 310 477 311
479 310 479 311
480 310 480 310
482 310 482 311
483 310 483 311
436 312 435 315
438 312 436 315
440 312 438 315
441 312 440 315
443 312 441 315
445 312 443 315
446 312 444 315
448 312 446 315
449 312 447 315
451 312 449 315
453 312 451 315
454 312 452 315
456 312 454 315
458 312 456 315
459 312 457 315
461 312 459 315
462 312 460 315
464 312 462 315
466 312 464 315
467 312 465 315
469 312 467 315
470 312 469 315
472 312 470 315
474 312 472 315
475 312 476 313
477 312 477 313
479 312 479 312
480 312 480 312
482 312 482 312
483 312 483 312
438 314 437 317
440 314 438 317
441 314 439 317
443 314 441 317
445 314 443 317
446 314 444 317
448 314 446 317
449 314 447 317
451 314 449 317
453 314 451 317
454 314 452 317
456 314 454 317
458 314 456 317
459 314 457 317
461 314 459 317
462 314 460 317
464 314 462 317
466 314 464 317
467 314 465 317
469 314 467 316
470 314 469 317
472 314 470 317
474 314 472 317
479 314 479 314
480 314 480 314
482 314 482 314
483 314 483 314
440 315 438 318
441 315 440 318
443 315 441 318
445 315 443 318
446 315 444 318
448 315 446 318
449 315 447 318
451 315 449 318
453 315 451 318
454 315 453 318
456 315 454 318
458 315 456 318
459 315 457 318
461 315 459 318
462 315 460 318
464 315 462 318
466 315 464 318
467 315 465 318
469 315 467 318
470 315 469 318
472 315 470 318
477 315 477 316
479 315 479 316
480 315 480 316
482 315 482 316
441 317 439 320
443 317 442 320
445 317 443 320
446 317 445 320
448 317 446 320
449 317 448 320
453 317 451 320
454 317 453 320
456 317 454 320
458 317 456 320
459 317 457 320
461 317 459 320
462 317 460 320
464 317 462 320
466 317 464 320
467 317 465 320
469 317 467 320
470 317 469 320
472 317 470 320
474 317 472 320
475 317 474 320
477 317 477 317
445 319 443 322
446 319 445 321
448 319 446 321
449 319 448 321
451 319 449 322
453 319 451 322
454 319 453 322
456 319 454 322
458 319 456 322
459 319 457 322
462 319 460 322
464 319 462 322
466 319 464 322
467 319 465 322
469 319 467 322
470 319 469 321
472 319 471 321
474 319 473 321
482 319 482 320
445 320 441 322
449 320 448 323
453 320 453 323
464 320 463 323
466 320 464 323
467 320 466 323
469 320 468 323
470 320 469 323
472 320 471 323
474 320 473 323
475 320 474 323
480 320 481 321
462 322 455 325
464 322 457 325
467 322 466 325
469 322 468 325
470 322 469 325
472 322 471 325
474 322 473 325
475 322 474 324
479 322 477 325
480 322 478 325
464 323 457 326
466 323 459 326
475 323 474 326
480 323 478 326
