477 286 425 331
474 288 420 332
474 289 419 334
475 289 421 334
479 289 425 335
469 291 414 332
472 291 417 335
474 291 419 335
479 291 425 336
459 293 401 328
461 293 403 328
464 293 406 329
469 293 412 335
470 293 414 335
474 293 418 337
477 293 422 338
479 293 424 338
457 294 399 330
464 294 406 334
467 294 411 335
470 294 413 337
472 294 415 338
474 294 417 339
475 294 419 339
477 294 420 340
479 294 423 340
453 296 393 329
457 296 398 333
459 296 399 334
461 296 401 332
462 296 403 335
469 296 410 338
470 296 412 338
472 296 414 339
479 296 422 341
456 298 396 333
457 298 397 335
459 298 399 336
461 298 401 336
462 298 402 337
469 298 409 339
470 298 412 340
474 298 416 341
479 298 421 343
462 299 402 339
467 299 407 340
469 299 409 341
472 299 413 342
474 299 415 342
461 301 399 337
472 301 412 343
474 301 414 344
449 302 390 335
457 302 396 338
459 302 397 339
461 302 399 339
462 302 400 340
466 302 404 343
477 302 417 347
454 304 392 339
459 304 396 340
461 304 398 341
462 304 399 343
475 304 414 347
448 306 387 337
459 306 396 342
461 306 397 343
462 306 399 344
464 306 400 344
467 306 404 347
469 306 406 347
454 307 391 341
459 307 395 344
462 307 398 346
464 307 400 347
467 307 403 348
469 307 405 348
457 309 393 345
461 309 396 346
462 309 398 347
464 309 399 349
466 309 400 346
467 309 402 350
469 309 404 350
474 309 410 352
456 310 392 346
459 310 394 347
461 310 396 347
469 310 403 352
459 312 394 348
462 312 396 349
464 312 398 350
467 312 401 352
470 312 405 354
461 314 395 351
464 314 398 352
466 314 399 352
469 314 402 354
470 314 404 355
