470 289 417 332
474 289 421 333
475 289 423 333
477 289 425 334
479 289 427 335
464 291 409 327
469 291 414 332
470 291 417 333
474 291 420 335
475 291 422 335
477 291 424 336
479 291 427 337
462 293 405 331
464 293 407 331
467 293 413 332
470 293 416 335
472 293 418 336
474 293 420 337
475 293 422 337
477 293 423 338
479 293 426 338
480 293 428 339
457 294 399 330
459 294 400 329
461 294 402 332
462 294 404 333
464 294 406 333
466 294 408 334
470 294 415 337
472 294 417 337
474 294 419 338
475 294 421 339
477 294 423 340
479 294 426 340
453 296 393 328
457 296 398 332
459 296 400 332
461 296 402 334
462 296 404 334
464 296 405 335
466 296 408 336
467 296 409 337
469 296 411 337
470 296 414 338
472 296 416 339
474 296 418 340
475 296 420 341
477 296 422 341
479 296 424 342
446 298 386 330
449 298 390 331
453 298 393 330
454 298 394 331
456 298 396 333
457 298 397 334
459 298 399 335
461 298 401 335
462 298 403 336
464 298 405 337
469 298 410 339
470 298 413 340
472 298 415 341
474 298 417 342
477 298 422 343
440 299 383 328
448 299 388 332
451 299 391 332
459 299 398 336
461 299 400 337
462 299 402 338
464 299 404 338
466 299 406 339
467 299 408 339
469 299 411 341
470 299 413 341
474 299 416 343
477 299 421 344
436 301 379 328
438 301 381 329
445 301 386 332
448 301 389 334
451 301 391 334
454 301 393 335
456 301 395 336
457 301 396 336
462 301 401 340
464 301 403 340
466 301 405 341
469 301 410 343
472 301 414 343
445 302 386 333
446 302 387 334
448 302 389 335
449 302 391 336
453 302 392 337
456 302 395 337
457 302 396 338
459 302 397 338
461 302 399 339
464 302 403 342
466 302 405 342
472 302 413 345
474 302 415 345
445 304 385 335
448 304 388 337
449 304 390 337
451 304 391 338
454 304 393 339
457 304 395 340
459 304 397 340
461 304 399 340
462 304 400 342
467 304 406 345
469 304 408 345
474 304 414 347
475 304 416 348
438 306 379 334
446 306 386 338
448 306 388 338
449 306 389 339
451 306 391 340
454 306 393 340
456 306 394 341
459 306 397 342
461 306 398 343
462 306 400 343
464 306 401 344
466 306 403 345
469 306 407 347
470 306 409 347
474 306 414 349
475 306 416 350
448 307 387 340
449 307 388 341
451 307 390 341
454 307 392 342
456 307 394 343
459 307 396 344
461 307 398 344
462 307 399 345
464 307 401 346
466 307 403 346
467 307 404 348
469 307 407 348
470 307 409 349
472 307 411 350
474 307 413 351
441 309 381 339
443 309 383 339
445 309 384 341
446 309 386 342
449 309 388 342
454 309 392 344
456 309 393 345
457 309 395 345
461 309 397 346
462 309 399 347
464 309 400 348
466 309 402 348
467 309 404 349
469 309 406 350
470 309 408 351
472 309 410 352
474 309 412 352
440 310 380 340
443 310 383 341
446 310 385 343
449 310 387 344
451 310 389 344
456 310 393 346
457 310 395 347
459 310 396 348
462 310 398 348
464 310 400 350
466 310 401 350
467 310 403 350
469 310 405 352
470 310 407 352
472 310 409 353
475 310 413 355
441 312 381 342
445 312 383 343
453 312 390 346
459 312 395 349
466 312 401 352
467 312 403 352
469 312 405 353
470 312 407 354
453 314 390 348
457 314 393 349
464 314 399 352
466 314 400 354
467 314 402 354
469 314 404 355
470 314 406 356
466 315 400 355
467 315 401 355
469 315 403 357
470 315 405 358
