409 309 409 312
411 309 410 314
412 309 412 313
414 309 414 312
416 309 416 314
420 309 419 313
423 309 422 313
425 309 424 313
427 309 425 314
429 309 427 314
430 309 429 314
432 309 430 314
434 309 431 312
409 310 408 315
411 310 410 316
412 310 412 315
414 310 413 315
416 310 415 315
418 310 417 316
420 310 419 315
423 310 422 315
425 310 423 315
427 310 425 316
429 310 427 315
430 310 428 315
432 310 430 316
434 310 432 316
436 310 434 316
439 310 436 317
409 312 408 317
411 312 410 317
412 312 412 317
414 312 413 317
421 312 420 317
423 312 421 317
425 312 423 317
427 312 425 317
429 312 426 317
430 312 428 317
432 312 430 317
434 312 432 318
436 312 433 318
439 312 436 319
407 314 406 319
409 314 408 319
411 314 410 319
412 314 411 319
414 314 413 319
416 314 415 320
418 314 417 319
421 314 419 319
423 314 421 319
425 314 423 319
427 314 424 319
429 314 426 319
430 314 428 319
432 314 429 319
434 314 431 319
407 316 406 320
409 316 408 321
411 316 410 321
412 316 411 321
414 316 413 321
416 316 414 321
421 316 419 321
423 316 421 321
425 316 423 321
427 316 424 321
429 316 426 321
430 316 428 321
432 316 430 321
437 316 434 320
391 318 391 322
395 318 394 322
396 318 396 323
407 318 406 322
409 318 408 322
411 318 409 322
412 318 411 322
414 318 413 323
416 318 414 323
420 318 417 322
421 318 419 322
423 318 421 322
425 318 422 322
427 318 424 322
429 318 425 323
436 318 432 322
437 318 433 322
389 319 389 323
396 319 396 324
407 319 405 324
411 319 409 324
412 319 410 324
414 319 412 324
416 319 414 324
420 319 417 324
421 319 418 324
423 319 420 324
425 319 422 324
427 319 424 324
429 319 425 324
430 319 428 323
432 319 429 324
436 319 432 324
437 319 433 324
439 319 435 324
388 321 387 324
389 321 389 324
393 321 393 325
395 321 394 325
405 321 403 325
407 321 405 326
409 321 407 326
411 321 409 326
412 321 410 326
414 321 412 326
416 321 414 326
420 321 417 325
421 321 418 326
423 321 420 326
425 321 421 326
427 321 423 326
429 321 425 326
432 321 429 325
436 321 432 326
437 321 433 326
439 321 434 326
388 323 387 326
389 323 389 326
393 323 393 326
395 323 394 326
396 323 396 326
404 323 402 327
405 323 404 327
407 323 405 328
409 323 407 327
411 323 409 328
420 323 416 327
421 323 418 327
423 323 420 327
425 323 421 328
427 323 423 328
436 323 431 327
439 323 434 328
441 323 436 328
388 325 387 328
391 325 391 328
393 325 393 328
395 325 394 328
396 325 395 328
398 325 397 329
402 325 400 329
405 325 403 329
407 325 405 329
409 325 407 329
412 325 410 329
414 325 412 329
416 325 413 329
420 325 416 329
421 325 418 329
423 325 419 329
425 325 421 329
427 325 423 329
432 325 427 329
434 325 429 329
436 325 431 329
386 326 383 325
391 326 390 330
393 326 392 330
395 326 394 329
396 326 395 330
398 326 396 330
400 326 398 331
402 326 400 331
405 326 403 331
407 326 405 331
409 326 406 331
411 326 408 331
412 326 410 330
414 326 412 331
416 326 413 331
420 326 416 331
421 326 417 331
423 326 419 331
425 326 421 331
427 326 422 331
432 326 427 331
434 326 429 331
436 326 431 331
379 328 378 324
396 328 394 331
400 328 398 333
405 328 403 332
407 328 404 332
409 328 406 333
411 328 408 333
412 328 410 332
414 328 412 332
416 328 413 332
420 328 416 332
421 328 417 333
423 328 419 332
425 328 421 332
430 328 425 332
432 328 427 332
434 328 429 332
436 328 430 332
441 328 435 333
382 330 379 327
384 330 380 326
386 330 383 327
389 330 386 329
395 330 391 331
400 330 397 333
407 330 404 334
409 330 406 334
412 330 409 334
414 330 411 334
418 330 414 334
420 330 415 334
421 330 417 335
423 330 419 334
425 330 420 334
427 330 422 334
430 330 425 334
432 330 427 334
434 330 429 334
436 330 430 334
437 330 431 334
382 332 379 328
384 332 380 328
389 332 386 331
393 332 389 332
396 332 393 334
398 332 395 334
400 332 397 335
402 332 399 335
404 332 401 336
407 332 404 336
411 332 407 336
412 332 409 336
416 332 412 336
418 332 414 336
420 332 415 336
421 332 417 336
423 332 418 336
425 332 420 336
429 332 423 336
430 332 425 336
432 332 427 336
434 332 428 336
436 332 430 336
437 332 431 336
384 334 380 330
386 334 382 330
391 334 387 333
393 334 389 333
395 334 391 334
398 334 395 336
400 334 397 336
402 334 398 336
409 334 405 338
411 334 407 338
412 334 409 338
416 334 412 338
418 334 413 338
420 334 415 338
421 334 416 338
423 334 418 338
429 334 423 337
430 334 424 338
432 334 426 338
434 334 428 338
436 334 430 338
437 334 431 338
439 334 433 338
382 335 378 330
384 335 380 332
386 335 382 332
388 335 383 332
391 335 387 334
393 335 389 335
395 335 390 335
400 335 396 337
402 335 398 338
405 335 401 339
407 335 403 339
409 335 405 339
411 335 407 339
412 335 408 339
416 335 411 339
418 335 413 339
420 335 415 339
421 335 416 340
423 335 418 340
427 335 421 339
429 335 423 339
430 335 424 339
432 335 426 339
434 335 428 339
436 335 429 339
437 335 431 339
388 337 383 334
391 337 387 336
395 337 390 337
396 337 392 338
398 337 394 338
402 337 398 339
404 337 400 340
405 337 401 340
407 337 403 341
409 337 405 341
411 337 406 341
412 337 408 341
416 337 411 341
418 337 413 341
420 337 414 341
421 337 416 341
427 337 421 341
429 337 422 341
430 337 424 341
432 337 425 341
434 337 427 341
436 337 429 341
382 339 378 333
393 339 388 338
395 339 390 338
396 339 392 339
398 339 394 340
400 339 396 340
404 339 399 342
405 339 401 342
407 339 403 342
409 339 404 343
411 339 406 343
414 339 409 343
416 339 411 343
418 339 413 343
420 339 414 343
423 339 417 343
427 339 420 343
429 339 422 343
430 339 424 343
432 339 425 343
434 339 427 343
437 339 431 342
441 339 433 342
386 341 380 336
393 341 388 340
395 341 390 340
396 341 392 341
398 341 393 341
400 341 395 342
402 341 397 342
405 341 401 343
407 341 403 344
409 341 404 344
411 341 406 344
414 341 409 345
416 341 410 345
418 341 412 345
421 341 416 345
423 341 417 344
427 341 420 344
429 341 422 344
430 341 423 345
432 341 425 345
434 341 426 345
436 341 429 344
437 341 431 344
441 341 433 345
388 342 382 338
396 342 392 342
398 342 393 342
400 342 395 343
402 342 397 344
404 342 399 344
405 342 401 345
407 342 402 346
412 342 407 346
414 342 409 346
416 342 410 346
420 342 414 346
421 342 415 346
423 342 417 346
427 342 420 346
429 342 422 346
430 342 423 346
432 342 425 346
436 342 429 346
437 342 430 346
439 342 432 346
388 344 382 340
389 344 384 340
391 344 385 341
395 344 389 342
396 344 391 343
402 344 397 345
404 344 398 346
411 344 405 346
414 344 408 348
418 344 412 348
420 344 413 348
421 344 415 348
423 344 417 347
391 346 385 343
393 346 387 343
395 346 389 344
396 346 391 345
398 346 392 345
400 346 394 346
404 346 398 347
405 346 399 347
407 346 401 348
409 346 403 348
411 346 405 348
412 346 406 349
416 346 410 349
418 346 412 349
420 346 413 349
421 346 415 349
423 346 417 349
425 346 418 349
391 348 385 344
393 348 386 344
396 348 390 346
398 348 392 347
400 348 394 347
402 348 396 347
405 348 399 349
407 348 401 349
409 348 403 350
411 348 404 351
412 348 406 351
414 348 408 351
416 348 409 351
418 348 411 351
420 348 413 351
421 348 415 351
423 348 417 351
391 350 384 345
393 350 386 345
395 350 388 346
398 350 392 348
400 350 393 349
402 350 395 349
404 350 397 350
407 350 400 351
409 350 402 352
412 350 406 353
414 350 407 353
416 350 409 353
418 350 411 353
420 350 412 353
423 350 416 353
389 351 382 346
391 351 384 347
395 351 388 348
396 351 389 349
398 351 391 350
400 351 393 350
402 351 395 351
404 351 397 351
405 351 398 351
409 351 402 353
411 351 404 354
412 351 406 354
414 351 407 354
416 351 409 354
418 351 411 355
420 351 412 355
395 353 387 349
396 353 389 350
400 353 393 351
402 353 395 352
404 353 396 352
405 353 398 353
409 353 402 355
411 353 404 355
420 353 412 356
398 355 391 352
