411 309 393 295
429 310 411 304
430 312 423 322
427 314 420 323
429 314 401 317
432 314 424 323
439 314 432 321
425 316 418 325
430 316 404 317
432 316 424 324
441 316 433 322
425 318 417 327
430 318 422 326
436 318 425 325
423 319 416 328
425 319 417 328
436 319 425 327
439 319 430 326
441 319 431 326
379 321 372 313
405 321 378 303
421 321 414 330
423 321 415 330
425 321 417 330
434 321 423 328
437 321 425 329
441 321 428 328
421 323 413 331
423 323 414 332
432 323 421 330
434 323 422 330
437 323 425 330
439 323 426 329
400 325 376 306
405 325 393 316
414 325 389 308
430 325 418 317
432 325 420 317
434 325 422 318
436 325 423 319
439 325 426 331
409 326 386 308
411 326 388 309
413 326 402 319
425 326 414 334
427 326 416 334
430 326 406 325
436 326 423 320
437 326 423 333
439 326 425 333
441 326 428 333
379 328 372 321
382 328 376 322
413 328 389 310
421 328 411 337
425 328 414 335
427 328 415 335
436 328 422 334
437 328 423 334
396 330 377 324
409 330 384 312
421 330 411 323
425 330 414 320
436 330 421 335
445 330 428 337
396 332 377 326
400 332 380 327
411 332 386 315
434 332 419 337
436 332 420 337
439 332 423 336
434 334 419 339
439 334 422 338
443 334 425 338
446 334 427 337
382 335 374 325
409 335 383 320
414 335 387 325
425 335 412 327
432 335 416 340
434 335 418 340
437 335 420 340
446 335 426 339
409 337 382 322
411 337 383 322
429 337 414 326
432 337 416 342
441 337 422 340
445 337 424 340
446 337 425 341
402 339 374 329
411 339 383 324
423 339 409 344
437 339 420 341
441 339 422 341
443 339 423 342
421 341 407 346
427 341 411 329
430 341 399 338
432 341 401 338
437 341 419 343
386 342 372 315
388 342 374 316
427 342 411 331
430 342 399 339
432 342 414 345
423 344 409 332
427 344 410 333
429 344 412 333
446 344 418 346
421 346 406 349
420 348 403 337
398 350 383 338
400 350 386 338
402 350 387 339
416 350 383 329
420 350 403 339
398 351 383 339
400 351 385 340
400 355 384 334
396 360 380 338
421 360 394 350
