409 309 408 312
411 309 410 311
412 309 412 311
414 309 414 311
420 309 419 312
421 309 421 311
423 309 423 311
427 309 426 311
429 309 428 311
430 309 429 311
432 309 431 310
434 309 432 309
436 309 435 310
437 309 436 310
409 310 409 313
411 310 410 313
412 310 412 313
414 310 414 313
416 310 415 313
418 310 417 313
420 310 419 313
421 310 420 313
425 310 424 313
427 310 426 313
429 310 428 313
430 310 429 313
432 310 431 313
434 310 433 313
436 310 434 313
437 310 436 311
409 312 408 315
411 312 410 315
412 312 412 315
414 312 414 315
416 312 415 314
418 312 417 314
420 312 419 315
421 312 421 315
423 312 422 315
425 312 424 315
427 312 426 315
429 312 428 314
430 312 429 314
432 312 431 315
434 312 433 315
436 312 435 315
386 314 386 316
388 314 388 316
389 314 389 317
391 314 391 316
393 314 392 316
395 314 394 316
396 314 396 317
407 314 406 317
409 314 408 317
411 314 410 317
412 314 412 317
414 314 413 316
416 314 415 316
418 314 417 316
420 314 419 316
421 314 420 317
423 314 422 316
425 314 424 316
427 314 426 316
429 314 427 316
430 314 429 316
432 314 431 316
434 314 433 316
436 314 434 317
437 314 436 316
439 314 437 315
379 316 378 318
386 316 386 318
388 316 388 318
389 316 389 318
391 316 391 318
393 316 393 318
395 316 394 318
396 316 396 319
407 316 406 318
409 316 408 318
411 316 410 319
412 316 412 318
414 316 413 318
416 316 415 318
418 316 417 318
420 316 419 318
421 316 420 318
423 316 422 318
425 316 424 318
427 316 426 318
429 316 427 318
430 316 429 318
432 316 431 318
434 316 433 318
436 316 434 318
437 316 436 318
439 316 438 318
386 318 385 320
388 318 388 320
389 318 389 320
391 318 391 320
393 318 393 320
395 318 394 320
396 318 396 320
407 318 406 320
409 318 408 320
411 318 410 320
412 318 412 320
414 318 413 320
416 318 415 320
418 318 417 320
420 318 419 320
421 318 420 320
423 318 422 320
425 318 424 320
427 318 426 320
429 318 427 320
430 318 429 320
432 318 431 320
434 318 433 320
436 318 434 320
437 318 436 320
439 318 437 320
384 319 384 320
386 319 386 321
388 319 387 321
389 319 389 321
391 319 391 322
393 319 392 322
395 319 394 322
396 319 396 322
407 319 406 322
409 319 408 322
411 319 410 322
412 319 412 322
414 319 413 322
416 319 415 322
418 319 417 322
420 319 419 322
421 319 420 322
423 319 422 322
425 319 424 322
427 319 426 322
429 319 427 321
430 319 429 321
432 319 431 322
434 319 433 322
436 319 434 322
439 319 437 321
441 319 439 321
379 321 378 320
380 321 380 320
384 321 384 322
386 321 386 323
388 321 387 323
389 321 389 323
391 321 391 323
393 321 393 323
395 321 394 323
396 321 396 324
398 321 398 324
405 321 404 323
407 321 406 323
409 321 408 324
411 321 410 324
412 321 411 324
414 321 413 324
416 321 415 324
418 321 417 324
420 321 418 324
421 321 420 324
423 321 422 324
425 321 424 323
427 321 426 323
429 321 427 323
430 321 429 323
432 321 430 324
434 321 432 323
436 321 434 323
437 321 435 323
441 321 439 323
379 323 378 321
380 323 379 322
386 323 386 325
388 323 387 325
389 323 389 325
391 323 391 325
393 323 393 325
395 323 394 325
398 323 397 325
400 323 399 325
402 323 401 325
404 323 403 325
405 323 405 325
407 323 406 325
409 323 408 325
411 323 410 325
412 323 411 325
414 323 413 325
416 323 415 325
421 323 420 326
423 323 422 325
425 323 424 325
427 323 426 325
429 323 427 325
430 323 429 325
432 323 430 325
434 323 432 325
436 323 434 325
437 323 435 325
441 323 439 325
380 325 379 323
384 325 382 323
386 325 385 326
388 325 387 326
389 325 389 326
391 325 391 326
393 325 393 326
395 325 394 327
396 325 396 327
398 325 397 327
400 325 399 327
402 325 401 327
404 325 403 327
405 325 404 327
407 325 406 327
409 325 408 327
411 325 410 327
412 325 411 327
414 325 413 327
416 325 415 327
418 325 416 327
420 325 418 327
423 325 421 327
425 325 423 327
427 325 425 327
429 325 427 327
430 325 429 327
432 325 430 327
434 325 432 327
436 325 434 327
437 325 435 327
443 325 440 327
379 326 378 325
384 326 382 325
388 326 387 328
389 326 389 328
393 326 392 328
395 326 394 328
396 326 395 328
398 326 397 329
400 326 399 329
402 326 401 329
404 326 403 329
405 326 404 329
407 326 406 329
409 326 408 329
411 326 410 329
412 326 411 329
416 326 415 329
418 326 416 329
420 326 418 329
421 326 420 329
425 326 423 329
427 326 425 329
429 326 427 329
430 326 428 329
432 326 430 329
434 326 432 329
436 326 434 329
439 326 436 328
441 326 438 328
443 326 440 328
379 328 378 327
382 328 381 327
384 328 382 327
391 328 391 330
395 328 394 330
396 328 395 330
398 328 397 331
402 328 401 331
404 328 403 331
405 328 404 331
407 328 406 330
409 328 408 331
411 328 409 331
412 328 411 331
414 328 413 331
416 328 415 331
418 328 416 331
420 328 418 331
421 328 420 331
423 328 421 331
427 328 425 330
429 328 427 331
430 328 428 331
434 328 431 331
436 328 433 330
437 328 434 330
439 328 436 330
441 328 438 330
443 328 440 330
380 330 378 328
382 330 380 328
384 330 382 328
391 330 389 330
395 330 394 331
396 330 395 331
398 330 397 332
402 330 401 333
404 330 402 333
405 330 404 332
407 330 406 332
411 330 409 332
412 330 411 332
414 330 413 332
418 330 416 333
420 330 418 332
427 330 425 332
430 330 428 332
432 330 429 332
434 330 431 332
436 330 433 332
437 330 435 332
439 330 436 332
441 330 438 332
443 330 440 332
445 330 441 332
446 330 444 334
380 332 378 330
382 332 380 330
384 332 382 330
386 332 384 330
388 332 385 331
389 332 387 332
391 332 389 332
393 332 391 332
395 332 393 333
396 332 395 333
398 332 397 334
402 332 400 334
404 332 402 334
405 332 404 334
409 332 408 334
412 332 410 334
414 332 413 334
418 332 415 334
420 332 417 334
421 332 419 335
423 332 421 334
427 332 424 334
429 332 426 334
430 332 428 334
432 332 429 334
434 332 431 334
436 332 433 334
437 332 435 334
439 332 436 334
441 332 438 334
443 332 440 334
446 332 444 336
382 334 380 332
384 334 382 332
386 334 384 332
388 334 385 333
391 334 389 333
393 334 391 334
402 334 400 336
404 334 402 336
405 334 403 336
407 334 405 336
411 334 408 336
412 334 411 336
414 334 413 336
418 334 415 336
420 334 417 336
421 334 419 336
423 334 421 336
425 334 422 335
427 334 424 335
429 334 426 336
430 334 428 336
432 334 429 336
434 334 431 336
436 334 433 336
437 334 435 336
439 334 436 336
441 334 438 336
443 334 440 336
445 334 442 336
379 335 379 337
384 335 382 333
386 335 383 334
393 335 391 335
395 335 392 336
396 335 394 336
400 335 398 337
402 335 400 337
405 335 403 337
407 335 405 337
411 335 409 338
414 335 412 338
416 335 414 338
418 335 416 338
420 335 417 338
421 335 419 338
423 335 420 337
425 335 422 337
427 335 424 337
429 335 426 338
430 335 428 337
432 335 429 337
434 335 431 338
436 335 433 337
437 335 434 338
439 335 436 338
441 335 438 338
446 335 443 338
382 337 380 335
384 337 381 335
386 337 383 335
389 337 387 336
391 337 389 337
393 337 391 337
395 337 392 337
396 337 394 338
398 337 396 338
402 337 400 338
404 337 402 339
405 337 403 339
407 337 405 339
409 337 407 339
412 337 410 339
414 337 412 339
416 337 414 339
418 337 415 339
420 337 417 339
423 337 420 339
425 337 422 339
427 337 424 339
429 337 426 339
430 337 427 339
432 337 429 339
434 337 431 339
436 337 433 339
437 337 434 339
439 337 436 339
441 337 438 339
443 337 440 339
445 337 441 339
446 337 443 339
384 339 381 337
386 339 383 337
388 339 385 338
389 339 387 338
391 339 389 338
393 339 391 339
395 339 392 339
396 339 394 339
398 339 396 340
402 339 400 340
404 339 401 341
407 339 405 341
409 339 407 341
411 339 409 341
412 339 410 341
414 339 412 341
416 339 414 341
418 339 415 341
420 339 417 341
421 339 419 341
423 339 420 341
425 339 422 341
429 339 425 341
430 339 427 341
432 339 429 341
434 339 431 341
436 339 433 341
437 339 434 341
439 339 436 341
441 339 438 341
445 339 441 341
446 339 443 341
384 341 381 339
386 341 383 339
388 341 385 339
389 341 387 339
391 341 389 340
393 341 391 341
395 341 392 341
396 341 394 341
398 341 396 341
400 341 398 342
402 341 400 342
404 341 401 342
405 341 403 343
407 341 405 343
409 341 407 343
411 341 408 343
412 341 410 343
414 341 412 343
416 341 413 343
418 341 415 343
420 341 417 343
421 341 419 343
423 341 420 343
425 341 422 343
427 341 424 343
429 341 425 343
430 341 427 343
432 341 429 343
434 341 431 343
436 341 433 343
437 341 434 343
439 341 436 343
441 341 438 343
443 341 439 343
446 341 443 343
382 342 380 340
386 342 383 341
388 342 385 341
389 342 387 341
393 342 390 342
395 342 392 342
396 342 394 343
398 342 396 343
400 342 398 343
402 342 399 344
404 342 401 344
405 342 403 345
411 342 408 344
412 342 410 345
414 342 411 345
416 342 413 345
418 342 415 345
420 342 417 345
421 342 418 345
423 342 420 345
425 342 422 345
429 342 425 345
430 342 427 345
432 342 429 345
434 342 431 345
436 342 433 345
437 342 434 344
439 342 436 344
441 342 437 344
443 342 439 344
445 342 441 344
446 342 443 344
386 344 383 342
388 344 385 342
389 344 387 343
391 344 388 343
393 344 390 344
395 344 392 344
396 344 393 344
398 344 395 344
400 344 397 344
402 344 399 345
404 344 401 345
405 344 402 346
409 344 406 346
411 344 408 346
412 344 410 346
414 344 411 346
416 344 413 346
418 344 415 346
420 344 417 346
421 344 418 346
423 344 420 346
425 344 422 346
427 344 424 346
432 344 429 346
434 344 431 346
437 344 434 346
443 344 440 346
445 344 441 346
446 344 445 346
386 346 383 344
388 346 385 344
389 346 387 344
391 346 388 345
393 346 390 345
396 346 393 346
398 346 395 346
400 346 397 346
404 346 401 347
405 346 402 347
407 346 404 347
409 346 406 348
411 346 408 348
412 346 410 348
414 346 411 348
416 346 413 348
418 346 415 348
420 346 417 348
421 346 418 348
423 346 420 348
425 346 422 348
427 346 423 348
429 346 425 348
430 346 427 348
432 346 429 348
436 346 433 348
439 346 436 348
443 346 440 348
445 346 441 348
388 348 385 346
389 348 386 346
391 348 388 346
396 348 393 347
398 348 395 348
400 348 397 348
402 348 399 348
404 348 401 349
405 348 402 349
407 348 404 349
409 348 406 350
411 348 408 350
412 348 410 350
414 348 411 350
416 348 413 350
418 348 415 350
420 348 417 350
421 348 418 350
423 348 420 350
425 348 422 350
427 348 423 350
429 348 425 350
437 348 437 348
388 350 385 348
391 350 388 348
393 350 390 348
395 350 392 349
396 350 394 349
398 350 395 350
400 350 397 350
402 350 399 350
405 350 402 351
407 350 404 351
409 350 406 352
411 350 408 352
412 350 409 352
414 350 411 352
416 350 413 352
418 350 415 352
420 350 416 352
421 350 418 352
423 350 420 352
425 350 421 352
427 350 423 352
434 350 434 350
436 350 436 350
389 351 386 349
391 351 388 349
393 351 389 349
395 351 391 350
396 351 394 351
398 351 395 351
400 351 397 351
402 351 399 352
404 351 401 352
405 351 402 353
407 351 404 353
409 351 406 353
411 351 408 353
414 351 411 353
416 351 413 353
418 351 415 353
420 351 416 353
421 351 418 353
425 351 421 353
432 351 433 353
389 353 387 351
393 353 389 351
395 353 391 351
400 353 396 352
404 353 400 353
407 353 404 354
409 353 406 355
411 353 408 355
412 353 409 355
414 353 411 355
416 353 413 355
418 353 414 355
420 353 416 355
421 353 418 355
389 355 387 353
395 355 391 353
396 355 393 353
402 355 398 354
404 355 400 355
409 355 406 356
411 355 407 357
412 355 409 357
414 355 411 357
425 355 425 355
396 357 394 356
400 357 397 356
411 357 408 358
414 357 411 358
421 357 421 357
423 357 423 357
427 357 434 355
411 359 408 360
418 359 419 360
421 359 421 358
423 359 423 360
393 360 393 358
395 360 402 361
411 360 408 361
418 360 418 361
420 360 420 361
421 360 422 361
423 360 424 361
