427 314 420 323
425 316 418 325
425 318 417 327
423 319 416 328
425 319 417 328
421 321 414 330
423 321 415 330
425 321 417 330
421 323 413 331
423 323 414 332
432 323 421 330
434 323 422 330
425 326 414 334
427 326 416 334
437 326 423 333
379 328 372 321
421 328 411 337
425 328 414 335
427 328 415 335
436 328 422 334
437 328 423 334
436 330 421 335
434 332 419 337
436 332 420 337
439 332 423 336
434 334 419 339
439 334 422 338
382 335 374 325
432 335 416 340
434 335 418 340
437 335 420 340
432 337 416 342
423 339 409 344
421 341 407 346
432 342 414 345
421 346 406 349
