409 309 410 314
411 309 411 313
412 309 413 314
414 309 414 317
418 309 417 317
420 309 419 317
425 309 423 317
427 309 424 317
429 309 426 317
430 309 426 314
432 309 428 314
434 309 430 313
436 309 431 314
437 309 433 314
409 310 409 320
411 310 411 319
414 310 414 318
416 310 415 318
418 310 417 318
420 310 418 319
423 310 421 318
425 310 422 318
427 310 424 318
432 310 428 317
434 310 429 316
436 310 431 315
437 310 433 315
411 312 410 321
412 312 412 321
414 312 413 319
416 312 415 319
418 312 416 320
420 312 418 320
423 312 420 320
425 312 422 320
427 312 423 320
429 312 425 319
432 312 427 319
434 312 429 319
407 314 406 321
409 314 409 322
411 314 410 323
414 314 413 322
416 314 414 322
418 314 416 322
420 314 417 322
423 314 420 321
425 314 421 321
427 314 423 321
429 314 424 321
432 314 427 321
434 314 428 321
436 314 430 322
439 314 434 319
393 316 392 325
395 316 394 325
409 316 408 324
411 316 409 324
414 316 412 324
416 316 413 323
418 316 415 323
420 316 417 324
423 316 419 323
425 316 421 323
427 316 423 323
429 316 424 323
436 316 430 323
396 318 397 326
407 318 406 325
409 318 407 326
411 318 409 326
414 318 412 326
416 318 413 325
418 318 415 325
423 318 419 325
425 318 420 325
427 318 422 325
429 318 423 324
430 318 425 324
434 318 428 324
389 319 390 326
391 319 391 326
393 319 393 326
407 319 405 327
409 319 407 327
412 319 410 327
414 319 411 327
416 319 413 327
418 319 414 327
421 319 417 326
423 319 419 326
425 319 420 326
427 319 421 326
429 319 423 326
432 319 426 325
434 319 427 326
388 321 388 328
389 321 390 328
391 321 391 328
393 321 393 328
395 321 395 328
405 321 403 328
407 321 405 329
409 321 407 329
412 321 409 329
414 321 411 329
416 321 413 329
418 321 414 329
420 321 415 328
421 321 416 328
423 321 418 328
425 321 419 328
429 321 422 328
430 321 424 327
432 321 425 327
437 321 429 327
439 321 430 325
379 323 381 328
386 323 385 330
388 323 386 330
389 323 389 330
391 323 391 330
395 323 395 329
402 323 400 329
405 323 403 331
407 323 405 330
409 323 406 331
412 323 409 330
416 323 412 330
418 323 414 330
420 323 415 330
423 323 417 330
425 323 419 330
430 323 423 329
432 323 424 329
437 323 429 329
439 323 430 330
386 325 385 332
388 325 387 332
393 325 393 331
395 325 394 330
402 325 400 330
404 325 401 331
405 325 403 332
407 325 404 332
409 325 406 332
414 325 410 332
416 325 412 332
418 325 413 332
421 325 415 332
423 325 417 331
427 325 419 331
429 325 421 331
430 325 422 331
432 325 424 331
436 325 427 330
437 325 428 330
441 325 431 329
393 326 393 332
395 326 394 332
400 326 398 332
402 326 399 332
404 326 401 332
405 326 402 334
407 326 404 334
411 326 407 334
412 326 408 334
414 326 410 333
416 326 411 333
420 326 413 333
423 326 416 332
427 326 419 332
429 326 420 333
430 326 422 332
432 326 423 332
436 326 426 332
437 326 427 332
379 328 382 333
398 328 395 333
400 328 397 333
402 328 399 334
404 328 400 334
405 328 402 335
407 328 403 335
409 328 405 335
412 328 408 335
418 328 411 335
420 328 413 335
421 328 414 334
423 328 416 334
427 328 418 334
429 328 420 334
430 328 422 334
432 328 423 333
436 328 426 333
437 328 427 333
439 328 428 333
445 328 436 336
379 330 381 337
396 330 393 334
398 330 395 334
400 330 396 335
402 330 398 335
404 330 400 335
405 330 401 337
407 330 403 337
409 330 405 337
412 330 407 337
414 330 409 336
418 330 411 336
420 330 412 336
421 330 414 336
423 330 415 336
429 330 420 335
430 330 421 335
436 330 425 335
437 330 426 335
439 330 428 335
445 330 434 337
398 332 394 336
404 332 399 337
407 332 403 339
411 332 405 338
416 332 409 338
418 332 411 338
420 332 412 338
421 332 414 338
423 332 415 337
427 332 418 336
429 332 419 337
430 332 420 337
434 332 423 336
436 332 425 336
437 332 426 336
439 332 427 337
443 332 430 336
445 332 432 336
404 334 399 339
405 334 401 340
409 334 403 340
411 334 404 340
416 334 409 340
418 334 410 340
420 334 412 340
421 334 413 339
427 334 417 338
429 334 418 338
430 334 420 338
434 334 423 338
436 334 424 338
437 334 426 338
443 334 430 337
445 334 431 338
402 335 396 338
404 335 398 339
407 335 401 341
409 335 403 341
411 335 404 341
412 335 406 341
416 335 408 341
418 335 410 341
421 335 413 341
425 335 415 339
427 335 417 340
429 335 418 339
432 335 421 340
434 335 422 339
436 335 423 339
437 335 425 340
441 335 428 339
443 335 429 339
445 335 431 339
402 337 396 339
404 337 398 340
405 337 399 341
407 337 401 343
409 337 402 343
411 337 403 343
412 337 405 343
416 337 408 343
418 337 409 342
420 337 411 342
423 337 413 342
425 337 415 341
427 337 416 341
429 337 418 341
434 337 422 341
436 337 423 341
441 337 427 340
404 339 397 341
412 339 405 344
416 339 407 344
420 339 410 344
423 339 413 343
425 339 415 343
427 339 416 342
432 339 420 342
434 339 421 343
437 339 425 342
441 339 427 342
443 339 429 341
446 339 431 342
404 341 396 343
405 341 398 343
409 341 401 345
411 341 403 346
412 341 404 346
416 341 407 346
418 341 409 345
421 341 411 345
423 341 412 345
425 341 414 345
427 341 415 344
430 341 418 344
432 341 419 344
434 341 421 344
436 341 423 343
437 341 425 343
439 341 426 343
443 341 429 343
445 341 430 343
446 341 431 343
404 342 395 344
409 342 400 345
411 342 403 347
412 342 404 347
418 342 408 347
421 342 410 347
425 342 413 346
427 342 415 346
430 342 417 345
432 342 419 346
434 342 420 346
436 342 423 345
437 342 425 345
445 342 430 345
405 344 396 345
407 344 398 346
409 344 400 346
411 344 402 347
414 344 405 348
416 344 406 348
418 344 407 348
420 344 409 348
423 344 412 348
425 344 413 347
427 344 415 347
430 344 417 347
432 344 419 347
434 344 420 348
436 344 422 348
445 344 429 346
389 346 390 344
404 346 394 347
405 346 396 347
407 346 398 347
409 346 400 348
411 346 401 348
412 346 403 349
416 346 406 350
418 346 407 350
420 346 409 350
423 346 412 349
425 346 413 349
427 346 414 349
429 346 416 349
432 346 418 349
434 346 420 349
439 346 423 348
443 346 427 347
386 348 389 345
405 348 395 349
407 348 397 349
409 348 399 349
411 348 400 351
412 348 402 350
414 348 403 351
416 348 405 351
418 348 407 351
421 348 409 351
423 348 411 351
425 348 413 351
429 348 416 350
430 348 417 350
434 348 419 350
437 348 421 350
405 350 395 350
407 350 397 351
409 350 399 351
411 350 400 353
412 350 402 352
414 350 403 352
416 350 404 352
418 350 406 353
421 350 409 353
423 350 410 352
425 350 412 352
436 350 421 351
405 351 395 352
407 351 396 352
409 351 398 352
414 351 403 354
416 351 404 354
418 351 406 354
418 360 413 354
420 360 414 354
