409 309 409 313
411 309 411 316
414 309 413 314
427 309 424 315
429 309 426 315
430 309 427 312
432 309 429 313
434 309 431 313
436 309 432 313
437 309 434 313
409 310 409 317
411 310 411 318
412 310 412 318
416 310 415 316
418 310 417 317
420 310 419 317
421 310 420 317
425 310 423 317
427 310 424 317
430 310 427 316
434 310 430 315
436 310 432 315
411 312 410 319
412 312 412 319
416 312 415 318
418 312 416 318
420 312 418 319
421 312 419 319
425 312 422 319
427 312 424 319
429 312 425 318
430 312 427 318
434 312 430 318
436 312 432 317
437 312 433 317
395 314 394 321
409 314 408 321
411 314 410 321
412 314 411 321
416 314 414 321
418 314 416 320
420 314 418 320
421 314 419 320
425 314 422 320
427 314 423 320
429 314 425 320
430 314 426 320
434 314 429 320
436 314 431 320
437 314 433 320
391 316 391 323
395 316 395 322
396 316 397 322
407 316 406 322
409 316 408 323
411 316 409 323
412 316 411 323
416 316 414 323
418 316 416 322
420 316 417 322
423 316 420 322
425 316 422 322
429 316 425 322
430 316 426 322
434 316 429 322
436 316 431 322
439 316 434 322
393 318 393 323
395 318 394 324
396 318 397 324
407 318 406 324
409 318 407 324
411 318 409 324
414 318 412 324
416 318 414 325
418 318 415 324
420 318 417 324
423 318 419 324
425 318 421 324
427 318 423 324
429 318 424 324
430 318 426 324
389 319 389 325
391 319 391 325
393 319 393 325
395 319 394 325
407 319 406 326
409 319 407 326
411 319 409 326
414 319 412 326
416 319 413 326
418 319 415 325
420 319 416 326
423 319 419 325
425 319 421 325
427 319 422 326
429 319 424 325
432 319 427 325
393 321 393 326
395 321 394 327
396 321 396 328
398 321 398 327
405 321 404 327
407 321 405 327
409 321 407 327
411 321 408 328
414 321 411 328
418 321 414 327
420 321 416 328
423 321 419 327
425 321 420 327
430 321 424 327
432 321 426 327
391 323 391 328
396 323 396 329
398 323 397 330
402 323 400 328
404 323 402 329
405 323 404 329
407 323 405 329
409 323 406 329
411 323 408 329
416 323 413 329
418 323 414 329
421 323 417 329
423 323 418 329
425 323 420 329
430 323 424 329
432 323 425 329
389 325 389 330
395 325 394 329
398 325 397 331
400 325 399 332
402 325 400 330
404 325 401 330
405 325 403 331
407 325 404 331
409 325 406 331
414 325 410 331
416 325 412 331
418 325 414 331
421 325 416 330
423 325 418 331
429 325 422 331
430 325 424 331
432 325 425 331
393 326 392 331
395 326 394 331
396 326 395 331
404 326 401 332
405 326 402 332
407 326 404 333
409 326 406 332
411 326 407 333
412 326 409 332
414 326 410 332
416 326 411 332
418 326 413 332
421 326 416 333
425 326 419 332
427 326 421 331
430 326 424 332
402 328 399 333
404 328 400 333
405 328 402 334
407 328 404 334
409 328 405 334
414 328 410 334
416 328 411 334
420 328 414 334
421 328 415 334
423 328 417 333
425 328 419 333
429 328 422 333
430 328 423 333
432 328 425 333
434 328 426 333
398 330 395 333
400 330 396 333
402 330 399 335
404 330 400 335
405 330 402 336
407 330 403 336
411 330 407 336
414 330 410 336
416 330 411 335
420 330 413 336
421 330 415 336
423 330 417 335
425 330 418 335
429 330 421 335
432 330 424 335
434 330 426 335
436 330 427 335
398 332 394 335
400 332 396 335
404 332 400 337
405 332 402 338
407 332 403 338
412 332 408 337
414 332 409 337
418 332 411 337
420 332 413 338
423 332 417 337
425 332 418 337
430 332 422 336
432 332 424 337
434 332 426 337
386 334 381 329
395 334 389 334
396 334 391 334
398 334 395 336
400 334 396 337
404 334 400 339
405 334 401 340
409 334 404 339
412 334 407 339
414 334 409 339
418 334 411 339
421 334 414 339
423 334 416 339
427 334 419 338
429 334 420 338
430 334 422 338
432 334 423 338
434 334 425 338
437 334 428 338
386 335 381 330
393 335 387 334
396 335 391 336
404 335 398 337
409 335 404 340
411 335 405 340
412 335 407 340
414 335 408 340
418 335 411 341
420 335 413 340
421 335 414 340
423 335 415 340
429 335 420 340
430 335 422 340
432 335 423 340
436 335 426 339
437 335 427 340
391 337 385 335
393 337 387 335
395 337 388 336
396 337 392 338
398 337 394 338
404 337 398 339
405 337 401 341
409 337 403 342
411 337 405 342
412 337 406 342
414 337 408 342
420 337 412 342
421 337 414 342
423 337 415 342
427 337 418 341
429 337 419 341
430 337 421 341
432 337 423 341
436 337 426 341
439 337 428 341
395 339 388 337
396 339 390 338
398 339 393 340
402 339 396 341
404 339 398 341
405 339 400 341
407 339 401 344
409 339 403 344
411 339 404 344
412 339 406 344
418 339 410 344
420 339 412 344
421 339 413 343
423 339 415 343
427 339 418 342
429 339 419 343
430 339 421 343
434 339 424 343
437 339 427 343
439 339 428 342
388 341 380 334
393 341 386 339
396 341 390 340
402 341 395 343
404 341 397 343
405 341 399 343
411 341 404 345
412 341 405 345
414 341 407 345
418 341 410 345
420 341 411 345
421 341 413 345
423 341 415 345
427 341 417 344
429 341 419 344
432 341 421 345
434 341 423 345
436 341 425 344
437 341 426 344
439 341 428 344
388 342 380 336
395 342 388 341
396 342 390 341
402 342 395 344
404 342 397 344
405 342 398 345
407 342 400 345
409 342 402 345
414 342 407 347
418 342 410 347
420 342 411 347
421 342 413 347
427 342 417 346
429 342 418 346
432 342 421 346
434 342 422 347
436 342 424 346
437 342 426 346
389 344 381 338
391 344 383 339
398 344 391 343
402 344 394 345
404 344 396 346
405 344 398 346
407 344 400 346
409 344 401 347
411 344 403 348
412 344 405 348
416 344 408 348
418 344 409 348
420 344 411 348
425 344 415 348
427 344 417 348
429 344 418 348
434 344 422 349
391 346 382 340
393 346 385 342
398 346 390 344
404 346 396 347
405 346 397 348
407 346 399 348
409 346 401 348
411 346 403 349
414 346 406 350
416 346 407 350
418 346 409 350
420 346 410 350
421 346 412 349
425 346 414 350
427 346 416 349
391 348 382 341
396 348 387 345
398 348 389 345
400 348 391 346
402 348 394 348
407 348 399 350
409 348 401 351
411 348 402 351
414 348 405 351
416 348 407 352
418 348 408 351
421 348 412 351
425 348 414 352
427 348 416 352
430 348 418 352
432 348 420 352
396 350 387 346
398 350 389 347
400 350 391 347
405 350 396 350
407 350 398 350
412 350 403 353
414 350 405 353
416 350 406 353
418 350 408 353
420 350 410 353
421 350 412 353
425 350 414 353
427 350 415 353
398 351 389 348
400 351 391 348
407 351 398 352
409 351 399 352
411 351 401 354
412 351 403 355
414 351 404 354
416 351 406 355
420 351 410 355
423 351 412 354
425 351 414 354
412 353 403 356
414 353 404 356
418 353 407 356
420 353 409 356
418 355 407 357
