461 238 417 312
466 238 424 312
468 238 426 313
469 238 428 312
461 240 417 314
461 241 418 316
466 241 425 315
468 244 430 318
469 245 434 317
468 247 431 320
469 247 434 320
468 248 431 322
471 255 442 339
456 261 409 335
469 261 440 343
459 263 414 335
463 263 434 328
453 265 404 342
469 265 442 334
452 267 403 343
455 267 406 343
453 268 404 346
455 268 405 345
456 268 408 344
455 270 406 347
456 270 408 348
456 273 403 335
465 273 419 352
466 273 422 350
456 274 387 333
458 274 388 334
465 274 419 353
466 274 420 354
