464 240 411 307
462 242 407 307
463 242 408 308
462 243 406 308
466 243 414 311
462 244 405 310
464 244 408 312
466 244 413 313
462 246 404 311
463 246 406 312
464 246 409 314
462 249 402 313
463 249 404 315
466 249 408 317
462 250 399 314
466 250 407 318
460 252 397 314
462 252 398 315
460 253 395 316
462 253 397 316
463 253 402 318
471 253 434 332
459 254 393 316
462 254 396 318
464 254 402 321
471 254 434 333
459 256 392 318
466 256 404 322
462 257 395 321
463 257 397 322
464 257 399 323
456 259 388 319
460 259 394 322
456 260 387 320
457 262 390 324
459 262 392 325
460 262 393 326
456 263 387 324
457 269 386 330
474 269 400 342
456 270 383 331
457 270 385 332
459 270 387 333
460 270 389 334
457 271 384 334
459 271 386 335
474 273 399 330
476 273 401 330
477 273 405 332
