463 236 462 238
464 236 463 238
469 236 467 238
470 236 468 238
471 236 470 238
466 237 465 240
469 237 466 240
470 237 468 240
471 237 470 240
466 239 465 241
470 239 468 241
471 239 470 241
466 240 465 243
467 240 466 242
471 240 470 242
464 242 464 244
466 242 465 244
467 242 466 244
470 242 468 244
471 242 471 244
462 243 462 246
466 243 465 246
467 243 466 246
470 243 468 245
471 243 470 245
462 244 461 247
464 244 464 247
466 244 465 247
467 244 466 247
470 244 468 246
471 244 471 247
462 246 461 248
463 246 462 248
464 246 464 248
466 246 465 248
467 246 466 248
470 246 468 248
471 246 470 248
462 247 461 250
463 247 462 250
464 247 463 250
466 247 465 250
469 247 467 249
470 247 468 249
471 247 470 249
466 249 465 251
469 249 467 251
471 249 470 251
462 250 461 253
466 250 465 252
470 250 469 252
471 250 470 252
460 252 459 255
462 252 461 254
463 252 462 254
464 252 463 254
469 252 467 254
470 252 469 254
471 252 471 254
460 253 459 256
462 253 460 256
463 253 462 256
464 253 463 256
467 253 466 254
469 253 468 255
470 253 469 255
471 253 471 255
459 254 458 257
462 254 460 257
463 254 462 257
464 254 463 257
466 254 464 258
469 254 467 257
470 254 469 257
471 254 470 256
456 256 455 259
457 256 457 258
459 256 458 259
463 256 462 259
466 256 464 260
470 256 469 258
471 256 470 258
456 257 455 260
459 257 458 260
463 257 462 260
467 257 466 261
470 257 470 259
456 259 455 261
457 259 456 261
459 259 458 261
460 259 459 261
462 259 460 261
466 259 465 263
467 259 468 261
456 260 455 263
457 260 456 262
466 260 465 264
467 260 468 262
469 260 469 262
457 262 456 264
459 262 458 264
460 262 459 264
462 262 461 264
469 262 469 264
456 263 455 266
457 263 456 266
459 263 458 266
460 263 459 265
466 263 465 266
467 263 466 266
456 264 455 267
457 264 457 267
459 264 458 267
460 264 459 267
462 264 461 265
463 264 462 266
464 264 464 267
466 264 465 267
467 264 466 267
469 264 469 268
456 266 455 269
457 266 456 269
459 266 458 269
460 266 459 269
462 266 461 268
463 266 462 268
464 266 463 269
466 266 465 269
456 267 455 270
457 267 456 270
459 267 458 270
460 267 459 270
462 267 461 270
463 267 462 270
464 267 463 270
466 267 465 270
469 267 468 270
470 267 470 270
473 267 471 269
456 269 455 271
457 269 457 272
459 269 458 272
460 269 460 272
471 269 471 271
473 269 473 271
474 269 474 271
476 269 476 272
456 270 456 273
459 270 458 273
460 270 460 273
463 270 462 273
464 270 463 273
466 270 465 273
467 270 467 273
469 270 468 273
470 270 470 273
473 270 473 272
474 270 474 273
477 270 477 273
479 270 479 273
459 271 459 274
462 271 461 274
463 271 462 274
464 271 464 274
466 271 465 274
467 271 467 274
469 271 468 275
470 271 470 274
471 271 471 274
477 271 477 275
479 271 479 274
469 273 468 276
470 273 470 276
471 273 471 275
473 273 472 276
474 273 474 276
