471 236 458 255
469 239 453 258
471 240 458 258
471 247 456 260
471 252 457 271
471 253 457 273
471 254 457 274
466 257 451 275
469 257 456 272
463 259 449 276
462 260 447 278
464 260 450 278
469 262 457 277
469 263 457 279
456 264 450 283
469 264 457 280
456 266 450 285
469 266 456 282
470 266 458 282
456 267 450 286
460 267 452 285
464 267 456 285
473 267 460 282
456 269 450 288
457 269 452 288
463 269 455 286
464 269 457 287
471 269 460 284
473 269 461 284
474 269 471 287
479 269 476 286
456 270 451 290
457 270 452 290
459 270 454 290
464 270 457 288
466 270 459 288
477 270 475 287
479 270 477 287
481 270 485 286
457 271 453 292
459 271 455 292
462 271 457 292
464 271 457 290
466 271 460 290
467 271 461 290
469 271 463 290
470 271 465 291
473 271 468 290
474 271 470 290
476 271 471 290
477 271 475 292
479 271 477 292
469 273 463 292
470 273 465 292
471 273 467 292
473 273 468 292
474 273 470 293
476 273 473 294
477 273 475 294
479 273 478 294
