463 236 461 247
466 236 463 247
467 247 460 259
470 249 462 256
471 249 465 257
470 250 463 259
459 252 456 262
457 253 454 263
471 253 465 262
456 254 453 264
457 254 454 264
459 254 456 264
464 254 457 265
466 254 458 265
469 254 463 263
470 254 464 263
471 254 465 263
456 256 453 266
457 256 454 266
463 256 456 266
464 256 457 266
470 256 464 265
471 256 465 265
456 257 453 267
463 257 456 267
464 257 457 268
471 257 465 267
463 259 456 269
464 259 457 269
469 259 463 266
470 259 465 267
456 260 451 270
462 260 454 270
463 260 456 270
466 260 459 269
467 260 461 269
469 260 463 269
466 262 460 270
467 262 462 270
469 262 463 270
463 263 457 272
464 263 459 272
466 263 460 272
467 263 462 272
463 264 457 273
464 264 458 273
466 264 460 273
467 264 461 273
464 266 458 275
466 266 459 275
467 266 461 275
471 266 465 275
456 267 453 278
457 267 454 278
464 267 461 278
470 267 464 276
471 267 465 276
473 267 467 276
456 269 453 280
460 269 457 279
462 269 458 279
463 269 459 279
464 269 461 279
467 269 464 279
470 269 464 278
473 269 467 278
474 269 468 278
479 269 476 279
456 270 453 281
457 270 455 281
460 270 457 281
462 270 458 281
463 270 459 280
464 270 461 280
466 270 463 280
479 270 476 281
457 271 455 283
459 271 457 283
460 271 458 282
466 271 463 282
467 271 464 282
469 271 466 282
477 271 476 284
469 273 466 284
470 273 468 284
471 273 470 284
473 273 471 284
474 273 473 286
476 273 475 285
