463 236 462 238
464 236 463 238
466 237 465 240
466 239 465 241
466 240 465 243
467 240 466 242
466 242 465 244
467 242 466 244
470 242 468 244
467 243 466 246
470 243 468 245
470 244 468 246
470 246 468 248
471 246 470 248
470 247 468 249
471 247 470 249
471 249 470 251
471 250 470 252
469 252 467 254
470 252 469 254
469 253 468 255
470 253 469 255
471 253 471 255
466 254 464 258
469 254 467 257
470 254 469 257
471 254 470 256
466 256 464 260
470 256 469 258
471 256 470 258
467 257 466 261
470 257 470 259
467 259 468 261
467 260 468 262
469 260 469 262
469 262 469 264
459 263 458 266
466 263 465 266
467 263 466 266
459 264 458 267
463 264 462 266
464 264 464 267
469 264 469 268
457 266 456 269
462 267 461 270
463 267 462 270
470 267 470 270
473 267 471 269
457 269 457 272
459 269 458 272
460 269 460 272
473 269 473 271
474 269 474 271
476 269 476 272
456 270 456 273
459 270 458 273
460 270 460 273
477 270 477 273
479 270 479 273
459 271 459 274
462 271 461 274
463 271 462 274
464 271 464 274
477 271 477 275
479 271 479 274
