411 304 411 303
412 304 412 303
414 304 413 303
419 304 417 303
420 304 419 303
422 304 421 303
425 304 425 303
427 304 426 303
415 305 416 305
417 305 417 305
425 305 425 305
427 305 427 305
429 305 428 305
409 307 409 307
411 307 411 307
412 307 412 307
414 307 414 307
415 307 416 307
417 307 417 307
419 307 419 307
420 307 420 307
422 307 422 307
424 307 424 307
425 307 425 307
427 307 427 307
429 307 428 307
406 309 406 309
412 309 412 309
414 309 414 309
415 309 415 309
417 309 417 309
419 309 419 309
424 309 424 309
425 309 425 309
427 309 427 309
429 309 429 309
430 309 430 309
407 310 407 310
409 310 409 310
415 310 416 310
417 310 417 310
419 310 419 310
422 310 422 310
424 310 424 310
425 310 425 310
427 310 427 310
430 310 430 310
406 312 406 312
407 312 407 312
411 312 411 312
412 312 412 312
414 312 414 312
417 312 417 312
419 312 419 312
420 312 420 312
422 312 422 312
427 312 427 312
429 312 429 312
404 314 404 314
406 314 406 314
407 314 407 314
409 314 409 314
412 314 412 314
415 314 415 314
417 314 417 314
419 314 419 314
420 314 420 314
424 314 424 314
425 314 425 314
427 314 427 314
429 314 429 313
430 314 430 313
373 315 372 315
386 315 386 315
404 315 404 315
406 315 406 315
407 315 407 315
409 315 409 315
414 315 414 315
420 315 420 315
422 315 422 315
424 315 424 315
429 315 429 315
430 315 430 315
373 317 372 317
378 317 378 317
379 317 379 317
384 317 384 317
386 317 386 317
389 317 389 317
404 317 404 317
406 317 406 317
412 317 412 317
415 317 415 317
417 317 417 317
419 317 419 317
420 317 420 317
422 317 422 317
424 317 424 317
425 317 425 316
373 319 372 318
374 319 375 319
376 319 376 319
379 319 379 319
383 319 383 319
388 319 388 319
389 319 389 319
391 319 391 319
393 319 392 319
394 319 394 319
396 319 396 319
404 319 404 319
406 319 406 319
407 319 407 319
409 319 409 319
411 319 411 319
414 319 414 319
415 319 415 319
417 319 417 319
419 319 419 319
420 319 420 319
422 319 422 319
424 319 424 319
425 319 425 318
434 319 433 318
373 320 373 320
374 320 374 320
379 320 379 320
386 320 386 320
388 320 388 320
389 320 389 320
394 320 394 320
396 320 396 320
397 320 397 320
399 320 399 320
402 320 402 320
407 320 407 320
409 320 409 320
411 320 411 320
414 320 414 320
415 320 415 320
417 320 417 320
419 320 419 320
420 320 420 320
422 320 422 320
424 320 424 320
429 320 429 320
430 320 430 320
432 320 432 320
434 320 433 320
373 322 373 322
374 322 374 322
378 322 378 322
381 322 381 321
383 322 383 322
384 322 384 322
386 322 386 322
388 322 388 322
389 322 389 322
393 322 393 322
394 322 394 322
396 322 396 322
402 322 402 322
404 322 404 322
406 322 406 322
409 322 409 322
411 322 411 322
414 322 414 322
415 322 415 322
417 322 417 322
419 322 419 322
420 322 420 322
422 322 422 322
424 322 424 322
430 322 430 323
432 322 432 322
434 322 433 322
373 324 372 323
374 324 374 323
378 324 378 323
379 324 379 323
381 324 381 323
383 324 383 323
384 324 384 324
386 324 386 324
388 324 388 324
389 324 389 323
391 324 391 324
393 324 393 323
394 324 394 324
397 324 397 324
399 324 399 324
401 324 401 324
404 324 404 324
406 324 406 323
407 324 407 324
409 324 409 323
411 324 411 323
412 324 412 323
414 324 414 323
415 324 416 324
417 324 417 324
419 324 419 324
420 324 420 324
422 324 422 323
424 324 424 324
425 324 425 323
429 324 429 324
432 324 432 323
434 324 433 324
373 325 372 324
376 325 376 325
378 325 378 325
379 325 379 325
393 325 392 325
394 325 394 325
396 325 396 325
399 325 399 325
401 325 401 325
402 325 402 325
404 325 404 325
406 325 406 325
407 325 407 325
409 325 409 325
411 325 411 325
412 325 412 325
414 325 414 325
415 325 415 325
417 325 417 325
419 325 419 325
420 325 420 325
422 325 422 325
424 325 424 325
425 325 425 325
427 325 427 325
434 325 433 325
435 325 435 325
373 327 372 326
374 327 374 327
376 327 376 327
379 327 379 327
381 327 381 327
383 327 383 327
384 327 384 327
386 327 386 327
388 327 388 327
389 327 389 327
391 327 391 327
394 327 394 327
399 327 399 327
401 327 401 327
402 327 402 327
404 327 404 327
406 327 406 327
407 327 407 327
409 327 409 327
411 327 411 327
412 327 412 327
414 327 414 327
415 327 415 327
417 327 417 327
419 327 419 327
420 327 420 327
422 327 422 327
424 327 424 327
425 327 425 327
427 327 427 327
432 327 432 327
434 327 433 327
435 327 435 327
373 328 372 328
379 328 379 328
383 328 383 328
386 328 386 328
388 328 388 328
389 328 389 328
391 328 391 328
393 328 392 328
394 328 394 328
397 328 397 328
399 328 399 328
401 328 401 328
402 328 402 328
404 328 404 328
406 328 406 328
407 328 407 328
409 328 409 328
411 328 411 328
412 328 412 328
414 328 414 328
415 328 416 328
417 328 417 328
419 328 419 328
420 328 420 328
422 328 422 328
424 328 424 328
425 328 425 328
427 328 427 328
429 328 428 328
432 328 432 328
434 328 434 328
435 328 435 328
373 330 372 330
376 330 376 330
378 330 378 330
383 330 383 330
384 330 384 330
386 330 386 330
388 330 388 330
389 330 389 330
391 330 391 330
393 330 393 330
394 330 394 330
397 330 397 330
401 330 401 330
402 330 402 330
404 330 404 330
406 330 406 330
407 330 407 330
409 330 409 330
411 330 411 330
412 330 412 330
414 330 414 330
415 330 416 330
417 330 417 330
419 330 419 330
420 330 420 330
422 330 422 330
424 330 424 330
425 330 425 330
427 330 427 330
429 330 429 330
432 330 432 330
434 330 433 330
435 330 435 330
374 332 374 332
376 332 376 332
379 332 379 332
383 332 383 332
384 332 384 332
388 332 388 332
389 332 389 332
394 332 394 332
396 332 396 332
397 332 397 332
399 332 399 332
402 332 402 332
404 332 404 332
407 332 407 332
409 332 409 332
411 332 411 332
412 332 412 332
414 332 414 332
415 332 415 332
417 332 417 332
419 332 419 332
420 332 420 332
422 332 422 332
424 332 424 332
425 332 425 332
427 332 427 332
429 332 429 332
430 332 430 332
434 332 434 332
435 332 435 332
374 333 374 333
376 333 376 333
378 333 378 333
379 333 379 333
381 333 381 333
383 333 383 333
384 333 384 333
386 333 386 333
388 333 388 333
389 333 389 333
391 333 391 333
393 333 393 333
394 333 394 333
396 333 396 333
397 333 397 333
401 333 401 333
402 333 402 333
404 333 404 333
406 333 406 333
407 333 407 333
409 333 409 333
411 333 411 333
412 333 412 333
414 333 414 333
415 333 415 333
417 333 417 333
419 333 419 333
420 333 420 333
422 333 422 333
424 333 424 333
425 333 425 333
427 333 427 333
429 333 429 333
430 333 430 333
432 333 432 333
376 335 376 335
378 335 378 335
379 335 379 335
381 335 381 335
383 335 383 335
384 335 384 335
386 335 386 335
388 335 388 335
389 335 389 335
391 335 391 335
393 335 393 335
396 335 396 335
397 335 397 335
401 335 401 335
402 335 402 335
404 335 404 335
406 335 406 335
407 335 407 335
409 335 409 335
411 335 411 335
412 335 412 335
414 335 414 335
415 335 415 335
417 335 417 335
419 335 419 335
420 335 420 335
422 335 422 335
424 335 424 335
425 335 425 335
427 335 427 335
429 335 429 335
430 335 430 335
432 335 433 334
379 337 379 337
381 337 381 337
383 337 383 337
384 337 384 337
386 337 386 337
388 337 388 337
389 337 389 337
391 337 391 337
393 337 393 337
394 337 394 337
396 337 396 337
399 337 399 337
401 337 401 337
402 337 402 337
404 337 404 337
406 337 406 337
407 337 407 337
409 337 409 337
411 337 411 337
412 337 412 337
414 337 414 337
415 337 416 337
417 337 417 337
419 337 419 337
420 337 420 337
422 337 422 337
424 337 424 337
425 337 425 337
427 337 427 337
430 337 430 336
379 338 379 338
383 338 383 338
386 338 386 338
389 338 389 338
391 338 391 338
393 338 392 338
394 338 394 338
396 338 396 338
399 338 399 338
401 338 401 338
402 338 402 338
404 338 404 338
406 338 406 338
407 338 407 338
409 338 409 338
411 338 411 338
412 338 412 338
414 338 414 338
415 338 415 338
417 338 417 338
419 338 419 338
420 338 420 338
422 338 422 338
424 338 424 338
425 338 425 338
427 338 427 338
429 338 429 338
430 338 430 338
384 340 384 340
386 340 386 340
388 340 388 340
389 340 389 340
391 340 391 340
393 340 393 340
394 340 394 340
397 340 397 340
399 340 399 340
401 340 401 340
402 340 402 340
404 340 404 340
406 340 406 340
407 340 407 340
409 340 409 340
411 340 411 340
412 340 412 340
414 340 414 340
415 340 416 340
417 340 417 340
419 340 419 340
420 340 420 340
422 340 422 340
424 340 424 340
425 340 425 340
427 340 427 340
384 342 384 342
386 342 386 342
388 342 388 342
389 342 389 342
391 342 391 342
393 342 392 342
396 342 396 341
397 342 397 342
399 342 399 342
401 342 401 342
402 342 402 342
404 342 404 342
406 342 406 342
407 342 407 342
409 342 409 342
411 342 411 342
412 342 412 342
414 342 414 342
415 342 416 342
417 342 417 342
419 342 419 342
420 342 420 342
422 342 422 342
424 342 424 342
386 343 386 343
388 343 388 343
389 343 389 343
391 343 391 343
393 343 393 343
394 343 394 343
396 343 396 343
397 343 397 343
399 343 399 343
401 343 401 343
402 343 402 343
404 343 404 343
406 343 406 343
407 343 407 343
409 343 409 343
411 343 411 343
412 343 412 343
414 343 414 343
415 343 415 343
417 343 417 343
419 343 419 343
420 343 420 343
422 343 422 343
388 345 388 345
389 345 389 345
391 345 391 345
393 345 392 345
394 345 394 345
396 345 396 345
397 345 397 345
399 345 399 345
401 345 401 345
402 345 402 345
404 345 404 345
406 345 406 345
407 345 407 345
409 345 409 345
411 345 411 345
412 345 412 345
414 345 414 345
415 345 415 345
417 345 417 345
419 345 419 345
420 345 420 345
389 346 389 346
391 346 391 347
393 346 393 347
394 346 394 346
396 346 396 346
397 346 397 347
399 346 399 346
401 346 401 347
402 346 402 347
404 346 404 346
406 346 406 347
407 346 407 346
409 346 409 346
411 346 411 346
412 346 412 346
414 346 414 347
415 346 415 346
417 346 417 346
391 348 391 348
393 348 393 348
394 348 394 348
396 348 396 348
397 348 397 348
399 348 399 348
401 348 401 348
402 348 402 348
404 348 404 348
406 348 406 348
407 348 407 348
409 348 409 348
411 348 411 348
412 348 412 348
414 348 414 348
415 348 415 348
417 348 416 348
394 350 394 350
397 350 397 350
399 350 399 350
401 350 401 350
402 350 402 350
404 350 404 350
406 350 406 350
407 350 407 350
409 350 409 350
411 350 411 350
412 350 412 350
394 351 394 351
396 351 396 351
397 351 397 351
399 351 399 351
401 351 401 351
402 351 402 351
404 351 404 351
406 351 405 351
407 351 407 351
409 351 409 351
411 351 411 351
