460 285 422 316
462 285 424 316
469 285 432 313
456 287 416 315
458 287 420 318
462 287 423 318
463 287 425 319
467 287 428 318
469 287 430 319
456 289 417 319
458 289 419 320
460 289 421 320
462 289 422 320
463 289 424 320
465 289 426 321
467 289 428 321
456 291 416 321
458 291 418 321
460 291 420 321
462 291 422 322
463 291 423 322
465 291 425 322
469 291 429 323
456 292 416 322
458 292 417 323
460 292 419 323
462 292 421 323
463 292 423 323
465 292 425 324
467 292 426 324
469 292 428 325
470 292 429 325
456 294 415 324
458 294 416 324
460 294 418 325
462 294 420 325
463 294 422 325
465 294 424 325
467 294 425 326
469 294 427 326
470 294 429 327
455 296 412 325
456 296 414 325
458 296 416 326
460 296 418 327
462 296 419 327
463 296 421 327
465 296 423 327
467 296 424 328
469 296 426 328
470 296 428 328
472 296 430 330
429 298 389 324
455 298 412 327
456 298 413 327
458 298 415 328
460 298 417 328
462 298 419 329
463 298 421 328
465 298 422 329
467 298 424 329
469 298 426 330
470 298 427 330
472 298 429 331
420 299 411 317
427 299 417 314
453 299 410 323
455 299 411 329
456 299 413 329
458 299 414 329
460 299 416 329
467 299 423 331
469 299 425 331
472 299 429 332
422 301 411 319
425 301 414 316
427 301 416 316
455 301 410 330
456 301 412 331
458 301 414 331
460 301 416 331
463 301 418 332
469 301 424 333
470 301 425 333
472 301 427 333
436 303 390 326
437 303 392 327
439 303 393 327
441 303 396 328
443 303 398 329
446 303 400 328
455 303 410 332
456 303 411 332
458 303 413 332
462 303 416 334
463 303 417 334
465 303 419 334
467 303 421 334
469 303 423 334
470 303 425 335
472 303 426 335
474 303 428 335
476 303 430 335
432 305 388 327
434 305 389 327
439 305 393 329
441 305 396 330
443 305 397 331
444 305 399 331
446 305 400 330
448 305 401 330
455 305 409 334
456 305 411 334
460 305 413 334
462 305 415 335
463 305 417 335
465 305 419 335
467 305 421 335
469 305 422 336
470 305 424 336
472 305 426 336
474 305 428 337
476 305 429 337
434 306 388 330
436 306 390 330
437 306 391 330
439 306 393 331
441 306 395 332
448 306 401 333
450 306 402 334
451 306 404 334
453 306 406 335
455 306 407 335
456 306 409 335
458 306 411 336
460 306 413 336
462 306 415 337
463 306 416 337
465 306 418 337
467 306 420 337
469 306 422 338
470 306 423 338
472 306 425 338
474 306 427 338
476 306 428 338
477 306 430 339
432 308 403 331
436 308 390 331
437 308 391 332
439 308 393 332
444 308 397 334
446 308 398 335
448 308 400 335
450 308 402 336
451 308 403 336
453 308 405 337
455 308 406 337
456 308 409 337
458 308 411 337
460 308 412 338
462 308 414 338
463 308 415 339
465 308 417 339
467 308 419 339
469 308 421 339
470 308 422 340
472 308 424 340
474 308 426 340
476 308 428 340
477 308 429 340
416 310 381 329
432 310 402 333
434 310 404 333
443 310 395 334
446 310 398 337
448 310 399 337
450 310 401 338
451 310 403 338
453 310 404 338
455 310 406 339
456 310 408 339
458 310 409 339
460 310 411 339
462 310 413 340
463 310 415 340
465 310 417 340
467 310 418 341
469 310 420 341
470 310 422 341
474 310 425 342
476 310 427 342
477 310 429 342
416 312 381 330
443 312 394 336
450 312 401 340
451 312 402 340
453 312 403 340
455 312 405 340
456 312 407 340
458 312 409 341
460 312 411 341
462 312 412 341
463 312 414 342
465 312 416 342
467 312 418 342
469 312 419 342
470 312 421 343
474 312 425 343
476 312 426 343
477 312 428 344
444 313 395 337
446 313 396 338
451 313 401 341
453 313 403 341
456 313 406 342
458 313 408 342
460 313 410 342
462 313 412 342
463 313 413 344
465 313 415 343
467 313 417 344
469 313 419 344
470 313 420 344
472 313 422 345
416 315 381 333
443 315 393 338
444 315 394 339
448 315 398 340
453 315 402 343
458 315 407 344
460 315 409 344
462 315 411 344
465 315 415 345
467 315 416 345
469 315 418 346
470 315 420 346
418 317 383 335
425 317 392 338
450 317 399 342
456 317 405 345
458 317 407 345
460 317 408 346
463 317 412 346
465 317 414 346
467 317 415 347
469 317 417 347
418 318 382 336
448 318 396 343
450 318 397 343
455 318 403 346
456 318 404 347
458 318 406 347
463 318 411 347
465 318 413 348
467 318 415 348
469 318 417 349
422 320 386 338
439 320 404 344
441 320 406 343
450 320 397 345
451 320 398 345
453 320 400 345
455 320 402 345
456 320 404 348
458 320 405 348
467 320 414 350
420 322 384 339
422 322 385 339
423 322 387 339
451 322 398 346
453 322 399 347
456 322 403 350
458 322 404 350
460 322 406 350
462 322 408 351
423 324 386 341
432 324 395 348
444 324 391 345
450 324 396 347
451 324 397 348
453 324 399 348
456 324 402 351
458 324 403 352
460 324 405 352
462 324 407 352
463 324 423 344
465 324 424 345
467 324 412 353
422 325 385 344
423 325 385 343
425 325 387 343
432 325 394 350
448 325 393 348
455 325 399 352
456 325 401 353
458 325 403 353
460 325 404 353
462 325 406 354
425 327 387 345
453 327 398 351
456 327 400 354
458 327 402 355
460 327 404 355
