458 287 420 312
460 287 423 313
462 287 425 313
463 287 428 313
465 287 430 313
467 287 431 314
456 289 418 314
458 289 420 314
460 289 423 315
462 289 424 315
465 289 429 316
467 289 431 316
469 289 433 316
456 291 418 316
458 291 420 316
460 291 422 317
462 291 424 317
463 291 427 317
465 291 429 318
467 291 431 318
469 291 433 318
456 292 417 317
458 292 419 318
460 292 422 318
462 292 424 319
463 292 427 319
465 292 429 319
467 292 431 320
469 292 433 320
470 292 435 320
455 294 414 317
456 294 416 317
458 294 419 320
460 294 421 320
462 294 423 320
463 294 427 320
465 294 428 321
467 294 431 322
470 294 434 322
453 296 411 319
455 296 414 319
456 296 416 319
458 296 419 322
460 296 421 322
462 296 423 322
463 296 425 323
465 296 428 323
470 296 434 324
455 298 414 322
456 298 415 322
458 298 418 323
460 298 421 324
462 298 422 324
463 298 425 324
467 298 430 326
469 298 432 326
470 298 434 326
472 298 436 326
474 298 440 325
451 299 406 321
453 299 411 323
455 299 413 324
456 299 415 324
460 299 420 325
462 299 422 326
463 299 425 326
467 299 429 327
469 299 431 328
470 299 433 328
472 299 435 328
451 301 407 324
460 301 420 327
462 301 422 328
463 301 424 328
469 301 431 329
470 301 433 330
472 301 435 330
439 303 393 322
441 303 396 324
444 303 398 324
446 303 400 324
448 303 402 324
450 303 405 326
451 303 407 326
455 303 412 327
456 303 415 328
458 303 417 328
462 303 422 330
463 303 423 330
465 303 425 331
467 303 427 331
469 303 430 331
470 303 432 332
472 303 435 332
474 303 437 332
420 305 379 323
423 305 381 323
425 305 383 323
432 305 386 324
436 305 390 324
437 305 391 324
439 305 393 325
441 305 396 326
443 305 397 326
448 305 402 326
450 305 405 328
451 305 407 328
453 305 409 329
455 305 412 330
456 305 414 330
458 305 416 330
460 305 418 331
462 305 421 332
463 305 423 333
465 305 425 333
467 305 427 333
472 305 435 334
420 306 379 324
422 306 380 325
425 306 383 325
432 306 386 325
436 306 390 325
437 306 391 326
439 306 393 327
441 306 396 328
443 306 397 327
446 306 400 328
448 306 403 329
450 306 404 330
453 306 408 330
456 306 414 332
458 306 415 332
460 306 418 332
462 306 420 332
463 306 423 335
465 306 425 335
467 306 427 335
472 306 434 336
422 308 380 327
423 308 382 327
427 308 384 327
434 308 387 327
437 308 392 328
439 308 394 329
441 308 395 329
443 308 397 329
444 308 398 330
446 308 400 330
448 308 402 330
450 308 404 332
451 308 406 332
453 308 408 332
458 308 415 334
460 308 418 334
462 308 420 335
465 308 425 337
467 308 427 337
469 308 429 337
472 308 433 338
422 310 380 329
423 310 381 329
427 310 384 329
429 310 385 329
432 310 388 330
434 310 390 331
436 310 391 330
439 310 394 331
441 310 395 331
443 310 397 331
444 310 398 332
446 310 400 333
448 310 402 333
458 310 414 336
460 310 417 336
462 310 419 337
463 310 421 337
465 310 424 339
467 310 426 339
469 310 428 339
474 310 436 341
420 312 379 331
422 312 380 330
423 312 381 331
429 312 385 331
430 312 387 332
432 312 389 333
436 312 391 332
441 312 395 333
443 312 396 334
444 312 398 334
448 312 401 334
450 312 403 335
456 312 411 337
458 312 414 338
460 312 416 338
462 312 419 338
463 312 420 338
467 312 426 341
474 312 435 343
429 313 385 333
430 313 387 334
443 313 396 335
444 313 398 336
446 313 399 336
448 313 401 336
450 313 403 336
451 313 405 337
453 313 407 338
455 313 409 338
456 313 411 339
458 313 414 339
460 313 416 340
462 313 418 340
463 313 420 340
470 313 431 343
430 315 387 336
432 315 388 336
434 315 390 336
436 315 392 336
444 315 398 338
446 315 400 338
448 315 401 338
450 315 403 338
451 315 405 339
453 315 407 340
455 315 409 340
458 315 413 341
460 315 416 342
462 315 418 342
463 315 420 342
465 315 422 342
469 315 427 344
470 315 431 344
430 317 386 338
432 317 388 338
434 317 390 338
446 317 399 340
448 317 401 340
450 317 402 341
451 317 404 341
453 317 407 342
455 317 409 342
458 317 413 343
460 317 415 343
462 317 418 344
463 317 420 344
465 317 422 344
467 317 424 345
427 318 384 339
432 318 388 340
434 318 390 340
444 318 397 341
446 318 399 342
448 318 401 342
450 318 403 343
451 318 404 343
453 318 406 343
455 318 409 345
456 318 410 345
458 318 412 345
460 318 415 345
462 318 417 346
463 318 419 346
465 318 422 346
467 318 424 347
427 320 384 341
429 320 385 341
430 320 387 342
436 320 391 342
448 320 401 344
456 320 410 346
458 320 412 346
460 320 414 347
462 320 417 347
463 320 419 348
465 320 422 348
430 322 387 344
432 322 388 344
434 322 390 344
436 322 390 344
437 322 392 345
443 322 396 345
444 322 398 346
446 322 400 346
450 322 402 346
451 322 403 345
453 322 405 346
455 322 407 347
456 322 409 348
458 322 412 349
460 322 414 349
462 322 416 349
463 322 419 350
465 322 420 350
429 324 386 346
432 324 388 346
434 324 390 346
436 324 392 347
439 324 394 347
443 324 396 347
444 324 398 348
446 324 400 348
448 324 401 348
451 324 404 349
453 324 405 349
455 324 407 349
456 324 409 350
458 324 411 351
460 324 414 351
462 324 416 351
465 324 420 352
429 325 386 348
432 325 388 348
434 325 390 348
436 325 392 349
439 325 394 349
441 325 395 349
446 325 399 350
448 325 401 350
450 325 402 350
453 325 405 351
455 325 407 351
456 325 409 351
458 325 411 352
429 327 385 350
432 327 388 350
434 327 390 350
439 327 394 351
441 327 395 351
443 327 397 351
446 327 399 352
448 327 401 352
450 327 402 352
451 327 404 353
455 327 407 353
456 327 408 353
458 327 410 354
460 327 412 354
434 329 390 352
436 329 391 352
443 329 397 353
451 329 404 355
455 329 407 355
456 329 408 355
458 329 410 356
460 329 412 356
451 331 403 357
455 331 406 357
456 331 408 357
446 332 399 358
