460 285 423 312
467 285 430 311
469 285 433 312
458 287 420 315
460 287 422 315
462 287 424 315
467 287 430 315
456 289 418 316
458 289 420 317
460 289 422 317
462 289 424 318
463 289 426 317
465 289 428 317
467 289 430 318
458 291 419 318
460 291 421 319
462 291 423 319
463 291 426 318
467 291 430 321
469 291 432 320
456 292 416 318
458 292 419 320
460 292 421 321
462 292 423 321
463 292 425 321
465 292 427 322
467 292 429 322
469 292 431 322
470 292 432 322
456 294 415 320
458 294 418 322
460 294 420 322
462 294 422 323
467 294 428 324
469 294 430 325
455 296 413 322
456 296 415 322
458 296 418 324
460 296 420 324
462 296 422 325
463 296 424 325
465 296 426 326
469 296 429 327
470 296 432 326
472 296 434 326
418 298 380 318
420 298 382 318
429 298 386 318
455 298 413 324
456 298 414 324
458 298 417 324
463 298 423 327
467 298 427 328
469 298 429 329
470 298 431 328
472 298 433 328
474 298 436 326
432 299 388 319
451 299 407 323
453 299 409 320
455 299 411 321
456 299 414 326
458 299 416 326
467 299 427 329
469 299 428 330
470 299 430 330
472 299 433 330
474 299 434 330
427 301 384 320
430 301 387 323
451 301 406 326
453 301 409 322
455 301 412 327
456 301 413 328
458 301 415 328
460 301 418 329
463 301 422 330
465 301 423 331
467 301 426 331
472 301 432 332
474 301 437 332
416 303 379 337
439 303 393 324
443 303 397 325
444 303 398 325
446 303 400 325
451 303 407 328
453 303 409 329
455 303 411 329
456 303 413 330
458 303 415 330
460 303 417 330
463 303 421 332
465 303 423 333
470 303 429 334
472 303 432 334
474 303 434 334
476 303 435 335
425 305 382 323
434 305 388 325
436 305 390 325
437 305 391 326
439 305 393 326
441 305 396 327
444 305 398 328
446 305 400 327
448 305 402 328
456 305 412 331
458 305 415 332
460 305 416 332
462 305 418 334
463 305 421 334
465 305 423 335
467 305 424 335
472 305 431 336
474 305 433 337
476 305 435 337
477 305 437 337
420 306 379 323
423 306 380 323
434 306 388 327
436 306 390 327
437 306 391 328
439 306 393 328
441 306 395 329
444 306 397 329
446 306 399 329
448 306 401 329
455 306 408 333
456 306 410 334
458 306 414 334
460 306 416 334
462 306 418 335
463 306 420 336
465 306 422 336
467 306 424 337
469 306 426 337
470 306 428 337
474 306 433 338
476 306 434 338
477 306 436 339
427 308 383 326
429 308 384 325
434 308 388 329
436 308 390 329
437 308 391 329
439 308 393 330
441 308 395 331
444 308 397 331
446 308 399 331
448 308 401 332
450 308 403 333
456 308 411 335
458 308 413 335
460 308 415 336
465 308 421 338
467 308 423 339
469 308 425 339
472 308 429 339
474 308 432 340
476 308 434 340
477 308 436 341
416 310 378 327
423 310 380 327
427 310 382 328
429 310 383 327
434 310 387 330
436 310 389 331
437 310 391 331
439 310 393 332
441 310 394 332
443 310 396 333
446 310 398 333
448 310 400 334
450 310 402 335
451 310 404 335
453 310 406 336
456 310 411 337
458 310 413 337
460 310 415 337
462 310 417 338
463 310 419 339
467 310 423 341
469 310 425 341
472 310 429 342
474 310 432 342
476 310 433 343
477 310 436 343
416 312 378 328
425 312 381 330
429 312 384 330
430 312 385 330
436 312 390 333
439 312 392 334
441 312 394 334
443 312 395 335
446 312 398 335
448 312 400 335
450 312 402 336
451 312 404 337
455 312 409 338
456 312 410 338
458 312 412 339
460 312 414 340
462 312 416 340
463 312 418 341
465 312 420 341
470 312 426 343
474 312 431 344
476 312 433 344
477 312 436 345
416 313 378 333
427 313 382 331
430 313 385 332
432 313 386 333
444 313 396 336
446 313 398 337
448 313 399 337
450 313 401 338
451 313 403 339
456 313 410 340
458 313 412 341
460 313 414 341
462 313 416 342
463 313 417 342
465 313 419 342
467 313 422 344
469 313 424 344
470 313 426 344
472 313 428 345
474 313 430 345
476 313 433 346
477 313 442 332
416 315 378 334
429 315 383 333
430 315 384 334
432 315 386 334
434 315 388 335
448 315 399 339
450 315 401 340
451 315 403 340
453 315 405 341
458 315 411 343
460 315 413 343
462 315 415 344
463 315 417 344
465 315 419 344
467 315 421 345
469 315 424 346
470 315 426 346
472 315 427 347
474 315 429 347
423 317 391 337
425 317 393 338
429 317 382 335
430 317 383 335
432 317 386 336
434 317 387 337
436 317 389 338
446 317 397 340
451 317 402 342
453 317 404 343
456 317 408 344
458 317 410 344
462 317 415 345
463 317 416 346
465 317 418 346
467 317 420 347
469 317 423 348
470 317 426 348
430 318 384 337
432 318 385 337
434 318 387 339
436 318 389 339
441 318 393 341
446 318 397 342
448 318 399 342
450 318 400 342
451 318 401 344
453 318 403 344
455 318 406 345
456 318 407 346
458 318 409 346
460 318 412 347
462 318 414 347
463 318 416 347
465 318 418 348
467 318 420 349
469 318 422 349
470 318 426 350
429 320 382 339
432 320 385 340
434 320 387 340
436 320 388 341
437 320 405 343
441 320 392 342
443 320 394 343
448 320 398 344
450 320 400 344
451 320 401 345
453 320 403 346
455 320 405 347
456 320 407 347
458 320 409 348
460 320 411 348
462 320 413 349
463 320 415 349
465 320 418 350
467 320 419 350
470 320 426 352
432 322 385 342
434 322 387 342
436 322 388 343
437 322 389 344
441 322 392 344
443 322 393 345
444 322 395 345
446 322 397 346
450 322 399 346
453 322 403 348
455 322 404 349
456 322 406 349
458 322 408 350
460 322 410 350
462 322 412 351
463 322 414 351
434 324 386 344
436 324 388 345
437 324 389 345
441 324 392 346
443 324 393 347
444 324 395 347
446 324 396 347
450 324 399 348
451 324 400 348
453 324 402 350
455 324 404 351
456 324 406 351
458 324 408 352
460 324 410 352
462 324 412 353
463 324 414 353
465 324 417 354
425 325 392 350
436 325 387 346
437 325 389 347
439 325 390 347
443 325 393 348
444 325 395 349
446 325 396 349
450 325 399 350
451 325 400 350
455 325 404 352
456 325 405 352
458 325 407 353
460 325 409 354
462 325 411 354
463 325 413 355
439 327 390 349
444 327 394 350
446 327 396 351
451 327 400 352
453 327 402 353
456 327 405 354
458 327 407 355
460 327 408 355
462 327 411 356
429 329 394 352
434 329 399 354
437 329 388 350
439 329 390 351
453 329 401 354
455 329 403 355
456 329 404 356
458 329 406 357
460 329 408 357
434 331 398 356
453 331 401 357
455 331 402 357
436 332 398 358
460 332 437 343
462 334 439 345
465 334 416 359
444 336 407 362
463 336 414 361
465 336 415 361
