458 285 442 297
460 285 444 297
462 285 446 297
463 285 448 297
465 285 450 297
456 287 440 298
458 287 442 298
462 287 446 299
463 287 448 299
465 287 450 299
467 287 452 299
469 287 454 298
470 287 456 299
456 289 439 300
458 289 441 300
460 289 444 301
462 289 446 301
463 289 448 301
465 289 450 301
467 289 452 301
469 289 454 301
458 291 441 302
460 291 444 303
462 291 446 303
463 291 448 303
465 291 450 303
467 291 452 303
469 291 454 303
470 291 456 302
453 292 433 299
455 292 437 303
456 292 439 304
458 292 441 304
460 292 444 304
462 292 446 304
463 292 448 305
465 292 450 305
467 292 452 305
469 292 454 305
470 292 456 305
453 294 434 304
455 294 437 305
456 294 439 305
458 294 441 306
460 294 444 306
462 294 446 306
463 294 448 306
465 294 450 306
467 294 452 307
469 294 454 307
470 294 456 307
453 296 434 306
455 296 437 307
456 296 438 306
460 296 443 308
462 296 445 308
463 296 448 308
465 296 450 308
467 296 452 309
469 296 454 309
470 296 456 309
472 296 458 309
451 298 432 308
453 298 434 308
455 298 437 308
456 298 438 308
458 298 441 310
460 298 443 310
462 298 445 310
463 298 448 310
465 298 450 310
467 298 452 311
469 298 454 311
470 298 456 311
472 298 458 311
451 299 432 310
453 299 434 310
455 299 436 310
456 299 438 310
460 299 443 311
462 299 445 311
463 299 448 312
465 299 450 312
467 299 452 312
469 299 454 313
470 299 455 313
472 299 458 313
474 299 460 314
420 301 401 312
450 301 430 311
451 301 432 311
453 301 434 312
455 301 436 312
456 301 439 312
458 301 441 312
460 301 443 313
462 301 445 313
463 301 447 314
465 301 449 314
467 301 452 314
469 301 454 314
470 301 455 315
472 301 458 315
474 301 460 316
476 301 462 316
479 301 466 316
416 303 400 314
420 303 401 314
422 303 403 314
439 303 418 312
441 303 420 313
443 303 422 313
446 303 426 313
448 303 428 313
450 303 430 313
451 303 432 313
453 303 434 314
455 303 436 314
456 303 439 314
458 303 441 314
460 303 443 315
462 303 445 315
463 303 447 316
465 303 449 316
467 303 451 316
469 303 453 316
470 303 455 317
472 303 458 317
474 303 460 317
477 303 464 318
418 305 400 316
420 305 401 316
422 305 403 316
427 305 407 315
429 305 409 315
434 305 412 314
437 305 416 315
439 305 418 314
441 305 420 314
443 305 422 314
444 305 423 315
446 305 426 315
448 305 428 315
450 305 430 315
451 305 432 315
453 305 434 316
455 305 436 316
456 305 437 317
460 305 443 317
462 305 445 317
463 305 447 318
465 305 449 318
467 305 451 318
469 305 453 318
470 305 455 319
472 305 458 319
474 305 460 319
477 305 464 320
418 306 400 318
420 306 402 318
422 306 403 317
427 306 408 317
429 306 409 316
432 306 411 315
437 306 416 317
439 306 418 316
441 306 420 316
444 306 423 316
446 306 426 317
448 306 428 317
450 306 430 317
451 306 432 317
453 306 434 317
456 306 437 319
458 306 439 319
460 306 443 319
462 306 445 319
463 306 447 319
465 306 449 320
467 306 451 320
469 306 453 320
472 306 457 321
474 306 460 321
476 306 462 321
477 306 464 321
479 306 467 322
418 308 400 320
420 308 402 320
422 308 403 320
423 308 405 319
425 308 407 319
427 308 408 319
429 308 409 318
430 308 410 318
432 308 412 318
434 308 414 318
437 308 416 318
439 308 418 318
441 308 421 319
446 308 426 319
448 308 428 319
450 308 430 319
451 308 432 319
455 308 435 320
456 308 437 320
458 308 439 321
460 308 442 320
462 308 445 321
463 308 446 321
465 308 449 322
467 308 451 322
469 308 453 322
470 308 455 322
472 308 457 323
474 308 460 323
476 308 462 323
420 310 402 322
422 310 404 322
423 310 405 322
425 310 407 322
427 310 408 322
429 310 410 321
432 310 413 321
434 310 414 321
436 310 416 321
437 310 417 321
439 310 419 321
441 310 421 321
443 310 423 321
444 310 424 321
448 310 428 320
450 310 430 321
451 310 432 321
455 310 435 322
456 310 437 322
458 310 440 322
460 310 442 322
462 310 444 322
463 310 446 323
465 310 449 324
467 310 451 324
469 310 453 324
470 310 455 324
472 310 458 324
479 310 466 325
416 312 400 324
420 312 402 324
422 312 404 324
423 312 405 324
425 312 407 324
427 312 409 324
429 312 410 323
432 312 413 323
434 312 414 323
436 312 416 323
437 312 418 323
439 312 419 323
441 312 421 323
448 312 427 322
450 312 430 322
451 312 432 322
453 312 434 322
455 312 436 324
456 312 437 324
458 312 440 324
460 312 442 324
462 312 445 324
463 312 446 324
465 312 448 325
467 312 451 326
469 312 453 326
470 312 455 326
472 312 457 326
429 313 410 325
430 313 412 325
436 313 416 324
437 313 418 325
439 313 419 325
441 313 421 324
443 313 423 324
446 313 426 324
448 313 428 324
450 313 430 324
451 313 432 324
453 313 433 325
455 313 435 325
456 313 437 325
458 313 440 326
460 313 442 326
462 313 445 326
463 313 446 326
465 313 448 326
467 313 451 327
469 313 453 327
470 313 455 328
427 315 408 327
430 315 412 327
432 315 413 327
434 315 415 326
436 315 417 326
439 315 419 327
441 315 421 327
443 315 423 326
444 315 424 326
448 315 428 326
450 315 430 326
451 315 431 326
453 315 434 327
455 315 436 327
456 315 437 327
458 315 440 327
460 315 442 328
462 315 444 328
463 315 446 328
465 315 448 328
467 315 451 329
469 315 453 329
470 315 455 330
425 317 407 330
427 317 409 330
430 317 412 329
432 317 413 329
434 317 415 329
436 317 417 329
439 317 419 329
441 317 421 329
443 317 423 329
444 317 424 328
448 317 428 328
450 317 430 329
451 317 431 328
453 317 434 329
455 317 436 329
456 317 438 329
458 317 439 329
460 317 442 330
462 317 444 330
463 317 446 330
465 317 448 330
467 317 450 330
425 318 407 332
427 318 409 332
429 318 410 331
430 318 412 331
432 318 414 331
434 318 415 331
436 318 417 331
439 318 420 331
441 318 421 330
443 318 423 330
444 318 424 330
446 318 426 330
448 318 428 330
450 318 430 330
451 318 431 331
453 318 433 331
455 318 436 331
456 318 437 331
458 318 439 331
460 318 442 331
462 318 444 331
463 318 446 332
465 318 448 332
425 320 408 334
429 320 411 333
430 320 412 333
432 320 414 333
434 320 415 333
436 320 417 333
437 320 418 333
439 320 420 332
443 320 423 332
444 320 425 332
446 320 426 332
448 320 428 332
450 320 430 332
451 320 431 332
453 320 433 333
455 320 435 332
456 320 437 333
458 320 439 333
460 320 442 333
462 320 444 333
463 320 446 333
465 320 448 334
425 322 408 336
427 322 409 336
432 322 414 335
434 322 416 335
436 322 417 335
437 322 418 334
439 322 420 335
441 322 422 335
444 322 425 334
446 322 426 334
448 322 428 334
450 322 430 334
451 322 431 334
453 322 433 334
455 322 436 334
456 322 437 335
458 322 440 335
460 322 442 335
462 322 444 335
463 322 446 335
423 324 406 338
425 324 408 338
427 324 410 338
432 324 414 337
434 324 416 337
436 324 418 337
437 324 419 337
439 324 420 337
441 324 422 337
443 324 424 337
446 324 427 336
448 324 429 336
450 324 430 337
451 324 431 336
453 324 433 336
455 324 435 336
456 324 437 336
458 324 439 337
460 324 442 337
462 324 444 337
423 325 406 339
425 325 408 340
427 325 410 339
429 325 411 339
434 325 416 339
436 325 418 339
437 325 419 339
439 325 421 339
441 325 422 338
443 325 424 339
444 325 425 338
446 325 427 338
450 325 430 338
451 325 432 338
453 325 433 338
455 325 435 338
456 325 437 338
458 325 439 338
460 325 441 339
462 325 444 339
425 327 408 341
427 327 410 341
429 327 412 341
430 327 413 341
434 327 416 341
436 327 418 341
437 327 419 341
439 327 421 341
441 327 422 341
443 327 424 341
444 327 425 340
446 327 427 340
450 327 430 340
451 327 432 340
453 327 434 340
455 327 435 340
456 327 437 340
458 327 439 340
460 327 441 340
462 327 443 341
427 329 410 344
429 329 412 344
430 329 413 343
434 329 416 343
439 329 421 343
441 329 423 343
443 329 424 343
444 329 426 343
446 329 427 343
451 329 432 342
453 329 434 342
455 329 435 342
429 331 411 346
432 331 414 345
439 331 421 345
443 331 424 345
444 331 426 345
