462 285 425 315
467 285 430 314
469 285 433 313
456 287 416 313
458 287 420 317
460 287 423 313
465 287 427 317
467 287 429 317
469 287 431 318
456 289 418 318
458 289 419 318
460 289 421 319
462 289 423 319
463 289 425 319
465 289 427 319
467 289 429 320
469 289 430 320
458 291 419 320
460 291 420 320
462 291 423 320
463 291 424 321
465 291 426 321
467 291 428 322
469 291 430 322
470 291 431 322
456 292 416 321
458 292 418 322
460 292 420 322
462 292 422 322
463 292 424 322
465 292 425 323
467 292 427 324
469 292 429 324
456 294 415 323
458 294 417 324
460 294 419 324
462 294 421 324
463 294 423 324
465 294 425 325
467 294 426 326
469 294 428 326
470 294 430 326
453 296 410 324
455 296 413 324
456 296 415 325
458 296 417 326
460 296 418 326
462 296 420 326
463 296 422 326
465 296 424 327
467 296 426 327
469 296 427 328
470 296 429 328
416 298 380 321
418 298 382 321
453 298 410 326
455 298 412 326
456 298 414 326
458 298 416 327
460 298 418 327
463 298 421 328
465 298 423 328
467 298 425 329
469 298 427 329
470 298 429 330
427 299 385 322
451 299 407 325
453 299 409 327
455 299 411 328
458 299 415 329
460 299 417 329
462 299 419 329
463 299 421 329
465 299 423 330
467 299 425 330
469 299 426 331
470 299 428 331
472 299 430 332
425 301 383 324
450 301 404 326
453 301 409 325
456 301 413 329
460 301 417 331
462 301 418 331
463 301 420 331
465 301 422 332
467 301 424 332
470 301 427 333
416 303 377 334
439 303 393 325
441 303 396 327
443 303 398 328
446 303 400 327
448 303 402 327
450 303 403 330
455 303 410 331
456 303 412 331
458 303 414 331
462 303 418 333
463 303 419 333
467 303 423 334
469 303 425 334
470 303 427 335
472 303 429 335
434 305 388 327
436 305 390 327
437 305 392 326
439 305 393 328
441 305 395 329
443 305 397 330
444 305 399 330
446 305 400 329
448 305 401 329
450 305 403 332
451 305 405 332
453 305 407 332
455 305 409 333
456 305 410 334
460 305 414 334
465 305 420 335
467 305 422 335
469 305 424 336
470 305 426 336
472 305 428 337
432 306 387 328
436 306 390 329
437 306 391 328
439 306 393 330
441 306 395 331
443 306 396 331
446 306 399 332
448 306 401 331
450 306 403 333
451 306 404 333
453 306 406 334
455 306 408 335
456 306 409 335
460 306 414 335
462 306 416 335
463 306 418 336
465 306 420 337
467 306 422 337
469 306 423 337
470 306 425 338
472 306 427 338
476 306 431 339
477 306 433 339
432 308 387 330
434 308 388 330
437 308 391 330
443 308 396 333
444 308 397 333
448 308 400 333
450 308 402 335
451 308 404 335
453 308 405 336
455 308 407 336
458 308 411 337
460 308 413 337
462 308 415 338
463 308 417 338
465 308 419 339
467 308 421 339
469 308 423 339
470 308 424 340
472 308 426 340
474 308 429 340
476 308 430 340
477 308 432 341
427 310 382 327
437 310 391 332
439 310 393 332
441 310 394 333
448 310 400 335
451 310 403 337
453 310 405 338
458 310 411 338
460 310 412 339
462 310 415 339
463 310 416 340
465 310 418 340
467 310 420 341
469 310 422 341
470 310 424 342
474 310 428 342
476 310 430 343
477 310 432 343
427 312 382 329
429 312 383 329
430 312 384 331
432 312 386 332
434 312 389 332
436 312 390 333
439 312 392 334
441 312 393 335
444 312 396 335
446 312 397 336
448 312 399 337
450 312 401 337
455 312 405 340
456 312 408 340
458 312 410 340
460 312 412 341
462 312 414 341
463 312 416 341
465 312 417 342
467 312 420 342
469 312 421 343
470 312 423 343
472 312 425 343
474 312 427 344
476 312 429 344
477 312 431 345
481 312 436 345
441 313 393 336
444 313 395 337
446 313 397 337
448 313 399 338
450 313 400 339
451 313 402 340
453 313 404 340
456 313 407 341
458 313 409 342
460 313 412 342
462 313 413 342
463 313 415 343
465 313 417 343
467 313 419 344
469 313 421 344
472 313 425 345
474 313 426 345
476 313 430 346
425 315 392 336
436 315 388 335
437 315 389 335
446 315 396 339
448 315 398 340
450 315 400 341
451 315 401 341
453 315 403 342
455 315 405 343
456 315 407 343
458 315 409 343
460 315 411 344
462 315 412 344
463 315 414 344
465 315 416 345
467 315 418 346
470 315 422 346
472 315 424 347
474 315 426 347
425 317 392 338
429 317 382 333
434 317 386 336
436 317 387 336
437 317 389 337
439 317 390 338
444 317 394 339
451 317 401 343
453 317 403 344
455 317 404 344
456 317 406 345
458 317 408 345
460 317 410 346
462 317 412 346
469 317 420 347
470 317 422 348
429 318 381 335
432 318 384 336
436 318 387 338
437 318 388 339
439 318 390 339
444 318 394 341
446 318 395 342
448 318 397 342
450 318 398 343
451 318 400 345
453 318 402 345
455 318 404 346
456 318 405 346
458 318 407 347
460 318 409 347
463 318 413 347
465 318 415 348
467 318 417 348
469 318 419 350
430 320 382 337
432 320 383 337
436 320 386 340
437 320 388 340
439 320 389 341
444 320 393 343
446 320 395 344
448 320 396 344
453 320 401 347
455 320 403 347
456 320 405 348
458 320 407 348
460 320 409 349
462 320 411 349
463 320 412 349
465 320 415 350
467 320 417 350
432 322 382 339
434 322 384 340
437 322 387 342
439 322 389 343
443 322 391 344
444 322 393 345
446 322 395 346
448 322 396 346
450 322 397 346
451 322 399 348
453 322 400 347
455 322 403 349
456 322 404 350
458 322 406 350
460 322 408 351
463 322 412 351
465 322 414 351
422 324 386 346
425 324 390 346
439 324 388 344
444 324 393 346
446 324 394 347
448 324 396 348
450 324 397 348
455 324 402 351
458 324 405 352
423 325 387 347
425 325 389 348
427 325 391 348
446 325 394 348
448 325 395 349
450 325 397 350
451 325 398 350
458 325 404 353
462 325 409 354
463 325 411 354
446 327 393 350
448 327 395 351
450 327 396 351
451 327 398 352
455 327 401 353
456 327 402 354
458 327 404 355
462 327 409 356
427 329 389 350
434 329 396 353
436 329 397 353
