463 294 419 327
465 294 421 327
463 296 418 329
456 301 410 332
460 301 412 333
462 301 413 333
463 301 416 333
467 301 418 334
416 303 372 314
422 303 378 318
423 303 379 318
455 303 406 334
456 303 409 334
460 303 411 335
462 303 413 335
465 303 416 335
467 303 417 335
469 303 419 335
472 303 422 335
418 305 374 317
420 305 376 318
453 305 404 335
456 305 408 335
460 305 410 336
462 305 412 336
465 305 415 336
467 305 417 336
472 305 421 337
418 306 373 318
420 306 375 319
422 306 376 320
451 306 402 337
453 306 403 337
458 306 408 337
460 306 409 338
462 306 411 338
465 306 414 338
467 306 416 338
470 306 419 338
472 306 420 338
474 306 422 338
420 308 374 320
422 308 376 321
451 308 401 339
458 308 407 339
460 308 409 339
470 308 418 340
472 308 419 340
429 310 381 326
448 310 397 338
450 310 399 339
451 310 400 340
456 310 404 340
469 310 415 341
470 310 417 341
429 312 380 327
448 312 396 340
463 312 410 343
469 312 415 342
470 312 416 343
425 313 376 326
427 313 378 327
448 313 396 341
450 313 397 342
451 313 398 342
462 313 408 343
463 313 409 344
469 313 414 344
462 315 407 345
463 315 408 345
450 317 395 342
456 317 402 346
460 317 404 346
462 317 406 347
456 319 401 347
463 319 407 348
451 324 393 346
453 324 395 347
451 325 393 348
453 325 394 349
455 325 396 349
