458 285 450 292
460 285 452 292
462 285 454 292
463 285 455 292
465 285 457 292
456 287 448 294
458 287 450 294
460 287 452 294
462 287 454 294
463 287 455 294
465 287 457 294
467 287 459 294
469 287 461 294
455 289 444 295
456 289 448 295
458 289 450 296
460 289 452 296
462 289 454 296
463 289 455 296
465 289 457 296
467 289 459 296
469 289 461 296
472 289 464 296
455 291 445 297
456 291 448 297
458 291 450 297
460 291 452 298
462 291 454 298
463 291 455 298
465 291 458 298
467 291 459 298
469 291 461 298
470 291 463 297
472 291 464 297
453 292 443 296
456 292 447 299
458 292 450 299
460 292 452 299
462 292 453 299
463 292 455 299
465 292 457 299
467 292 459 299
469 292 461 300
470 292 463 300
472 292 464 298
453 294 443 300
455 294 445 300
456 294 447 300
458 294 449 301
460 294 452 301
462 294 454 301
463 294 456 301
465 294 457 301
467 294 459 301
469 294 461 301
470 294 463 301
472 294 465 301
451 296 441 302
455 296 445 302
456 296 448 302
458 296 449 302
460 296 452 303
462 296 454 303
463 296 456 303
465 296 458 303
467 296 459 303
470 296 463 303
472 296 465 303
451 298 441 304
455 298 445 304
456 298 447 304
458 298 449 304
460 298 452 305
462 298 453 305
463 298 456 304
465 298 457 305
467 298 460 305
469 298 461 305
470 298 463 305
472 298 465 305
416 299 406 305
420 299 410 305
451 299 441 305
453 299 443 305
455 299 445 305
456 299 447 306
458 299 449 306
460 299 451 306
462 299 453 306
463 299 456 306
465 299 458 306
467 299 459 306
469 299 461 307
470 299 463 307
472 299 465 307
474 299 467 308
416 301 406 307
418 301 408 307
420 301 410 307
439 301 428 306
450 301 439 307
451 301 441 307
453 301 443 307
455 301 445 307
456 301 447 308
458 301 449 308
460 301 451 308
462 301 453 308
463 301 455 308
465 301 457 308
467 301 459 308
469 301 461 309
474 301 467 309
476 301 469 309
477 301 472 310
479 301 473 310
416 303 407 309
418 303 408 309
420 303 410 309
422 303 412 309
423 303 413 309
425 303 415 309
427 303 417 309
436 303 424 307
439 303 428 308
441 303 430 308
443 303 432 308
448 303 437 309
450 303 439 309
451 303 441 309
453 303 443 309
455 303 445 309
456 303 447 310
458 303 449 310
460 303 451 310
462 303 453 310
463 303 455 310
465 303 457 310
467 303 459 310
469 303 461 311
470 303 463 311
472 303 465 311
474 303 467 311
476 303 469 311
477 303 472 312
416 305 407 311
418 305 409 311
420 305 410 311
422 305 412 311
423 305 414 311
427 305 417 311
434 305 423 310
437 305 426 310
439 305 428 310
441 305 430 310
444 305 433 311
450 305 439 311
451 305 441 311
453 305 443 311
455 305 445 312
456 305 447 311
458 305 449 311
460 305 451 312
462 305 453 312
463 305 455 312
465 305 457 312
467 305 459 313
469 305 461 313
470 305 463 313
472 305 465 313
474 305 467 313
477 305 471 313
479 305 473 313
416 306 407 313
418 306 409 313
420 306 410 313
422 306 412 313
423 306 414 313
425 306 415 313
427 306 417 313
430 306 419 312
432 306 421 312
437 306 426 312
439 306 428 312
441 306 430 312
443 306 431 312
444 306 434 312
446 306 436 313
448 306 438 313
450 306 439 313
451 306 441 312
453 306 443 313
455 306 445 313
456 306 447 314
458 306 449 313
460 306 451 313
462 306 453 314
463 306 455 314
465 306 457 314
467 306 459 314
469 306 461 314
470 306 463 314
472 306 465 314
474 306 467 315
476 306 469 315
477 306 471 315
479 306 473 315
416 308 407 314
418 308 409 315
420 308 410 315
422 308 412 315
423 308 414 315
425 308 416 315
427 308 417 314
429 308 419 314
432 308 422 314
434 308 423 314
436 308 425 314
437 308 426 314
439 308 428 314
441 308 431 314
443 308 431 314
446 308 436 315
448 308 437 314
451 308 441 314
453 308 443 315
455 308 445 315
456 308 447 315
458 308 449 315
460 308 451 315
462 308 453 315
463 308 455 316
465 308 457 316
467 308 459 316
469 308 461 316
470 308 463 316
472 308 465 316
474 308 467 317
476 308 469 317
477 308 471 317
479 308 473 317
416 310 407 316
418 310 409 317
420 310 411 317
422 310 413 317
423 310 414 317
429 310 419 316
432 310 422 316
436 310 425 316
437 310 427 316
439 310 429 316
441 310 431 316
443 310 432 316
444 310 434 316
446 310 436 316
448 310 437 316
450 310 439 316
451 310 441 316
453 310 443 316
455 310 445 317
456 310 447 317
458 310 449 317
460 310 451 317
462 310 453 317
463 310 455 317
469 310 461 318
470 310 463 318
472 310 465 318
474 310 467 318
477 310 471 319
479 310 473 319
416 312 407 318
418 312 409 319
420 312 411 319
423 312 414 318
429 312 419 318
430 312 420 318
432 312 422 318
434 312 424 318
437 312 427 318
439 312 429 318
441 312 430 318
443 312 432 318
444 312 434 318
446 312 436 318
448 312 437 318
450 312 439 318
453 312 443 318
455 312 445 319
456 312 447 318
458 312 449 318
460 312 451 319
462 312 453 319
463 312 455 319
465 312 457 319
467 312 459 319
469 312 461 320
470 312 463 320
472 312 465 320
476 312 469 320
477 312 471 320
418 313 409 320
422 313 412 320
425 313 416 320
429 313 419 320
430 313 421 320
432 313 422 320
434 313 424 320
436 313 426 320
437 313 428 320
441 313 430 320
443 313 432 320
444 313 434 320
446 313 435 320
448 313 438 320
450 313 439 320
451 313 441 320
453 313 443 320
455 313 445 320
456 313 447 320
458 313 448 320
460 313 451 320
462 313 453 320
463 313 455 320
465 313 456 321
467 313 459 321
470 313 463 322
472 313 464 322
423 315 414 322
430 315 421 322
432 315 422 322
434 315 424 322
436 315 426 322
437 315 428 322
439 315 430 322
443 315 432 322
444 315 434 322
446 315 436 322
448 315 438 322
450 315 439 322
451 315 441 322
453 315 443 322
455 315 445 322
456 315 447 322
458 315 448 322
460 315 451 322
462 315 453 322
463 315 455 322
465 315 457 323
467 315 459 323
469 315 461 323
470 315 462 324
474 315 466 324
418 317 410 324
420 317 411 324
423 317 414 324
425 317 416 324
427 317 418 324
432 317 423 324
434 317 424 324
436 317 426 324
437 317 428 324
439 317 429 324
443 317 432 324
444 317 434 324
446 317 436 324
448 317 438 324
450 317 440 324
451 317 441 324
453 317 443 324
455 317 445 324
456 317 447 324
458 317 449 324
460 317 451 324
462 317 453 324
463 317 455 324
465 317 456 324
467 317 458 324
469 317 461 325
470 317 462 326
422 319 412 326
423 319 414 326
425 319 416 326
427 319 418 326
429 319 419 326
432 319 423 326
434 319 424 326
436 319 426 326
437 319 427 326
439 319 429 326
441 319 431 325
444 319 434 325
446 319 436 325
448 319 438 326
450 319 439 325
451 319 441 326
453 319 443 326
455 319 445 326
456 319 447 326
458 319 449 326
460 319 451 326
462 319 453 326
463 319 455 326
467 319 458 327
470 319 464 326
423 320 414 328
425 320 416 328
427 320 418 328
429 320 419 328
430 320 421 328
434 320 424 328
436 320 426 327
437 320 427 327
439 320 429 327
441 320 431 327
444 320 434 327
446 320 436 327
448 320 438 327
450 320 439 327
451 320 441 327
453 320 443 327
455 320 445 327
456 320 447 327
458 320 449 327
460 320 451 327
462 320 453 328
463 320 455 328
465 320 456 328
422 322 414 330
425 322 416 330
427 322 418 330
430 322 421 330
434 322 425 330
436 322 426 330
437 322 427 329
439 322 429 329
441 322 431 329
443 322 433 329
444 322 435 329
446 322 436 329
450 322 440 329
451 322 441 329
453 322 443 329
455 322 445 329
456 322 447 329
458 322 448 329
460 322 451 329
462 322 453 330
463 322 455 330
427 324 418 332
432 324 423 332
436 324 426 331
437 324 428 331
439 324 429 331
441 324 431 331
443 324 433 331
444 324 435 331
446 324 436 331
448 324 438 331
451 324 441 331
453 324 443 331
455 324 445 331
456 324 446 331
458 324 448 331
460 324 451 331
462 324 453 331
463 324 455 332
423 325 415 333
432 325 423 333
436 325 427 333
437 325 428 333
439 325 430 333
441 325 431 333
443 325 433 333
444 325 435 333
446 325 436 333
448 325 438 333
451 325 441 333
453 325 443 333
455 325 445 333
456 325 447 333
458 325 448 333
463 325 454 333
427 327 418 335
429 327 420 335
430 327 421 335
432 327 423 335
434 327 425 335
437 327 428 335
443 327 433 335
444 327 435 335
446 327 436 335
448 327 438 335
450 327 440 335
451 327 442 335
455 327 445 335
458 327 448 335
460 327 450 335
462 327 452 335
427 329 418 337
429 329 420 337
446 329 437 337
448 329 438 337
455 329 445 336
456 329 446 336
458 329 448 336
460 329 450 337
430 331 422 339
432 331 424 339
444 331 435 339
450 331 439 339
453 331 443 339
455 331 445 339
456 331 447 339
441 332 432 340
455 332 445 340
456 332 447 340
458 332 448 340
458 336 448 344
