458 285 421 308
460 285 424 309
462 285 427 309
463 285 428 309
458 287 421 310
460 287 424 310
462 287 426 311
463 287 428 311
465 287 430 310
456 289 419 311
458 289 421 312
460 289 423 312
462 289 427 313
463 289 428 313
465 289 430 313
467 289 432 313
469 289 435 314
456 291 419 313
458 291 421 314
460 291 423 314
462 291 426 315
463 291 428 315
465 291 430 315
467 291 432 315
469 291 435 316
470 291 437 316
472 291 439 316
455 292 415 313
456 292 418 315
458 292 420 316
460 292 422 315
462 292 425 316
463 292 428 316
465 292 430 317
469 292 434 318
470 292 437 318
453 294 413 315
455 294 415 315
458 294 420 317
460 294 422 318
462 294 425 318
463 294 428 318
469 294 434 320
470 294 436 320
472 294 438 319
453 296 412 317
455 296 415 317
456 296 417 317
460 296 422 320
462 296 424 320
463 296 427 320
470 296 436 322
472 296 438 322
453 298 412 319
455 298 414 319
456 298 416 319
458 298 419 319
460 298 422 322
462 298 424 322
463 298 426 322
465 298 429 323
467 298 432 323
469 298 434 324
470 298 436 324
472 298 438 324
451 299 408 319
453 299 412 320
455 299 414 321
456 299 416 321
458 299 419 322
460 299 421 323
462 299 424 324
463 299 427 324
465 299 429 324
467 299 431 325
469 299 434 325
470 299 435 326
472 299 437 325
474 299 440 326
416 301 378 320
420 301 380 320
451 301 408 321
453 301 412 323
455 301 414 323
456 301 417 323
458 301 418 324
460 301 421 325
462 301 424 326
463 301 426 326
465 301 428 326
467 301 431 327
470 301 435 328
472 301 437 328
474 301 440 328
420 303 380 322
422 303 381 322
436 303 389 320
437 303 391 320
439 303 393 320
441 303 396 321
444 303 398 321
446 303 401 322
448 303 403 322
450 303 406 323
451 303 408 324
453 303 411 324
455 303 414 325
458 303 418 326
463 303 426 328
465 303 428 328
467 303 431 329
469 303 432 329
470 303 434 330
472 303 437 330
474 303 440 330
476 303 443 332
477 303 445 332
416 305 378 325
418 305 379 324
422 305 381 324
423 305 383 325
434 305 388 322
436 305 390 322
437 305 391 322
439 305 393 323
441 305 396 323
444 305 399 324
446 305 402 324
448 305 404 324
450 305 406 326
451 305 408 326
453 305 411 326
455 305 413 327
456 305 415 327
458 305 418 328
460 305 420 328
462 305 423 329
463 305 425 330
465 305 428 330
467 305 430 331
469 305 432 331
472 305 437 332
474 305 440 332
476 305 441 332
477 305 444 334
418 306 379 326
420 306 380 326
423 306 383 327
425 306 385 327
427 306 386 326
439 306 394 325
441 306 396 325
444 306 399 326
448 306 404 327
450 306 406 327
451 306 408 327
453 306 410 328
455 306 412 328
456 306 416 329
458 306 418 329
460 306 420 330
463 306 425 332
465 306 427 332
467 306 430 333
469 306 432 333
472 306 437 334
474 306 440 334
476 306 442 335
477 306 444 335
418 308 379 328
420 308 380 329
422 308 382 329
425 308 385 329
430 308 388 328
434 308 388 326
436 308 390 326
437 308 392 326
439 308 395 328
441 308 397 328
443 308 398 327
444 308 400 328
450 308 405 329
451 308 408 329
453 308 410 330
460 308 420 331
462 308 422 332
465 308 427 335
467 308 429 335
469 308 431 335
470 308 433 335
474 308 439 336
476 308 442 337
477 308 444 338
418 310 379 331
420 310 380 331
422 310 382 331
425 310 385 331
427 310 386 331
430 310 388 330
432 310 390 330
436 310 392 330
437 310 394 330
441 310 397 330
443 310 398 330
444 310 400 330
446 310 401 330
448 310 403 330
450 310 405 331
451 310 407 331
453 310 409 332
455 310 412 332
456 310 415 333
458 310 417 333
462 310 422 334
463 310 424 335
467 310 429 337
469 310 431 337
470 310 433 337
472 310 436 337
474 310 439 338
476 310 442 339
479 310 446 340
416 312 378 333
420 312 381 333
429 312 387 333
430 312 388 332
432 312 390 332
434 312 392 332
437 312 394 332
441 312 396 332
443 312 398 332
444 312 400 332
446 312 401 332
448 312 403 332
451 312 407 333
453 312 409 334
455 312 412 334
456 312 414 334
458 312 417 335
460 312 419 335
462 312 421 336
465 312 427 338
467 312 429 338
470 312 433 339
474 312 438 340
476 312 441 340
477 312 444 341
425 313 384 335
429 313 388 334
430 313 389 335
432 313 390 334
434 313 392 334
437 313 394 334
443 313 398 334
444 313 400 334
446 313 401 334
448 313 403 334
450 313 405 335
451 313 407 335
453 313 409 335
456 313 413 336
458 313 415 336
462 313 421 337
463 313 423 338
465 313 425 339
427 315 386 337
429 315 387 337
430 315 389 337
434 315 392 336
436 315 393 336
441 315 397 336
444 315 399 337
446 315 401 337
448 315 403 336
450 315 405 337
451 315 407 337
453 315 409 337
455 315 411 338
456 315 414 338
458 315 415 339
460 315 419 339
462 315 421 339
463 315 423 340
465 315 425 340
467 315 427 341
469 315 431 342
470 315 433 342
425 317 385 339
429 317 387 339
432 317 391 339
436 317 393 339
444 317 399 339
446 317 401 339
448 317 403 338
450 317 405 338
451 317 406 339
453 317 409 339
456 317 413 340
458 317 415 340
460 317 418 341
462 317 421 341
463 317 423 342
465 317 425 342
423 318 384 341
425 318 385 341
429 318 388 341
430 318 389 341
432 318 391 341
436 318 393 340
437 318 395 341
439 318 396 341
443 318 399 340
444 318 400 341
446 318 402 340
450 318 404 340
451 318 406 341
453 318 408 341
455 318 411 342
456 318 413 342
458 318 415 342
460 318 418 343
462 318 420 343
463 318 423 343
465 318 425 344
425 320 385 343
427 320 387 343
430 320 389 343
434 320 392 343
437 320 395 342
439 320 396 342
441 320 398 343
444 320 400 343
446 320 402 343
448 320 404 343
451 320 406 342
453 320 408 343
455 320 410 343
456 320 413 344
458 320 415 344
460 320 417 345
462 320 419 345
463 320 422 346
465 320 425 347
425 322 385 345
427 322 387 345
429 322 389 345
432 322 391 345
434 322 393 346
436 322 394 345
439 322 396 345
441 322 398 345
443 322 399 345
444 322 401 345
446 322 402 345
448 322 404 345
450 322 405 345
453 322 408 345
455 322 410 345
456 322 412 347
458 322 415 347
460 322 417 347
462 322 419 348
463 322 421 348
429 324 389 347
430 324 390 347
434 324 393 348
436 324 394 347
439 324 396 347
441 324 398 347
443 324 400 347
444 324 401 347
446 324 402 347
448 324 404 347
450 324 405 347
453 324 408 347
455 324 410 347
456 324 412 349
458 324 414 349
460 324 417 349
462 324 419 349
429 325 389 349
430 325 390 349
434 325 393 350
436 325 394 349
437 325 395 349
441 325 398 349
443 325 400 349
444 325 401 349
446 325 403 349
448 325 404 349
450 325 405 349
451 325 407 349
453 325 408 349
456 325 411 349
458 325 414 350
427 327 388 352
430 327 390 352
432 327 391 352
436 327 394 352
437 327 396 352
441 327 398 351
443 327 400 351
444 327 401 351
446 327 403 351
450 327 405 351
451 327 407 351
453 327 408 351
456 327 411 351
458 327 413 352
460 327 416 352
429 329 389 354
432 329 392 354
434 329 393 353
437 329 396 354
443 329 400 354
448 329 404 354
453 329 408 353
455 329 410 353
458 329 413 354
460 329 415 354
443 331 400 356
446 331 403 356
448 331 404 356
451 331 406 356
453 331 408 356
455 331 410 355
458 331 413 356
437 332 395 357
