458 285 456 287
460 285 457 288
462 285 459 288
463 285 461 288
465 285 463 287
467 285 464 287
456 287 454 289
458 287 456 289
460 287 458 289
462 287 459 289
463 287 461 290
465 287 463 290
467 287 465 290
455 289 451 292
456 289 454 291
458 289 456 291
460 289 458 291
462 289 460 291
463 289 461 291
465 289 463 291
467 289 465 292
470 289 470 292
455 291 452 293
456 291 454 293
458 291 456 293
460 291 457 293
462 291 459 293
463 291 461 293
465 291 463 293
467 291 465 293
469 291 467 293
470 291 468 293
453 292 450 295
456 292 454 295
458 292 456 295
460 292 458 295
462 292 459 295
463 292 461 295
465 292 463 295
467 292 465 295
469 292 467 295
470 292 468 295
453 294 450 296
455 294 452 296
456 294 454 297
458 294 456 296
460 294 458 297
462 294 459 296
463 294 461 296
465 294 463 297
467 294 465 297
469 294 466 297
470 294 468 297
451 296 448 298
455 296 452 298
456 296 453 298
458 296 456 298
460 296 457 298
462 296 460 298
463 296 461 298
465 296 463 298
467 296 465 299
469 296 467 299
470 296 468 299
416 298 413 300
425 298 422 300
429 298 426 300
432 298 429 300
451 298 448 300
455 298 452 300
456 298 453 300
458 298 455 300
460 298 458 300
462 298 459 300
463 298 461 300
465 298 463 300
467 298 465 300
469 298 467 300
470 298 468 300
472 298 470 300
416 299 413 301
418 299 415 301
427 299 424 301
429 299 426 301
430 299 427 301
434 299 432 301
451 299 448 301
453 299 450 301
455 299 452 301
456 299 453 301
460 299 457 302
462 299 459 302
463 299 461 302
465 299 463 302
467 299 465 302
469 299 467 302
470 299 468 302
472 299 470 302
474 299 472 302
416 301 414 303
418 301 415 303
420 301 417 303
422 301 419 303
429 301 425 303
430 301 427 303
432 301 428 303
434 301 430 303
436 301 432 303
437 301 434 303
439 301 435 303
441 301 437 303
451 301 448 303
453 301 450 303
455 301 452 303
456 301 454 303
458 301 456 303
460 301 458 303
462 301 459 304
463 301 461 304
465 301 463 303
467 301 465 304
469 301 467 304
470 301 468 304
472 301 470 304
474 301 472 304
416 303 413 305
418 303 415 305
420 303 417 305
422 303 419 305
423 303 420 305
425 303 422 305
427 303 424 305
430 303 427 305
432 303 428 305
434 303 431 305
436 303 432 305
437 303 434 305
439 303 436 305
441 303 437 305
443 303 439 305
444 303 440 305
446 303 443 305
448 303 445 305
450 303 446 305
451 303 448 305
453 303 450 305
455 303 452 305
456 303 453 305
458 303 456 305
460 303 458 305
462 303 460 305
463 303 461 305
465 303 463 305
467 303 465 305
469 303 467 305
470 303 468 305
472 303 470 306
474 303 472 306
476 303 474 306
477 303 477 307
416 305 413 307
418 305 415 307
420 305 417 307
422 305 419 307
423 305 420 307
425 305 422 307
427 305 424 307
429 305 425 307
430 305 427 307
432 305 428 307
434 305 431 307
436 305 432 307
437 305 434 307
439 305 436 307
441 305 437 307
443 305 439 307
444 305 441 307
446 305 443 307
448 305 445 307
450 305 446 307
451 305 448 307
453 305 450 307
455 305 452 307
456 305 453 307
458 305 456 307
460 305 457 307
462 305 459 307
463 305 461 307
465 305 463 307
467 305 465 307
469 305 466 307
470 305 468 308
472 305 470 307
474 305 472 308
416 306 413 309
418 306 415 308
420 306 417 308
422 306 419 308
423 306 420 308
425 306 422 309
427 306 424 309
429 306 426 309
430 306 427 308
432 306 429 308
434 306 431 308
436 306 432 308
437 306 434 308
439 306 436 308
441 306 438 309
443 306 439 309
444 306 441 309
446 306 443 309
448 306 445 308
450 306 446 308
451 306 448 308
453 306 450 309
455 306 451 309
456 306 453 309
458 306 456 309
460 306 457 309
462 306 459 309
463 306 461 309
465 306 463 309
467 306 465 309
469 306 467 309
470 306 468 309
472 306 470 309
474 306 472 309
476 306 474 309
479 306 477 309
416 308 414 311
418 308 415 310
420 308 417 310
422 308 419 310
423 308 420 310
425 308 422 311
427 308 424 310
429 308 426 310
430 308 427 310
432 308 429 310
434 308 431 310
436 308 432 310
437 308 434 310
439 308 436 310
441 308 438 310
443 308 439 311
444 308 441 310
446 308 443 310
448 308 445 310
450 308 446 310
451 308 448 310
453 308 450 310
455 308 452 311
456 308 454 310
460 308 457 310
462 308 459 310
463 308 461 310
465 308 463 311
467 308 465 311
469 308 467 311
470 308 468 311
472 308 470 311
474 308 472 311
476 308 474 311
477 308 475 311
479 308 477 311
416 310 414 312
418 310 415 312
420 310 417 312
422 310 419 312
423 310 420 312
425 310 422 312
427 310 424 312
429 310 426 312
430 310 427 312
432 310 429 312
434 310 431 312
436 310 432 312
437 310 434 312
439 310 436 312
441 310 438 312
443 310 440 312
444 310 441 312
446 310 443 312
448 310 444 312
450 310 446 312
451 310 448 312
453 310 450 312
455 310 452 312
458 310 455 312
462 310 459 312
463 310 461 312
465 310 463 313
467 310 465 313
469 310 467 313
470 310 468 313
472 310 470 313
474 310 472 313
416 312 414 314
418 312 415 314
420 312 417 314
422 312 419 314
423 312 420 314
425 312 422 314
427 312 424 314
429 312 426 314
430 312 427 314
432 312 429 314
434 312 431 314
436 312 433 314
437 312 434 314
439 312 436 314
441 312 438 314
443 312 439 314
444 312 441 314
446 312 443 313
448 312 445 314
450 312 446 314
455 312 452 314
456 312 453 314
458 312 455 314
460 312 457 314
462 312 459 314
463 312 461 314
465 312 463 314
467 312 465 314
469 312 467 315
470 312 468 315
472 312 470 314
474 312 472 314
477 312 475 315
479 312 477 316
481 312 479 315
416 313 413 315
418 313 415 316
422 313 419 316
423 313 420 316
427 313 424 316
429 313 426 315
430 313 427 316
432 313 429 315
434 313 431 315
436 313 432 315
437 313 434 315
439 313 436 316
441 313 438 316
443 313 439 316
444 313 441 315
446 313 443 315
448 313 444 315
450 313 446 315
451 313 448 315
453 313 450 315
455 313 452 316
456 313 454 316
458 313 455 316
460 313 457 316
462 313 459 316
463 313 461 316
465 313 463 316
467 313 465 316
469 313 466 316
470 313 468 316
472 313 470 316
474 313 472 316
477 313 475 317
479 313 477 317
418 315 415 318
422 315 419 318
423 315 420 318
425 315 422 318
427 315 424 317
429 315 426 317
430 315 427 317
432 315 429 317
434 315 431 317
436 315 432 317
437 315 434 317
439 315 436 318
441 315 437 318
443 315 439 318
444 315 441 317
446 315 443 317
448 315 444 317
450 315 446 317
451 315 448 317
453 315 450 317
455 315 452 317
456 315 453 318
458 315 455 318
460 315 457 318
462 315 459 318
463 315 461 318
465 315 463 318
467 315 464 317
469 315 466 318
470 315 468 318
472 315 470 318
474 315 472 318
476 315 473 319
477 315 475 319
479 315 477 319
420 317 417 319
422 317 419 319
423 317 420 319
425 317 422 319
427 317 424 319
429 317 426 319
430 317 427 319
432 317 429 319
434 317 431 319
436 317 433 319
437 317 434 319
439 317 436 319
441 317 437 319
443 317 439 319
444 317 441 319
446 317 443 319
448 317 445 319
450 317 446 319
451 317 448 319
453 317 450 319
455 317 452 319
456 317 453 319
458 317 455 319
460 317 457 319
462 317 459 319
463 317 461 319
465 317 463 319
469 317 466 319
470 317 468 319
472 317 470 319
418 318 414 318
420 318 417 321
422 318 419 321
423 318 420 321
425 318 422 321
427 318 424 321
429 318 426 321
430 318 427 321
432 318 429 321
434 318 431 321
436 318 433 321
437 318 434 321
439 318 436 321
441 318 438 321
443 318 439 321
444 318 441 321
446 318 443 321
448 318 445 321
450 318 446 321
451 318 448 321
453 318 450 321
456 318 453 321
458 318 455 321
460 318 457 321
462 318 459 321
463 318 461 321
465 318 463 321
467 318 464 321
469 318 467 321
420 320 417 322
422 320 419 322
423 320 420 323
425 320 422 323
427 320 424 323
429 320 426 323
430 320 427 323
432 320 429 323
434 320 431 323
436 320 433 323
437 320 434 323
439 320 436 323
441 320 438 322
443 320 440 322
444 320 441 323
446 320 443 323
448 320 445 323
450 320 446 323
451 320 448 323
453 320 450 323
455 320 452 323
456 320 453 323
458 320 455 323
460 320 457 323
462 320 459 323
463 320 461 323
465 320 463 323
467 320 465 323
469 320 466 322
422 322 419 324
423 322 421 325
425 322 422 325
427 322 424 325
429 322 426 325
430 322 427 325
432 322 429 325
434 322 431 325
436 322 433 324
437 322 434 324
439 322 436 324
441 322 438 324
443 322 440 324
444 322 441 324
446 322 443 325
448 322 445 325
450 322 447 325
451 322 448 325
453 322 450 325
455 322 452 325
456 322 453 325
458 322 455 325
460 322 457 324
462 322 459 325
463 322 461 325
465 322 463 324
470 322 470 322
423 324 421 326
425 324 422 327
427 324 424 327
429 324 426 326
430 324 427 326
432 324 429 326
434 324 431 326
436 324 433 326
437 324 434 326
439 324 436 326
441 324 438 326
443 324 440 326
444 324 441 326
446 324 443 326
448 324 445 326
450 324 446 326
451 324 448 326
453 324 450 326
455 324 452 326
456 324 453 326
458 324 455 326
460 324 457 327
462 324 459 326
463 324 461 326
465 324 463 326
469 324 468 324
425 325 422 328
427 325 424 328
429 325 426 328
430 325 427 328
432 325 429 328
434 325 431 328
436 325 433 328
437 325 434 328
439 325 436 328
441 325 438 328
443 325 440 328
444 325 441 328
446 325 443 328
448 325 445 328
450 325 446 328
451 325 448 328
453 325 450 328
455 325 452 328
456 325 454 328
458 325 455 328
460 325 457 328
462 325 459 328
463 325 461 328
469 325 469 326
470 325 470 326
425 327 424 330
427 327 424 330
429 327 426 330
430 327 427 330
432 327 429 330
434 327 431 330
436 327 433 330
437 327 434 330
439 327 436 330
441 327 438 330
443 327 440 330
444 327 441 330
446 327 443 330
448 327 445 330
450 327 446 330
451 327 448 330
453 327 450 330
458 327 455 330
460 327 457 330
462 327 459 330
467 327 467 327
469 327 469 327
470 327 470 327
429 329 426 332
430 329 428 332
432 329 429 332
434 329 431 332
436 329 433 332
437 329 434 332
439 329 436 331
441 329 438 332
443 329 440 332
444 329 441 332
446 329 443 332
448 329 445 332
450 329 446 332
451 329 448 332
453 329 450 331
455 329 452 331
456 329 453 332
458 329 455 332
460 329 457 332
467 329 467 329
469 329 469 329
472 329 472 329
429 331 427 333
432 331 429 333
434 331 431 333
437 331 434 333
439 331 436 333
443 331 439 333
444 331 441 333
446 331 443 333
448 331 445 333
450 331 446 333
451 331 448 334
453 331 450 333
455 331 452 333
456 331 453 333
458 331 455 333
460 331 457 333
462 331 459 333
467 331 467 331
469 331 469 331
470 331 470 331
474 331 472 331
430 332 429 336
432 332 430 336
434 332 432 336
448 332 445 335
453 332 450 335
455 332 452 335
456 332 453 335
458 332 455 335
460 332 457 335
467 332 467 333
469 332 468 333
470 332 470 332
474 332 472 335
436 334 434 338
437 334 435 338
439 334 437 337
441 334 439 337
450 334 446 337
453 334 450 337
455 334 452 337
456 334 453 337
458 334 455 337
462 334 460 336
463 334 461 336
465 334 465 334
467 334 467 334
469 334 468 334
470 334 470 334
472 334 470 336
444 336 442 338
448 336 445 338
450 336 446 338
453 336 451 338
455 336 453 338
456 336 455 338
460 336 458 338
462 336 460 338
463 336 461 338
465 336 465 336
467 336 467 336
469 336 468 336
