467 287 429 308
462 289 417 305
463 289 421 306
467 289 425 323
462 291 416 307
463 291 418 307
467 291 421 309
469 291 425 325
453 292 385 300
462 292 416 308
463 292 418 308
469 292 423 311
463 294 419 327
465 294 421 327
469 294 423 313
460 296 410 312
462 296 412 313
463 296 418 329
470 296 424 329
472 296 426 315
416 298 373 307
467 298 420 316
470 298 423 331
472 298 425 317
460 299 410 316
465 299 417 317
467 299 419 317
422 301 378 317
456 301 410 332
460 301 412 333
462 301 413 333
463 301 416 333
467 301 418 334
474 301 427 333
416 303 372 314
422 303 378 318
423 303 379 318
448 303 376 304
455 303 406 334
456 303 409 334
460 303 411 335
462 303 413 335
465 303 416 335
467 303 417 335
469 303 419 335
472 303 422 335
474 303 424 335
476 303 425 336
418 305 374 317
420 305 376 318
453 305 404 335
456 305 408 335
458 305 408 320
460 305 410 336
462 305 412 336
465 305 415 336
467 305 417 336
472 305 421 337
474 305 423 337
476 305 424 337
418 306 373 318
420 306 375 319
422 306 376 320
451 306 402 337
453 306 403 337
456 306 406 322
458 306 408 337
460 306 409 338
462 306 411 338
465 306 414 338
467 306 416 338
470 306 419 338
472 306 420 338
474 306 422 338
420 308 374 320
422 308 376 321
451 308 401 339
458 308 407 339
460 308 409 339
470 308 418 340
472 308 419 340
477 308 423 341
429 310 381 326
448 310 397 338
450 310 399 339
451 310 400 340
456 310 404 340
458 310 407 325
465 310 413 324
467 310 415 325
469 310 415 341
470 310 417 341
472 310 419 341
429 312 380 327
448 312 396 340
455 312 402 326
456 312 404 327
458 312 406 328
460 312 407 328
462 312 409 329
463 312 410 343
465 312 412 326
469 312 415 342
470 312 416 343
425 313 376 326
427 313 378 327
448 313 396 341
450 313 397 342
451 313 398 342
453 313 400 327
455 313 402 328
458 313 405 329
462 313 408 343
463 313 409 344
465 313 411 327
467 313 413 328
469 313 414 344
418 315 374 310
427 315 377 329
434 315 382 316
437 315 385 319
439 315 387 320
462 315 407 345
463 315 408 345
436 317 383 320
437 317 385 321
439 317 387 322
441 317 388 323
443 317 390 323
450 317 395 342
456 317 402 346
460 317 404 346
462 317 406 347
467 317 410 347
469 317 413 346
470 317 415 346
437 319 384 322
439 319 386 324
441 319 388 325
450 319 394 330
456 319 401 347
460 319 405 332
463 319 407 348
430 320 377 333
432 320 378 320
434 320 380 322
436 320 382 323
441 320 387 326
443 320 389 327
448 320 391 330
460 320 403 335
432 322 378 322
434 322 379 323
436 322 381 324
437 322 382 325
441 322 387 328
448 322 391 335
439 324 383 326
443 324 387 331
446 324 389 336
451 324 393 346
453 324 395 347
422 325 372 321
436 325 379 325
451 325 393 348
453 325 394 349
455 325 396 349
425 327 374 323
439 329 381 330
441 329 382 331
443 329 384 332
432 331 373 327
439 331 380 332
443 331 383 334
448 331 388 337
436 332 376 331
