422 315 421 316
425 315 424 316
426 315 425 315
420 316 418 317
422 316 421 317
425 316 424 317
418 317 417 318
420 317 419 318
421 317 420 318
422 317 421 318
425 317 424 318
426 317 425 318
416 318 415 319
418 318 417 319
420 318 419 319
421 318 420 319
423 318 422 319
414 320 414 320
420 320 419 321
409 321 408 322
411 321 410 322
413 321 412 322
414 321 414 322
416 321 415 322
421 321 420 322
422 321 421 322
430 321 430 322
408 322 407 323
409 322 408 323
411 322 410 323
413 322 412 323
414 322 414 323
416 322 415 323
418 322 417 323
420 322 418 323
421 322 420 323
422 322 421 323
430 322 430 323
406 323 401 326
408 323 407 324
409 323 408 324
411 323 410 325
413 323 412 325
414 323 414 325
416 323 415 324
417 323 416 324
420 323 419 324
421 323 420 324
422 323 421 324
426 323 425 324
427 323 426 324
408 325 407 326
409 325 408 326
411 325 409 326
413 325 412 326
414 325 414 326
416 325 415 326
418 325 417 326
421 325 420 326
422 325 421 326
425 325 424 326
426 325 425 326
433 325 433 325
420 326 419 327
432 326 432 327
433 326 433 327
404 327 403 328
407 327 405 328
408 327 407 328
409 327 408 328
411 327 410 328
414 327 414 328
416 327 415 328
420 327 419 328
421 327 420 328
422 327 421 328
425 327 424 328
426 327 425 328
427 327 426 328
430 327 429 327
431 327 430 328
432 327 432 328
433 327 433 328
404 328 403 330
407 328 405 330
408 328 407 330
409 328 408 330
411 328 409 330
412 328 411 330
414 328 414 329
416 328 415 330
418 328 417 330
420 328 419 330
421 328 420 330
422 328 421 329
425 328 424 330
426 328 425 330
427 328 426 330
433 328 433 330
403 330 402 331
404 330 403 331
407 330 405 331
408 330 407 331
409 330 408 331
411 330 410 331
414 330 414 331
421 330 420 331
422 330 421 331
425 330 424 331
426 330 425 331
431 330 431 330
398 331 397 331
399 331 398 331
402 331 400 331
430 331 430 331
431 331 431 331
436 331 435 332
398 332 397 333
399 332 398 333
402 332 400 333
403 332 401 333
404 332 403 333
407 332 405 333
408 332 407 333
409 332 408 333
411 332 409 333
412 332 411 333
414 332 414 333
416 332 415 333
417 332 416 333
420 332 419 333
421 332 420 333
422 332 421 333
425 332 424 333
436 332 434 333
398 334 397 334
399 334 398 335
402 334 400 334
403 334 402 335
404 334 403 335
407 334 405 335
408 334 407 335
409 334 408 335
411 334 409 335
412 334 411 334
414 334 414 335
416 334 415 335
417 334 416 335
420 334 419 334
421 334 420 335
422 334 421 335
425 334 424 335
426 334 425 335
427 334 426 335
428 334 427 335
430 334 430 333
431 334 431 333
394 335 392 334
396 335 394 333
397 335 395 335
398 335 396 336
399 335 398 336
402 335 400 336
403 335 402 336
408 335 407 336
409 335 408 336
411 335 409 336
413 335 412 336
414 335 414 336
416 335 415 336
417 335 416 336
420 335 419 336
421 335 420 336
422 335 421 336
425 335 424 336
426 335 425 336
427 335 426 336
430 335 429 335
431 335 431 334
397 336 395 336
428 336 427 337
430 336 429 337
431 336 431 337
397 337 395 338
398 337 396 338
399 337 398 338
402 337 400 338
403 337 401 338
407 337 406 338
409 337 408 338
411 337 410 338
416 337 415 338
417 337 416 338
420 337 419 338
421 337 420 338
422 337 421 338
425 337 424 338
426 337 425 338
427 337 426 338
428 337 427 338
430 337 429 338
431 337 431 338
397 339 395 339
398 339 396 339
399 339 398 340
402 339 400 340
403 339 401 340
404 339 403 339
408 339 407 340
409 339 408 340
411 339 410 340
414 339 413 340
416 339 415 340
417 339 416 340
420 339 419 340
421 339 420 340
422 339 421 340
425 339 424 340
426 339 425 340
427 339 426 340
428 339 427 340
398 340 396 341
399 340 397 341
402 340 400 341
404 340 403 341
407 340 405 341
408 340 407 341
409 340 408 341
411 340 410 341
414 340 413 341
416 340 415 341
417 340 416 341
421 340 420 341
422 340 421 341
425 340 423 341
421 341 420 342
425 341 424 341
426 341 426 341
398 342 396 343
399 342 398 343
401 342 399 343
404 342 403 343
406 342 404 343
407 342 406 343
409 342 408 343
411 342 410 343
414 342 413 343
416 342 415 343
417 342 416 343
423 342 422 343
393 344 391 344
394 344 392 344
396 344 394 344
399 344 398 344
401 344 399 344
403 344 402 345
404 344 403 345
406 344 404 345
408 344 407 345
409 344 408 345
411 344 410 345
414 344 413 345
416 344 415 345
421 344 419 345
394 345 393 346
396 345 394 346
399 345 398 346
401 345 399 346
403 345 402 346
404 345 403 346
406 345 404 346
408 345 407 346
409 345 408 346
411 345 410 346
414 345 413 346
416 345 415 346
420 345 418 346
393 346 391 346
394 346 393 348
398 346 397 347
399 346 398 347
403 346 402 347
406 346 404 347
408 346 407 347
418 346 416 348
393 347 391 348
394 347 393 349
396 347 395 349
401 347 399 348
409 347 408 348
411 347 410 348
412 347 411 348
413 347 412 348
417 347 414 349
398 349 397 350
399 349 398 350
401 349 399 350
404 349 403 350
406 349 405 350
407 349 406 350
409 349 408 350
411 349 410 350
412 349 411 349
413 349 413 349
397 350 395 351
398 350 396 351
399 350 398 351
401 350 399 351
403 350 402 351
404 350 403 351
406 350 404 351
409 350 408 351
411 350 409 351
413 350 411 351
