414 312 415 312
416 312 416 312
417 312 417 312
418 312 418 312
420 312 420 312
421 312 421 312
422 312 422 312
423 312 423 312
425 312 425 312
426 312 426 312
427 312 427 312
428 312 428 312
430 312 430 312
431 312 431 312
432 312 432 312
433 312 434 312
412 313 412 313
413 313 413 313
414 313 415 313
416 313 416 313
417 313 417 313
418 313 418 313
420 313 420 313
421 313 421 313
422 313 422 313
423 313 423 313
425 313 425 313
427 313 427 313
428 313 428 313
430 313 430 313
409 315 409 315
411 315 411 315
412 315 412 315
413 315 413 315
414 315 415 315
416 315 416 315
417 315 417 315
418 315 418 315
420 315 420 315
421 315 421 315
422 315 422 315
423 315 423 315
425 315 425 315
427 315 427 315
408 316 408 316
409 316 410 316
411 316 411 316
412 316 412 316
413 316 413 316
414 316 415 316
417 316 417 316
418 316 418 316
422 316 422 316
423 316 423 316
425 316 425 316
426 316 426 316
408 317 408 317
409 317 410 317
411 317 411 317
412 317 412 317
413 317 413 317
414 317 414 317
416 317 416 317
417 317 417 317
418 317 418 317
420 317 419 317
421 317 421 317
422 317 422 317
423 317 423 317
425 317 425 317
408 318 408 318
409 318 410 318
411 318 411 318
412 318 412 318
413 318 413 318
414 318 414 318
417 318 417 318
418 318 418 318
420 318 419 318
421 318 421 318
422 318 422 319
423 318 423 318
425 318 425 319
426 318 426 318
435 318 434 318
407 320 407 320
408 320 408 320
409 320 410 320
411 320 411 320
414 320 414 320
416 320 416 320
420 320 419 320
421 320 421 320
422 320 422 320
423 320 423 320
433 320 433 319
435 320 434 319
406 321 407 319
407 321 407 321
409 321 409 321
411 321 411 321
412 321 412 321
414 321 415 321
416 321 416 321
417 321 417 321
418 321 418 321
420 321 419 321
421 321 421 321
422 321 422 321
436 321 437 320
407 322 407 322
412 322 412 323
414 322 415 323
417 322 417 322
418 322 418 322
420 322 420 322
421 322 421 322
422 322 422 322
423 322 423 322
425 322 425 322
408 323 408 323
409 323 409 323
414 323 415 324
418 323 418 324
420 323 420 323
421 323 421 323
422 323 422 324
423 323 423 323
425 323 425 323
433 323 433 321
406 325 406 325
407 325 407 325
412 325 412 325
416 325 416 325
417 325 417 325
421 325 421 325
422 325 422 325
423 325 423 325
425 325 425 325
426 325 426 325
427 325 427 325
406 326 406 326
408 326 408 326
409 326 409 326
411 326 411 326
413 326 413 326
417 326 417 326
418 326 418 326
420 326 420 326
425 326 425 326
427 326 427 327
431 326 431 326
407 327 407 327
408 327 408 327
409 327 409 327
411 327 411 327
412 327 412 327
413 327 413 327
414 327 415 327
416 327 416 327
417 327 417 327
418 327 418 327
420 327 420 327
421 327 421 327
422 327 422 327
425 327 425 327
427 327 427 328
433 327 434 327
404 328 404 329
406 328 406 329
407 328 407 329
408 328 408 328
409 328 409 328
411 328 411 328
412 328 412 328
413 328 413 328
416 328 416 328
417 328 417 328
418 328 418 328
420 328 420 329
421 328 421 329
422 328 422 328
426 328 426 329
433 328 434 328
435 328 435 328
436 328 437 328
404 330 404 330
406 330 406 330
413 330 413 329
414 330 414 330
416 330 416 330
417 330 417 330
418 330 418 330
420 330 420 330
421 330 421 330
423 330 423 330
425 330 425 330
426 330 426 331
430 330 430 329
432 330 433 329
433 330 434 329
435 330 435 329
436 330 437 329
393 331 392 331
396 331 395 331
397 331 397 331
398 331 398 331
399 331 399 331
401 331 400 331
404 331 404 331
406 331 405 331
408 331 408 331
409 331 409 331
411 331 411 331
412 331 412 331
414 331 414 331
416 331 416 331
417 331 417 331
418 331 418 331
420 331 419 331
421 331 421 331
422 331 422 331
430 331 430 331
431 331 432 331
432 331 433 331
433 331 434 330
435 331 435 330
436 331 437 330
393 332 392 332
396 332 395 332
397 332 397 332
398 332 398 332
399 332 399 332
401 332 400 332
402 332 401 332
403 332 403 332
407 332 407 332
408 332 408 332
409 332 409 332
411 332 411 332
412 332 412 332
413 332 413 332
416 332 416 332
417 332 417 332
418 332 418 332
420 332 420 332
421 332 421 332
422 332 422 332
423 332 423 332
425 332 425 332
427 332 427 332
431 332 430 332
432 332 433 332
433 332 434 332
393 334 392 334
397 334 397 334
398 334 398 333
399 334 399 333
401 334 400 334
403 334 403 334
404 334 404 333
406 334 406 334
407 334 407 333
408 334 408 334
409 334 409 334
411 334 411 333
412 334 412 333
413 334 413 333
414 334 415 334
416 334 416 334
417 334 417 333
418 334 418 334
420 334 420 334
421 334 421 334
422 334 422 333
423 334 423 333
425 334 424 334
426 334 426 333
427 334 427 333
431 334 430 333
432 334 433 333
433 334 434 334
394 335 394 335
402 335 401 335
403 335 403 335
404 335 404 335
406 335 406 335
407 335 407 335
408 335 408 335
409 335 409 335
411 335 411 335
412 335 412 335
413 335 413 335
414 335 415 335
417 335 417 335
418 335 418 335
420 335 420 335
421 335 421 335
422 335 422 335
423 335 423 335
425 335 425 335
426 335 426 335
428 335 428 335
431 335 430 334
432 335 431 336
393 336 392 336
394 336 394 336
396 336 395 336
398 336 398 336
401 336 400 336
402 336 401 336
403 336 403 336
404 336 404 336
406 336 406 336
407 336 407 336
408 336 408 336
409 336 409 336
411 336 411 336
412 336 412 336
413 336 413 336
416 336 416 336
417 336 417 336
418 336 418 336
420 336 420 336
421 336 421 336
422 336 422 336
423 336 423 336
425 336 425 336
426 336 426 336
427 336 427 336
431 336 430 337
432 336 431 337
393 337 392 337
394 337 394 337
396 337 395 338
398 337 398 338
401 337 401 337
402 337 402 337
403 337 403 337
404 337 404 337
406 337 406 337
407 337 407 337
408 337 408 337
409 337 409 337
411 337 411 337
412 337 412 337
414 337 414 337
416 337 416 337
417 337 417 337
418 337 418 337
420 337 419 337
421 337 421 337
422 337 422 337
423 337 423 337
425 337 425 337
426 337 426 337
427 337 427 337
431 337 430 338
393 339 392 339
396 339 396 339
397 339 397 339
401 339 401 339
402 339 402 339
403 339 403 339
404 339 404 339
406 339 406 339
407 339 407 339
408 339 408 338
409 339 409 339
411 339 411 339
412 339 412 338
413 339 413 339
414 339 414 339
416 339 416 339
417 339 417 339
418 339 418 339
420 339 419 339
421 339 421 338
422 339 422 339
423 339 423 339
425 339 425 339
426 339 426 339
427 339 427 339
393 340 392 340
394 340 394 340
396 340 395 340
398 340 398 340
399 340 399 340
401 340 401 340
402 340 402 340
403 340 403 340
404 340 404 340
406 340 406 340
407 340 407 340
408 340 408 340
409 340 409 340
411 340 411 340
412 340 412 340
413 340 413 340
414 340 414 340
416 340 416 340
417 340 417 340
418 340 418 340
420 340 419 340
421 340 421 340
422 340 422 340
423 340 423 340
425 340 425 340
426 340 426 340
427 340 427 340
428 340 428 340
393 341 392 341
394 341 394 341
396 341 395 341
397 341 397 341
398 341 398 341
399 341 399 341
401 341 401 341
403 341 403 341
404 341 404 341
406 341 406 341
407 341 407 341
408 341 408 341
409 341 409 341
411 341 411 341
412 341 412 341
413 341 413 341
414 341 415 341
416 341 416 341
417 341 417 341
418 341 418 341
420 341 420 341
421 341 421 341
422 341 422 341
423 341 423 341
425 341 425 341
426 341 426 341
393 342 392 342
394 342 394 342
397 342 397 342
398 342 398 342
399 342 399 342
401 342 401 342
402 342 402 342
403 342 403 342
404 342 404 342
406 342 406 342
407 342 407 342
408 342 408 342
409 342 409 342
411 342 411 342
412 342 412 342
413 342 413 342
414 342 414 342
416 342 416 342
417 342 417 342
418 342 418 342
420 342 420 342
421 342 421 342
422 342 422 342
423 342 423 342
393 344 392 343
394 344 394 343
396 344 396 343
397 344 397 343
398 344 398 343
399 344 399 343
401 344 401 344
402 344 402 344
403 344 403 344
404 344 404 344
406 344 405 344
407 344 407 344
408 344 408 344
409 344 410 344
411 344 411 344
412 344 412 344
413 344 413 344
414 344 414 344
416 344 416 344
417 344 417 344
418 344 418 344
420 344 420 344
421 344 421 344
393 345 392 345
394 345 394 345
396 345 396 345
397 345 397 344
398 345 398 345
399 345 399 345
401 345 401 345
402 345 402 345
403 345 403 345
404 345 404 345
406 345 405 345
407 345 407 345
408 345 408 345
409 345 409 345
411 345 411 345
412 345 412 345
413 345 413 345
414 345 415 345
416 345 416 345
417 345 417 345
418 345 418 345
420 345 420 345
393 346 392 346
394 346 394 346
397 346 397 346
398 346 398 346
401 346 401 346
402 346 402 346
403 346 403 346
404 346 404 346
406 346 405 346
407 346 407 346
408 346 408 346
409 346 409 346
411 346 411 346
412 346 412 346
413 346 413 346
414 346 415 346
394 347 394 347
396 347 396 347
397 347 397 347
399 347 399 347
401 347 401 347
402 347 402 347
403 347 403 347
404 347 404 347
406 347 406 347
407 347 407 347
408 347 408 347
409 347 409 347
411 347 411 347
412 347 412 347
413 347 413 347
414 347 414 347
416 347 416 347
417 347 417 347
396 349 395 349
397 349 397 349
398 349 398 348
399 349 399 349
401 349 401 349
402 349 402 349
403 349 403 349
404 349 404 349
406 349 406 349
407 349 407 349
408 349 408 349
409 349 409 349
411 349 411 349
412 349 412 349
413 349 413 349
414 349 414 349
396 350 395 350
398 350 398 350
399 350 399 350
401 350 401 350
402 350 402 350
403 350 403 350
404 350 404 350
406 350 406 350
407 350 407 350
408 350 408 350
409 350 410 350
411 350 411 350
412 350 412 350
413 350 413 350
