417 304 417 304
425 304 425 305
427 304 427 305
414 306 414 306
419 306 419 306
420 306 421 306
422 306 422 306
424 306 424 306
427 306 427 306
429 306 429 307
430 306 430 307
409 308 409 308
411 308 411 308
412 308 412 308
414 308 414 308
415 308 415 308
417 308 417 308
419 308 419 308
420 308 421 308
422 308 422 308
425 308 425 308
427 308 427 308
429 308 429 308
430 308 430 308
409 309 409 309
414 309 414 309
415 309 415 309
417 309 417 309
419 309 419 309
420 309 420 309
422 309 422 309
424 309 424 309
425 309 425 309
427 309 427 309
429 309 429 309
430 309 430 310
407 311 407 310
409 311 409 311
411 311 411 311
412 311 412 311
414 311 414 311
415 311 415 311
417 311 417 311
419 311 419 311
420 311 420 311
422 311 422 311
424 311 424 311
425 311 425 311
429 311 429 311
430 311 430 311
414 313 414 313
415 313 415 313
417 313 417 313
419 313 419 313
420 313 420 313
422 313 422 313
424 313 424 313
425 313 425 313
427 313 427 313
429 313 429 313
409 314 409 314
411 314 411 314
412 314 412 314
414 314 414 315
417 314 417 314
419 314 419 314
420 314 420 314
422 314 422 314
424 314 424 314
425 314 425 314
427 314 427 314
407 316 407 316
409 316 409 316
414 316 414 316
417 316 417 316
419 316 419 316
420 316 420 316
422 316 422 316
424 316 424 316
425 316 425 316
427 316 427 316
429 316 429 316
373 318 372 317
374 318 375 318
376 318 376 318
407 318 407 318
409 318 409 318
411 318 411 318
412 318 412 318
415 318 416 318
417 318 417 318
419 318 419 318
420 318 420 318
422 318 422 318
424 318 424 318
425 318 425 318
373 319 372 319
374 319 374 319
376 319 376 319
378 319 378 319
404 319 404 319
406 319 405 320
407 319 407 319
414 319 414 319
415 319 415 319
417 319 417 319
419 319 419 319
420 319 420 319
422 319 422 319
424 319 424 319
374 321 374 321
376 321 376 321
378 321 378 321
402 321 402 321
404 321 404 321
406 321 406 321
407 321 407 321
411 321 411 321
414 321 414 321
415 321 415 321
417 321 417 321
419 321 419 321
420 321 420 321
422 321 422 321
427 321 427 322
434 321 434 321
373 323 372 322
374 323 374 323
376 323 376 323
378 323 378 323
399 323 399 323
404 323 404 323
406 323 406 323
407 323 407 323
409 323 409 323
411 323 411 323
412 323 412 323
414 323 414 323
415 323 415 323
417 323 417 323
419 323 419 323
420 323 420 323
422 323 422 323
425 323 425 323
427 323 427 323
429 323 429 323
434 323 434 323
373 324 372 323
374 324 374 324
376 324 376 324
381 324 381 324
384 324 385 324
404 324 404 324
406 324 406 324
407 324 407 324
409 324 409 324
411 324 411 324
414 324 414 324
415 324 416 324
417 324 417 324
419 324 419 324
420 324 420 324
422 324 422 324
425 324 425 325
374 326 374 325
379 326 379 326
381 326 381 326
397 326 397 326
401 326 401 326
404 326 404 326
406 326 406 326
407 326 407 326
409 326 409 326
411 326 411 326
412 326 412 326
415 326 415 326
417 326 417 326
419 326 419 326
420 326 420 326
422 326 422 326
424 326 424 326
425 326 425 326
427 326 427 326
429 326 428 326
430 326 430 326
373 327 372 327
374 327 375 328
376 327 376 327
378 327 378 328
379 327 379 327
381 327 381 328
396 327 396 327
397 327 397 327
401 327 401 327
404 327 404 327
406 327 406 327
407 327 407 327
409 327 409 327
411 327 411 328
412 327 412 328
414 327 414 327
415 327 415 327
417 327 417 327
419 327 419 327
420 327 420 327
422 327 422 327
424 327 424 327
425 327 425 328
427 327 427 328
429 327 428 328
435 327 435 328
374 329 374 329
376 329 376 329
379 329 379 329
381 329 381 329
384 329 384 329
388 329 388 329
391 329 391 329
396 329 396 329
397 329 397 329
399 329 399 329
404 329 404 329
406 329 406 329
407 329 407 329
409 329 409 329
411 329 411 329
412 329 412 329
414 329 414 329
415 329 415 329
417 329 417 329
419 329 419 329
420 329 420 329
422 329 422 329
424 329 424 329
425 329 425 329
427 329 427 329
435 329 435 330
373 331 373 331
374 331 375 331
376 331 376 331
378 331 378 331
383 331 383 331
388 331 388 331
389 331 389 331
391 331 391 331
393 331 392 331
397 331 397 331
399 331 399 331
402 331 402 331
404 331 404 331
407 331 407 331
409 331 409 331
411 331 411 331
412 331 412 331
414 331 414 331
415 331 415 331
417 331 417 331
419 331 419 331
420 331 420 331
422 331 422 331
424 331 424 331
427 331 427 331
429 331 428 330
430 331 430 331
432 331 432 331
435 331 435 332
376 332 376 332
378 332 378 332
381 332 381 333
383 332 383 332
384 332 384 332
386 332 386 332
389 332 389 332
393 332 392 332
394 332 394 332
396 332 396 332
397 332 397 332
401 332 401 332
402 332 402 332
404 332 404 332
406 332 406 332
407 332 407 332
409 332 409 332
411 332 411 333
412 332 412 333
414 332 414 332
415 332 415 332
417 332 417 332
419 332 419 332
420 332 420 332
422 332 422 332
424 332 424 333
425 332 425 332
429 332 428 332
432 332 432 333
435 332 435 333
376 334 376 334
378 334 378 334
379 334 379 334
388 334 388 334
389 334 389 334
393 334 392 334
396 334 396 334
397 334 397 334
401 334 401 334
402 334 402 334
407 334 407 334
409 334 409 334
411 334 411 334
412 334 412 334
414 334 414 334
415 334 415 334
417 334 417 334
419 334 419 334
420 334 420 334
422 334 422 334
424 334 424 334
427 334 427 334
430 334 430 334
434 334 433 335
376 336 376 336
378 336 378 336
379 336 379 336
383 336 383 336
384 336 384 336
388 336 388 336
389 336 389 336
393 336 392 336
396 336 396 336
397 336 397 336
399 336 399 336
401 336 401 336
402 336 402 336
406 336 406 336
407 336 407 336
409 336 409 336
411 336 411 336
412 336 412 336
414 336 414 336
415 336 415 336
417 336 417 336
419 336 419 336
420 336 420 336
422 336 422 336
424 336 424 336
425 336 425 335
427 336 427 335
430 336 430 336
432 336 432 337
379 337 379 337
384 337 384 337
386 337 386 337
388 337 388 337
389 337 389 337
393 337 392 337
399 337 399 337
401 337 401 337
402 337 402 337
404 337 404 337
406 337 406 337
407 337 407 337
409 337 409 337
411 337 410 337
412 337 412 337
414 337 414 337
415 337 415 337
417 337 417 337
419 337 419 337
422 337 422 337
425 337 425 337
427 337 427 337
429 337 428 338
430 337 430 338
383 339 383 339
384 339 384 339
386 339 386 339
388 339 388 339
389 339 389 339
394 339 394 338
397 339 397 339
399 339 399 339
401 339 401 339
402 339 402 339
404 339 404 339
406 339 406 339
407 339 407 339
409 339 409 339
411 339 410 339
412 339 412 339
414 339 414 339
417 339 417 339
420 339 420 339
425 339 425 339
427 339 427 339
429 339 429 339
386 341 386 341
388 341 388 341
399 341 399 341
401 341 401 341
402 341 402 341
404 341 404 341
411 341 410 341
414 341 414 341
415 341 415 341
419 341 419 341
420 341 420 341
422 341 422 341
424 341 424 341
425 341 425 341
393 342 393 342
394 342 394 342
397 342 397 342
399 342 399 342
401 342 401 342
402 342 402 342
407 342 407 342
409 342 409 342
412 342 412 342
415 342 415 342
417 342 417 342
419 342 419 342
420 342 420 342
386 344 386 344
388 344 388 344
393 344 393 344
397 344 397 344
399 344 399 344
401 344 401 344
404 344 404 344
406 344 406 344
407 344 407 344
409 344 409 344
411 344 410 344
412 344 412 344
414 344 414 344
415 344 415 344
419 344 419 344
420 344 420 344
391 345 391 346
396 345 396 345
397 345 397 346
399 345 399 346
401 345 401 346
402 345 402 346
404 345 404 346
406 345 406 346
407 345 407 346
409 345 409 346
411 345 410 346
412 345 412 346
415 345 416 345
394 347 394 347
396 347 396 347
399 347 399 347
401 347 401 347
402 347 402 347
404 347 404 347
407 347 407 347
409 347 409 347
411 347 411 347
412 347 412 347
414 347 414 347
415 347 416 347
417 347 418 347
394 349 394 348
397 349 397 349
402 349 402 349
404 349 404 349
406 349 406 349
407 349 407 349
414 349 414 349
394 350 393 350
397 350 397 350
399 350 399 351
401 350 401 350
402 350 402 350
404 350 404 350
407 350 407 350
409 350 409 350
411 350 411 350
412 350 412 350
