453 286 391 296
455 286 395 296
453 288 390 297
460 291 420 323
465 291 425 323
467 291 426 324
458 293 418 324
465 293 424 324
467 293 425 325
449 295 385 300
463 295 422 326
465 295 424 326
468 295 428 326
449 297 384 302
463 297 418 311
468 297 425 328
470 297 426 329
458 298 416 328
460 298 418 329
463 298 418 314
465 298 420 314
467 298 423 329
468 298 424 329
470 298 426 330
472 298 429 333
458 300 411 314
460 300 413 314
461 300 415 315
463 300 420 329
465 300 419 316
467 300 422 330
468 300 424 331
451 302 397 311
458 302 410 316
463 302 418 332
467 302 421 332
468 302 423 332
470 302 424 333
418 304 378 317
446 304 379 303
453 304 408 333
455 304 410 333
456 304 411 333
460 304 414 333
461 304 416 333
463 304 417 333
467 304 420 334
468 304 422 334
413 305 372 314
415 305 374 315
418 305 377 318
443 305 375 304
444 305 376 305
446 305 378 305
453 305 408 334
456 305 411 335
461 305 415 334
467 305 419 335
472 305 424 335
413 307 372 316
415 307 374 317
417 307 375 318
455 307 409 336
456 307 410 336
460 307 413 335
461 307 414 336
470 307 422 336
475 307 425 336
415 309 373 318
417 309 375 319
418 309 376 320
456 309 408 338
458 309 410 338
460 309 412 322
465 309 416 337
467 309 418 338
470 309 421 338
472 309 422 338
475 309 425 338
477 309 426 339
417 310 374 321
418 310 375 321
446 310 399 338
448 310 401 338
465 310 415 339
468 310 418 339
470 310 419 340
472 310 421 339
475 310 424 340
477 310 425 341
444 312 397 337
446 312 398 340
458 312 409 340
463 312 413 324
468 312 417 341
472 312 421 341
475 312 423 342
439 314 378 327
441 314 379 327
444 314 396 339
455 314 405 327
456 314 407 328
458 314 408 342
460 314 410 329
463 314 413 326
467 314 415 342
468 314 417 342
470 314 418 342
472 314 420 343
451 316 401 328
455 316 405 329
456 316 406 343
458 316 407 343
460 316 409 344
467 316 414 343
470 316 417 344
424 317 377 329
436 317 387 320
446 317 396 341
448 317 398 342
449 317 399 344
458 317 406 344
465 317 413 330
468 317 415 345
434 319 385 321
436 319 387 322
437 319 388 323
439 319 390 323
446 319 395 342
448 319 397 344
453 319 401 346
461 319 408 346
467 319 413 346
468 319 414 347
437 321 387 325
444 321 392 343
455 321 402 348
456 321 404 331
460 321 406 348
465 321 410 347
467 321 412 348
431 322 380 321
432 322 382 322
437 322 387 326
439 322 388 327
444 322 392 345
446 322 393 331
448 322 395 334
453 322 399 333
455 322 401 333
456 322 403 333
458 322 405 333
460 322 405 349
461 322 408 348
431 324 379 323
432 324 381 324
436 324 383 325
446 324 392 335
448 324 394 336
460 324 404 351
417 326 372 320
436 326 383 329
443 326 389 336
448 326 393 345
449 326 395 346
451 326 397 350
432 328 379 324
443 328 388 338
444 328 388 344
448 328 392 347
453 328 397 348
455 328 399 350
451 329 395 349
441 331 385 332
439 333 383 333
441 333 385 334
441 334 385 336
432 336 374 331
