460 286 447 296
461 286 449 296
463 286 451 296
465 286 452 296
467 286 454 296
455 288 440 297
456 288 442 297
458 288 445 298
460 288 447 298
461 288 448 298
463 288 450 298
465 288 452 298
467 288 454 298
453 290 438 299
455 290 440 299
456 290 442 299
458 290 445 299
460 290 447 299
461 290 448 299
463 290 450 299
465 290 452 300
467 290 454 300
470 290 457 299
451 291 434 301
453 291 439 300
455 291 440 301
456 291 442 301
458 291 444 301
460 291 447 301
461 291 448 301
463 291 450 301
465 291 452 301
468 291 456 301
470 291 457 301
453 293 439 303
455 293 440 302
456 293 442 302
458 293 444 302
460 293 446 303
461 293 448 303
463 293 451 303
465 293 452 303
467 293 454 304
468 293 456 304
451 295 436 303
455 295 440 304
456 295 442 304
458 295 444 304
460 295 446 305
461 295 448 305
463 295 450 305
465 295 452 305
467 295 454 306
468 295 456 306
470 295 458 306
472 295 459 306
451 297 436 305
453 297 438 305
456 297 442 306
458 297 444 306
460 297 446 306
461 297 448 307
463 297 450 307
465 297 452 307
467 297 454 308
468 297 456 308
470 297 458 308
448 298 431 306
449 298 434 307
451 298 436 307
453 298 438 307
455 298 439 307
456 298 442 308
458 298 444 308
460 298 446 308
461 298 448 308
463 298 450 308
465 298 452 309
467 298 454 309
468 298 456 309
470 298 458 309
448 300 431 308
449 300 434 308
451 300 436 309
453 300 438 309
455 300 439 309
456 300 442 310
458 300 444 310
460 300 446 310
461 300 448 310
463 300 450 310
465 300 452 311
467 300 454 311
468 300 456 311
470 300 458 311
472 300 459 311
413 302 400 310
436 302 418 307
449 302 433 311
451 302 436 311
453 302 438 311
455 302 440 311
456 302 442 312
458 302 444 312
460 302 446 312
461 302 448 312
463 302 450 312
465 302 452 312
467 302 454 313
468 302 456 313
470 302 458 313
413 304 400 312
439 304 422 311
448 304 432 312
451 304 436 312
453 304 438 312
455 304 440 312
456 304 441 313
458 304 444 314
460 304 446 314
461 304 448 314
463 304 450 314
465 304 452 314
467 304 454 314
468 304 456 315
470 304 458 315
474 304 461 312
413 305 400 313
417 305 401 314
422 305 406 314
439 305 422 313
441 305 424 313
443 305 426 313
444 305 427 313
446 305 430 314
448 305 432 313
449 305 433 314
451 305 435 314
453 305 437 314
455 305 440 315
456 305 441 315
458 305 443 315
460 305 446 316
461 305 448 315
463 305 450 316
465 305 452 316
467 305 454 316
468 305 456 316
470 305 458 316
472 305 460 316
474 305 462 316
475 305 464 316
415 307 400 316
417 307 401 316
418 307 403 316
424 307 407 315
425 307 409 315
429 307 411 314
431 307 412 314
432 307 414 315
434 307 416 315
436 307 418 315
437 307 420 315
439 307 422 315
441 307 424 315
443 307 426 315
444 307 427 315
446 307 429 315
448 307 431 315
449 307 433 316
451 307 435 316
453 307 437 316
455 307 439 317
456 307 441 317
458 307 443 317
460 307 446 317
461 307 447 317
463 307 449 317
465 307 452 318
467 307 454 318
468 307 455 318
470 307 458 318
472 307 460 318
474 307 462 318
475 307 463 318
477 307 466 319
417 309 402 318
418 309 403 318
429 309 411 316
432 309 414 316
434 309 416 317
436 309 418 317
437 309 420 317
439 309 422 317
441 309 423 317
443 309 425 317
444 309 427 317
446 309 429 317
448 309 431 317
449 309 433 317
451 309 434 319
453 309 437 318
455 309 439 319
456 309 441 319
458 309 443 319
460 309 446 319
461 309 448 319
463 309 450 319
465 309 452 320
467 309 454 320
468 309 455 320
470 309 458 320
472 309 460 320
474 309 462 320
475 309 464 320
477 309 466 321
417 310 402 320
418 310 403 320
420 310 405 319
422 310 406 319
425 310 408 318
427 310 410 319
429 310 412 319
431 310 414 319
432 310 416 319
436 310 418 318
437 310 420 318
439 310 422 318
441 310 424 318
443 310 425 318
444 310 427 318
446 310 429 319
448 310 432 319
451 310 434 320
453 310 437 320
455 310 439 320
456 310 441 320
458 310 443 320
460 310 446 321
461 310 448 321
463 310 450 321
465 310 452 321
467 310 454 321
468 310 455 321
470 310 458 322
472 310 460 322
474 310 462 323
475 310 464 323
477 310 466 323
417 312 402 322
418 312 403 321
420 312 405 321
422 312 406 321
425 312 409 321
427 312 411 321
429 312 413 321
431 312 414 321
432 312 416 321
434 312 417 321
437 312 420 321
441 312 424 320
443 312 425 320
444 312 427 320
446 312 429 321
448 312 432 321
451 312 435 322
453 312 437 322
455 312 439 322
456 312 441 322
458 312 443 322
460 312 446 323
461 312 447 323
463 312 449 323
465 312 452 323
467 312 454 323
468 312 455 323
470 312 458 324
472 312 460 324
474 312 462 324
413 314 400 323
417 314 402 323
418 314 403 323
420 314 405 323
422 314 406 323
424 314 408 323
427 314 411 323
429 314 413 323
431 314 414 323
432 314 416 323
434 314 418 323
436 314 419 323
437 314 421 323
439 314 422 322
443 314 425 322
446 314 429 322
448 314 431 322
449 314 433 323
453 314 437 323
455 314 439 324
456 314 441 324
458 314 443 324
460 314 445 324
461 314 448 325
463 314 449 325
465 314 452 325
467 314 454 325
468 314 455 325
470 314 458 325
422 316 406 325
424 316 408 325
425 316 410 325
429 316 413 325
432 316 416 325
434 316 418 325
436 316 419 325
437 316 421 325
439 316 422 324
441 316 424 324
443 316 426 324
444 316 427 324
446 316 429 324
449 316 433 325
451 316 435 325
453 316 437 325
455 316 439 325
456 316 441 326
458 316 443 326
460 316 445 326
461 316 447 326
463 316 449 327
465 316 452 327
467 316 453 327
468 316 456 327
417 317 403 327
424 317 408 328
425 317 410 327
429 317 413 327
431 317 415 326
434 317 418 326
436 317 419 326
437 317 421 326
439 317 423 326
441 317 424 326
443 317 426 326
444 317 428 326
448 317 431 326
449 317 433 327
451 317 435 327
453 317 437 327
455 317 439 327
456 317 441 327
458 317 443 327
460 317 445 327
461 317 447 328
463 317 449 328
465 317 452 329
425 319 410 329
427 319 411 329
429 319 413 329
432 319 416 329
434 319 418 329
436 319 419 328
437 319 421 328
439 319 423 328
441 319 424 328
443 319 426 328
446 319 429 328
448 319 431 328
449 319 433 329
451 319 435 329
453 319 437 329
455 319 439 329
456 319 441 329
458 319 443 329
460 319 445 329
461 319 447 329
463 319 449 330
465 319 451 330
422 321 407 332
424 321 408 331
425 321 410 331
427 321 411 331
429 321 413 331
432 321 416 331
434 321 418 331
436 321 419 331
437 321 421 331
439 321 423 330
441 321 424 330
443 321 426 330
444 321 428 330
446 321 430 330
448 321 431 331
449 321 433 331
451 321 435 331
453 321 437 331
455 321 439 331
456 321 441 331
458 321 443 331
460 321 445 331
461 321 447 332
463 321 449 332
465 321 451 332
418 322 405 333
422 322 407 333
424 322 409 333
425 322 410 333
427 322 412 333
429 322 414 333
431 322 415 332
434 322 418 332
436 322 420 332
437 322 421 332
439 322 423 332
441 322 424 332
443 322 426 332
444 322 428 332
446 322 429 332
448 322 431 332
453 322 437 332
455 322 439 332
456 322 440 333
458 322 442 333
460 322 445 333
461 322 447 333
463 322 449 334
465 322 451 334
420 324 406 335
424 324 409 335
425 324 410 335
427 324 412 335
429 324 414 335
431 324 416 335
432 324 416 334
436 324 420 334
437 324 421 334
439 324 423 334
441 324 425 334
443 324 426 334
444 324 428 334
446 324 430 334
448 324 431 334
449 324 432 333
451 324 434 333
453 324 437 334
455 324 439 334
456 324 440 334
458 324 442 334
460 324 445 335
461 324 447 335
418 326 405 337
422 326 407 337
425 326 411 337
427 326 412 337
429 326 414 337
431 326 416 337
432 326 417 337
434 326 418 336
436 326 420 336
439 326 423 336
441 326 425 336
443 326 426 336
444 326 428 336
446 326 430 336
448 326 431 336
449 326 433 336
451 326 435 336
453 326 437 336
455 326 438 336
456 326 440 336
458 326 443 336
460 326 444 337
461 326 446 337
425 328 411 339
427 328 412 339
429 328 414 339
431 328 416 339
432 328 417 339
434 328 418 338
436 328 420 338
437 328 422 338
439 328 423 338
443 328 427 338
444 328 428 338
446 328 430 338
448 328 431 338
449 328 433 338
451 328 435 338
453 328 437 338
455 328 439 338
456 328 440 338
458 328 443 338
460 328 444 338
461 328 446 339
425 329 410 341
427 329 412 341
429 329 414 341
431 329 416 340
432 329 417 341
434 329 419 341
436 329 421 341
437 329 422 340
439 329 423 340
443 329 426 340
444 329 428 340
446 329 430 340
448 329 432 340
449 329 433 340
455 329 438 339
456 329 440 340
458 329 442 340
460 329 444 340
425 331 411 343
427 331 413 343
431 331 416 343
432 331 417 343
434 331 419 343
436 331 421 343
437 331 422 342
441 331 425 342
444 331 428 342
446 331 430 342
449 331 433 342
451 331 435 342
461 331 446 342
429 333 414 345
436 333 421 345
437 333 422 345
439 333 424 344
444 333 428 344
448 333 431 344
432 334 418 347
