460 286 427 308
465 286 434 308
467 286 436 308
455 288 420 308
456 288 423 309
458 288 425 309
460 288 427 309
461 288 429 310
463 288 431 310
465 288 433 310
453 290 418 310
455 290 420 310
456 290 422 310
458 290 425 311
460 290 427 311
461 290 429 311
463 290 431 312
465 290 433 312
468 290 438 310
451 291 415 311
453 291 418 312
455 291 420 312
456 291 422 312
458 291 424 312
460 291 427 313
461 291 428 313
463 291 431 313
465 291 433 314
467 291 435 314
468 291 437 313
470 291 439 312
451 293 415 313
453 293 417 313
455 293 420 314
456 293 422 314
458 293 424 314
460 293 426 314
461 293 428 315
463 293 431 315
465 293 433 316
467 293 435 316
468 293 437 316
470 293 439 314
455 295 420 316
456 295 421 316
458 295 423 316
460 295 426 316
461 295 428 317
465 295 432 318
467 295 434 318
468 295 436 318
470 295 439 316
448 297 407 313
449 297 408 317
451 297 414 316
453 297 416 315
455 297 420 318
456 297 421 318
458 297 423 318
460 297 425 318
461 297 428 319
463 297 431 319
467 297 434 320
468 297 436 320
470 297 439 320
448 298 407 316
449 298 411 317
451 298 414 317
453 298 416 318
455 298 418 318
456 298 421 320
458 298 423 319
460 298 425 320
461 298 427 320
463 298 431 320
467 298 434 322
468 298 436 322
470 298 438 322
472 298 441 324
413 300 378 313
424 300 390 313
425 300 392 313
449 300 411 319
451 300 414 319
453 300 416 319
455 300 418 320
456 300 421 322
458 300 423 321
460 300 425 322
461 300 427 322
463 300 431 322
465 300 432 323
467 300 434 324
468 300 436 324
470 300 438 324
472 300 440 324
413 302 378 317
415 302 380 318
420 302 382 318
425 302 386 318
448 302 408 320
449 302 411 321
451 302 414 321
453 302 415 321
455 302 417 322
456 302 419 322
458 302 423 323
460 302 425 324
461 302 427 324
463 302 429 325
465 302 432 325
467 302 434 325
468 302 436 326
470 302 438 326
472 302 440 326
413 304 378 320
417 304 379 321
420 304 382 320
434 304 391 319
436 304 394 319
439 304 397 320
448 304 408 322
449 304 410 323
451 304 413 323
453 304 415 323
455 304 418 323
456 304 419 324
458 304 421 325
460 304 424 326
461 304 426 326
463 304 428 326
465 304 431 327
467 304 433 327
468 304 436 328
470 304 438 328
472 304 440 328
417 305 380 322
418 305 381 322
422 305 384 323
434 305 391 322
436 305 394 321
437 305 396 321
441 305 399 322
443 305 401 322
444 305 403 323
446 305 406 324
448 305 408 324
449 305 410 324
451 305 413 325
453 305 415 325
455 305 417 325
456 305 419 326
460 305 424 328
461 305 426 328
463 305 428 328
465 305 430 328
467 305 433 329
468 305 435 329
470 305 437 329
472 305 440 330
474 305 441 328
475 305 444 331
417 307 380 324
418 307 381 324
420 307 383 325
424 307 385 324
431 307 389 323
436 307 394 324
437 307 396 324
439 307 398 325
444 307 404 325
446 307 406 326
448 307 408 326
449 307 410 326
451 307 413 326
453 307 415 327
455 307 417 327
456 307 419 328
458 307 421 328
460 307 424 329
461 307 426 330
463 307 428 330
465 307 430 330
467 307 433 331
468 307 435 331
470 307 437 331
472 307 440 332
474 307 441 332
475 307 443 332
415 309 379 326
417 309 380 327
420 309 383 327
422 309 384 326
424 309 386 326
434 309 392 326
436 309 394 326
437 309 396 326
439 309 398 326
441 309 399 326
443 309 401 326
444 309 404 327
446 309 406 328
448 309 408 328
449 309 410 328
451 309 411 328
453 309 415 329
455 309 417 329
456 309 419 330
458 309 421 330
460 309 423 331
461 309 426 332
463 309 428 332
465 309 430 333
467 309 433 333
468 309 435 333
470 309 437 333
472 309 440 334
474 309 441 334
475 309 443 334
477 309 446 335
415 310 379 328
417 310 380 328
420 310 383 328
422 310 384 328
424 310 386 328
429 310 389 327
431 310 389 326
432 310 390 326
436 310 394 328
437 310 396 328
439 310 398 328
441 310 399 328
443 310 401 328
444 310 403 329
446 310 405 329
448 310 407 329
449 310 410 329
451 310 411 330
453 310 414 331
455 310 416 331
456 310 419 331
458 310 421 332
461 310 426 334
463 310 428 334
465 310 430 334
467 310 432 334
468 310 435 335
470 310 437 335
472 310 440 335
474 310 441 336
475 310 444 337
477 310 446 337
415 312 379 330
417 312 380 330
420 312 383 330
422 312 385 331
424 312 386 330
427 312 388 330
429 312 390 330
432 312 392 330
434 312 394 330
437 312 396 330
439 312 398 330
441 312 399 330
443 312 401 330
444 312 403 331
446 312 405 331
448 312 407 331
449 312 409 331
451 312 411 332
453 312 413 333
455 312 416 333
456 312 418 333
458 312 421 334
460 312 423 334
461 312 425 335
463 312 427 336
465 312 430 336
467 312 431 336
468 312 433 336
470 312 436 337
472 312 439 338
474 312 441 338
475 312 443 339
413 314 378 332
417 314 380 332
418 314 382 332
422 314 385 333
424 314 386 333
427 314 388 332
429 314 390 332
431 314 392 332
434 314 394 332
437 314 396 332
439 314 398 332
441 314 399 332
443 314 401 332
444 314 402 332
446 314 405 333
448 314 407 333
449 314 409 333
451 314 411 334
453 314 413 334
455 314 415 334
456 314 418 335
458 314 420 335
460 314 422 336
461 314 424 337
463 314 427 337
465 314 429 338
467 314 432 338
468 314 433 338
470 314 436 339
472 314 438 340
477 314 445 341
413 316 378 334
415 316 380 334
418 316 382 335
422 316 384 335
424 316 386 335
425 316 387 335
427 316 389 335
429 316 390 334
431 316 392 334
432 316 393 334
436 316 396 334
437 316 397 334
441 316 399 334
443 316 401 334
444 316 403 334
446 316 405 334
448 316 406 335
449 316 409 335
451 316 411 336
453 316 413 336
455 316 414 336
456 316 418 337
458 316 420 337
460 316 422 337
461 316 424 338
463 316 427 339
465 316 429 340
467 316 431 340
468 316 434 340
470 316 436 340
472 316 438 342
474 316 440 343
475 316 443 343
477 316 445 343
415 317 380 336
417 317 382 336
422 317 384 337
424 317 386 337
425 317 387 337
429 317 390 337
431 317 392 336
432 317 393 336
434 317 395 336
436 317 396 336
441 317 399 336
443 317 401 336
444 317 403 336
446 317 404 336
448 317 406 337
449 317 408 337
451 317 410 338
453 317 413 338
455 317 415 338
456 317 417 338
458 317 420 339
460 317 422 339
461 317 424 339
463 317 425 339
465 317 429 342
467 317 431 342
468 317 434 342
470 317 436 342
474 317 441 344
475 317 443 345
415 319 382 338
424 319 385 339
425 319 387 339
427 319 388 339
431 319 392 339
432 319 393 339
434 319 395 338
436 319 397 338
441 319 399 338
443 319 401 338
444 319 402 338
446 319 404 338
448 319 406 339
449 319 408 339
451 319 410 340
453 319 412 340
455 319 415 340
456 319 417 340
458 319 419 341
460 319 421 341
461 319 423 341
463 319 425 341
465 319 428 343
467 319 431 344
468 319 433 344
470 319 436 344
415 321 382 340
418 321 383 341
424 321 385 341
425 321 387 341
427 321 389 341
429 321 391 341
432 321 393 341
436 321 396 340
439 321 398 340
441 321 400 340
444 321 403 340
446 321 404 340
448 321 406 340
449 321 408 341
451 321 410 341
453 321 412 342
455 321 414 342
456 321 417 342
458 321 419 343
460 321 421 343
461 321 423 343
463 321 425 344
465 321 428 345
467 321 431 345
415 322 382 342
420 322 383 342
422 322 385 343
425 322 387 343
427 322 389 343
429 322 391 343
432 322 393 342
434 322 394 342
436 322 396 342
439 322 399 343
441 322 400 342
443 322 401 342
446 322 404 342
448 322 406 342
449 322 408 343
451 322 410 343
453 322 412 344
455 322 414 344
456 322 416 344
458 322 418 344
460 322 421 345
461 322 423 346
463 322 425 346
465 322 428 347
468 322 432 348
470 322 438 346
422 324 385 345
424 324 387 345
425 324 388 345
429 324 391 345
431 324 392 345
434 324 395 345
436 324 396 345
437 324 397 345
441 324 400 345
443 324 401 344
444 324 403 344
448 324 406 344
449 324 407 344
451 324 409 345
453 324 412 345
455 324 414 346
458 324 418 346
460 324 420 347
461 324 422 348
463 324 424 348
468 324 431 349
422 326 385 347
424 326 387 347
425 326 388 347
429 326 391 347
431 326 392 347
432 326 393 346
436 326 396 347
437 326 398 347
439 326 399 347
441 326 400 347
443 326 402 346
444 326 403 346
446 326 405 347
449 326 408 347
451 326 409 347
453 326 412 348
455 326 414 348
456 326 416 348
458 326 418 348
463 326 424 350
424 328 387 348
425 328 388 349
427 328 390 349
431 328 392 349
432 328 394 349
434 328 395 349
437 328 398 349
439 328 399 349
441 328 401 349
443 328 402 349
444 328 403 348
446 328 405 349
449 328 407 348
451 328 409 349
453 328 411 349
455 328 413 349
456 328 415 350
458 328 418 350
460 328 420 350
422 329 386 352
425 329 388 352
427 329 390 352
431 329 392 351
432 329 394 351
434 329 395 351
437 329 398 351
439 329 399 351
441 329 401 351
444 329 403 350
446 329 405 351
448 329 407 351
451 329 409 350
453 329 411 350
455 329 413 351
456 329 415 351
458 329 417 352
460 329 419 352
427 331 390 353
429 331 391 353
432 331 394 353
434 331 395 353
436 331 397 353
439 331 400 353
441 331 401 353
443 331 403 353
446 331 405 353
448 331 407 353
449 331 408 353
453 331 411 353
455 331 413 353
456 331 414 353
458 331 417 354
431 333 393 355
434 333 395 355
437 333 398 355
441 333 401 355
443 333 402 355
444 333 404 355
448 333 407 355
449 333 408 355
453 333 411 355
455 333 412 354
456 333 414 355
458 333 417 356
429 334 391 357
431 334 393 357
432 334 395 357
441 334 401 357
453 334 410 357
456 334 414 357
432 336 395 359
468 336 422 358
470 336 437 350
434 338 398 361
436 338 400 361
453 338 411 360
467 338 421 360
