453 286 410 314
460 286 425 315
461 286 427 313
463 286 428 313
465 286 430 313
467 286 432 313
455 288 419 316
456 288 421 317
458 288 423 317
463 288 427 317
465 288 429 316
467 288 432 316
455 290 419 318
456 290 420 318
458 290 422 319
460 290 424 319
463 290 427 319
465 290 428 318
453 291 416 318
456 291 420 320
458 291 421 320
461 291 425 320
463 291 426 321
465 291 428 321
467 291 429 320
453 293 415 320
455 293 417 321
456 293 419 321
458 293 420 322
460 293 422 322
461 293 424 322
463 293 425 322
467 293 429 323
455 295 416 323
456 295 418 323
458 295 420 323
460 295 421 324
461 295 423 324
463 295 425 324
465 295 426 325
467 295 428 325
468 295 429 325
453 297 414 323
455 297 416 324
456 297 417 324
458 297 419 325
460 297 420 325
463 297 424 326
465 297 425 326
467 297 427 327
468 297 429 327
470 297 431 326
449 298 409 325
453 298 413 325
455 298 415 326
456 298 416 326
458 298 418 326
460 298 420 327
461 298 422 327
463 298 423 327
465 298 425 328
467 298 426 328
468 298 428 328
470 298 430 329
427 300 389 324
449 300 409 327
451 300 411 327
455 300 414 328
456 300 416 328
458 300 418 328
460 300 419 329
461 300 421 328
463 300 423 329
465 300 424 329
467 300 426 329
468 300 428 330
470 300 429 331
415 302 410 317
418 302 413 316
424 302 416 315
432 302 393 325
436 302 394 324
449 302 408 329
451 302 410 329
453 302 412 329
455 302 413 329
456 302 415 329
458 302 417 330
461 302 420 330
463 302 421 331
465 302 423 331
467 302 425 331
468 302 427 331
470 302 429 332
436 304 394 326
439 304 397 327
448 304 406 330
453 304 411 330
455 304 413 331
456 304 414 331
458 304 416 331
460 304 418 331
461 304 419 332
463 304 421 332
465 304 423 333
434 305 392 327
436 305 394 327
443 305 400 328
446 305 404 328
448 305 405 331
451 305 409 332
453 305 410 332
455 305 412 332
456 305 414 332
458 305 415 333
461 305 419 333
463 305 421 334
467 305 423 334
470 305 426 334
472 305 428 334
474 305 430 335
475 305 431 335
429 307 388 327
436 307 394 329
439 307 397 331
443 307 400 330
444 307 401 330
448 307 405 333
449 307 406 333
451 307 408 333
453 307 410 334
455 307 411 334
456 307 413 334
458 307 414 334
460 307 416 335
465 307 421 335
467 307 423 336
468 307 424 335
470 307 426 336
472 307 428 336
474 307 429 336
475 307 431 337
431 309 388 331
432 309 390 330
434 309 392 330
436 309 394 331
437 309 395 332
443 309 399 333
444 309 400 333
446 309 402 334
448 309 404 335
449 309 406 335
451 309 407 336
453 309 409 335
455 309 410 336
456 309 412 336
463 309 418 337
465 309 420 337
467 309 422 337
468 309 423 338
470 309 425 338
472 309 427 338
474 309 428 338
475 309 430 338
432 310 390 331
434 310 392 332
439 310 395 333
441 310 397 334
443 310 398 335
444 310 400 335
446 310 401 336
448 310 403 336
449 310 405 337
453 310 407 338
455 310 410 337
456 310 411 337
460 310 414 338
461 310 416 337
463 310 418 338
465 310 420 338
467 310 421 339
468 310 422 339
470 310 424 339
472 310 426 339
474 310 428 340
475 310 429 340
477 310 431 340
413 312 381 328
432 312 391 333
437 312 393 333
446 312 401 338
448 312 402 338
449 312 404 338
453 312 406 339
456 312 410 339
458 312 412 339
461 312 415 339
463 312 417 340
465 312 419 340
467 312 420 340
470 312 424 341
472 312 425 341
474 312 427 341
413 314 381 330
415 314 385 330
444 314 398 336
451 314 404 340
455 314 408 340
456 314 409 341
458 314 411 341
461 314 415 341
463 314 416 342
465 314 418 342
467 314 420 342
468 314 421 342
470 314 423 342
472 314 425 343
477 314 430 343
441 316 395 337
444 316 397 338
448 316 401 340
449 316 402 342
455 316 407 342
458 316 411 342
460 316 412 343
461 316 414 343
463 316 416 343
465 316 417 343
467 316 419 344
468 316 421 344
470 316 423 344
472 316 424 344
474 316 426 345
475 316 428 344
477 316 430 345
446 317 398 340
448 317 401 341
449 317 402 343
451 317 404 343
455 317 407 343
458 317 410 344
460 317 411 344
461 317 413 344
463 317 415 344
465 317 417 345
467 317 419 345
468 317 420 345
470 317 422 346
415 319 383 334
417 319 385 335
444 319 396 341
446 319 398 342
448 319 400 343
455 319 406 345
456 319 408 345
458 319 409 346
461 319 412 346
463 319 414 346
467 319 418 347
444 321 395 343
446 321 397 343
455 321 405 347
456 321 407 347
460 321 410 347
461 321 412 347
463 321 413 348
465 321 415 348
418 322 386 338
437 322 406 343
441 322 392 342
444 322 395 344
448 322 398 344
449 322 400 344
451 322 401 345
453 322 403 348
455 322 405 348
456 322 406 348
458 322 408 349
460 322 409 349
461 322 412 349
463 322 413 349
465 322 415 350
418 324 385 339
422 324 388 342
436 324 403 345
439 324 390 342
441 324 391 343
443 324 393 344
446 324 396 346
448 324 397 346
449 324 399 346
451 324 401 347
453 324 402 349
455 324 404 349
456 324 405 350
460 324 409 350
461 324 411 350
463 324 412 351
465 324 414 352
420 326 386 341
422 326 388 344
441 326 391 345
443 326 392 346
444 326 394 347
446 326 395 347
448 326 397 347
449 326 398 349
453 326 402 351
455 326 403 351
456 326 405 351
458 326 407 351
460 326 408 352
461 326 410 352
463 326 411 353
441 328 390 346
443 328 392 347
444 328 393 348
446 328 395 349
451 328 399 351
453 328 401 352
455 328 402 353
458 328 406 353
460 328 408 353
461 328 410 354
424 329 387 345
444 329 392 349
446 329 394 350
448 329 396 351
449 329 397 351
453 329 400 353
455 329 402 354
456 329 403 354
458 329 406 354
460 329 408 355
472 329 425 348
