461 286 429 310
463 286 430 309
465 286 432 309
458 288 425 311
460 288 426 312
461 288 428 312
463 288 430 312
465 288 432 312
453 290 417 313
455 290 419 312
458 290 424 313
460 290 426 314
461 290 428 314
463 290 430 314
465 290 432 314
455 291 419 314
456 291 421 314
460 291 426 315
461 291 428 316
463 291 430 316
465 291 432 316
467 291 433 316
453 293 417 316
455 293 419 316
456 293 421 316
458 293 422 316
460 293 425 317
461 293 427 317
463 293 429 318
465 293 431 318
467 293 433 318
451 295 413 316
453 295 416 317
455 295 418 318
456 295 420 318
458 295 422 318
460 295 425 319
461 295 427 319
463 295 429 320
467 295 433 321
468 295 434 320
451 297 413 318
453 297 415 318
455 297 418 319
456 297 420 320
458 297 422 320
460 297 424 321
461 297 427 321
463 297 428 321
468 297 434 323
470 297 437 323
449 298 411 320
451 298 413 320
453 298 415 320
455 298 417 321
456 298 419 321
458 298 422 322
460 298 424 322
461 298 426 323
463 298 428 323
468 298 434 324
470 298 436 325
472 298 439 325
449 300 410 322
451 300 413 322
453 300 415 322
455 300 417 323
456 300 419 323
458 300 421 324
460 300 424 324
461 300 426 324
463 300 428 325
465 300 430 326
467 300 432 326
468 300 434 326
470 300 436 326
449 302 410 324
451 302 412 324
453 302 414 324
455 302 417 325
456 302 419 325
458 302 421 326
461 302 425 327
463 302 427 327
465 302 429 327
467 302 431 328
468 302 434 328
470 302 436 328
472 302 437 328
434 304 391 320
436 304 393 322
448 304 407 325
449 304 409 325
453 304 414 326
455 304 416 326
456 304 418 327
458 304 420 327
460 304 422 328
461 304 425 328
463 304 427 329
465 304 429 329
467 304 431 330
468 304 433 330
470 304 435 330
472 304 437 330
417 305 379 321
437 305 396 324
439 305 397 324
443 305 400 324
444 305 402 325
446 305 405 326
448 305 407 326
449 305 409 327
453 305 414 328
455 305 416 328
456 305 417 328
458 305 420 329
461 305 424 330
463 305 426 330
465 305 429 331
467 305 431 331
468 305 433 332
470 305 435 332
417 307 379 323
434 307 391 324
437 307 395 326
439 307 397 326
444 307 402 326
446 307 405 328
448 307 407 328
449 307 409 329
451 307 411 329
453 307 413 329
455 307 415 330
456 307 417 331
458 307 419 331
460 307 422 332
463 307 426 332
465 307 428 333
467 307 430 333
468 307 432 334
470 307 435 334
418 309 380 325
422 309 383 325
429 309 386 326
432 309 389 326
434 309 391 326
436 309 394 327
439 309 397 328
441 309 398 328
443 309 400 328
444 309 402 328
446 309 404 330
448 309 406 330
449 309 408 331
451 309 410 331
453 309 412 331
455 309 415 332
456 309 416 333
458 309 419 333
460 309 421 333
461 309 423 334
463 309 425 334
465 309 428 335
467 309 430 335
468 309 432 336
470 309 434 336
417 310 378 326
418 310 380 327
422 310 383 327
427 310 386 327
429 310 388 329
432 310 390 327
434 310 391 328
436 310 394 329
437 310 395 329
441 310 398 330
443 310 400 331
444 310 402 331
446 310 404 332
448 310 406 332
449 310 408 332
451 310 410 333
455 310 413 334
456 310 416 334
458 310 419 335
460 310 421 335
461 310 423 336
463 310 425 336
465 310 427 336
467 310 429 337
468 310 432 337
470 310 434 338
417 312 378 328
418 312 380 328
420 312 381 329
424 312 384 329
425 312 385 329
431 312 390 330
432 312 391 331
437 312 395 331
439 312 396 331
443 312 400 332
444 312 402 333
446 312 403 334
448 312 406 333
449 312 407 334
453 312 411 335
455 312 413 336
456 312 415 336
458 312 418 336
460 312 420 337
461 312 422 337
463 312 425 338
465 312 427 338
467 312 429 338
468 312 431 339
470 312 433 339
418 314 380 330
420 314 381 331
424 314 383 331
425 314 385 331
427 314 387 332
434 314 392 333
436 314 394 333
439 314 397 333
441 314 398 334
443 314 399 334
444 314 401 335
446 314 403 335
448 314 405 336
449 314 407 336
451 314 409 336
453 314 411 337
455 314 413 337
456 314 415 338
458 314 418 338
460 314 420 338
461 314 422 339
463 314 424 339
465 314 426 340
467 314 429 340
468 314 431 341
470 314 433 341
424 316 383 333
425 316 385 333
427 316 387 334
429 316 388 334
441 316 398 335
444 316 401 337
446 316 403 337
448 316 404 338
449 316 407 338
451 316 409 338
453 316 410 339
455 316 412 339
456 316 415 340
458 316 417 340
460 316 420 340
461 316 421 340
463 316 423 341
465 316 426 342
467 316 428 343
468 316 430 343
472 316 434 343
427 317 387 336
431 317 390 336
432 317 391 336
437 317 395 337
448 317 404 339
449 317 406 339
451 317 408 340
453 317 410 340
455 317 412 340
456 317 415 341
458 317 417 341
460 317 419 342
461 317 421 342
463 317 423 343
432 319 391 338
434 319 393 338
441 319 397 339
443 319 399 339
444 319 400 339
449 319 406 341
451 319 408 342
453 319 410 342
455 319 412 342
456 319 415 343
458 319 417 344
460 319 419 344
461 319 421 344
463 319 423 344
465 319 425 345
425 321 384 339
427 321 386 339
429 321 388 339
431 321 389 340
432 321 391 341
437 321 395 341
441 321 397 341
443 321 399 341
444 321 400 341
446 321 402 342
448 321 404 343
449 321 406 343
451 321 408 345
453 321 410 344
455 321 412 344
456 321 414 345
458 321 416 345
460 321 418 346
461 321 420 346
463 321 422 346
425 322 385 341
429 322 388 341
431 322 389 341
436 322 394 342
437 322 395 343
439 322 396 343
443 322 399 343
444 322 400 343
446 322 402 344
448 322 404 344
453 322 409 346
455 322 411 346
456 322 413 346
458 322 415 347
460 322 417 347
461 322 420 348
463 322 422 348
467 322 428 349
424 324 384 343
425 324 385 343
427 324 387 343
431 324 389 344
432 324 390 344
434 324 392 344
439 324 396 345
441 324 398 345
444 324 400 345
446 324 402 346
449 324 405 346
451 324 407 346
453 324 409 347
455 324 411 348
456 324 413 348
458 324 415 348
460 324 417 349
461 324 420 349
422 326 382 345
424 326 384 345
427 326 387 345
431 326 389 345
432 326 390 345
436 326 394 347
439 326 396 347
444 326 400 347
446 326 402 347
448 326 403 347
449 326 405 348
451 326 406 348
453 326 409 350
455 326 411 350
456 326 412 350
458 326 415 350
460 326 417 351
427 328 386 347
429 328 388 347
432 328 390 347
434 328 392 348
441 328 397 349
443 328 399 349
446 328 402 349
448 328 403 349
449 328 404 349
451 328 406 350
453 328 408 351
455 328 410 351
456 328 412 352
458 328 415 352
460 328 416 353
427 329 386 349
429 329 388 349
432 329 390 349
434 329 392 350
436 329 393 350
437 329 395 350
441 329 397 351
443 329 399 351
444 329 400 351
448 329 403 351
449 329 404 352
451 329 406 352
456 329 412 354
458 329 414 354
431 331 389 351
434 331 392 352
436 331 393 352
437 331 395 352
443 331 399 353
444 331 400 353
449 331 405 354
451 331 406 354
453 331 408 355
455 331 409 355
456 331 411 355
432 333 391 353
434 333 392 354
449 333 404 356
451 333 406 356
453 333 407 357
436 334 393 355
439 334 396 356
446 336 401 359
453 336 409 359
451 338 409 361
