460 286 454 291
461 286 456 291
463 286 458 291
451 290 444 293
453 290 447 294
455 290 449 294
456 290 450 294
458 290 452 294
460 290 454 294
461 290 456 294
463 290 457 294
465 290 459 294
467 290 461 294
451 291 444 295
453 291 447 295
455 291 449 296
456 291 450 296
458 291 452 296
460 291 454 296
461 291 456 296
463 291 458 296
465 291 459 296
467 291 461 296
468 291 462 296
451 293 444 296
453 293 447 297
455 293 449 297
456 293 450 297
458 293 452 297
460 293 454 297
465 293 459 298
467 293 461 298
468 293 462 297
449 295 442 299
451 295 444 299
455 295 449 299
456 295 450 299
458 295 452 299
460 295 454 299
461 295 456 299
465 295 459 300
467 295 461 300
468 295 462 299
448 297 441 300
449 297 443 300
451 297 444 300
453 297 446 301
455 297 448 301
456 297 450 301
458 297 452 301
460 297 454 301
461 297 457 301
467 297 461 302
448 298 441 302
449 298 443 302
451 298 445 302
453 298 446 302
455 298 448 303
456 298 450 302
458 298 452 303
460 298 454 303
461 298 456 303
463 298 458 302
468 298 463 303
413 300 406 303
424 300 416 303
425 300 418 303
427 300 419 303
429 300 422 303
448 300 441 304
449 300 443 304
451 300 444 304
453 300 447 304
455 300 448 304
456 300 450 304
458 300 452 305
460 300 454 305
463 300 458 304
465 300 460 305
468 300 463 305
470 300 465 305
413 302 406 306
415 302 408 306
429 302 421 305
436 302 428 305
448 302 441 306
449 302 443 306
451 302 445 306
453 302 446 306
455 302 448 306
456 302 450 306
458 302 452 307
460 302 454 307
461 302 456 307
463 302 458 307
465 302 460 306
467 302 462 307
472 302 467 307
413 304 406 308
415 304 408 308
417 304 410 308
429 304 421 307
432 304 424 307
434 304 426 307
436 304 428 307
437 304 430 307
439 304 432 307
446 304 438 308
448 304 441 308
449 304 443 308
451 304 445 308
453 304 446 308
455 304 448 308
456 304 450 308
458 304 452 308
460 304 454 308
461 304 456 309
463 304 457 308
465 304 460 308
470 304 465 309
413 305 406 309
415 305 408 309
417 305 410 309
418 305 412 309
422 305 415 309
432 305 424 309
434 305 426 309
436 305 428 309
437 305 430 309
439 305 432 309
441 305 434 309
443 305 435 309
444 305 437 309
446 305 439 309
448 305 441 309
449 305 442 309
451 305 444 309
453 305 446 310
455 305 448 310
456 305 450 310
458 305 452 310
460 305 454 310
461 305 455 310
463 305 457 310
465 305 459 310
467 305 461 310
468 305 463 310
470 305 465 310
472 305 467 310
475 305 470 310
477 305 472 309
413 307 407 311
415 307 408 311
417 307 410 311
418 307 412 311
422 307 415 311
424 307 417 311
427 307 420 311
429 307 421 310
431 307 423 311
432 307 424 311
434 307 426 311
436 307 428 311
437 307 430 311
439 307 432 311
441 307 434 311
443 307 435 311
444 307 437 311
446 307 439 311
448 307 441 311
449 307 443 311
451 307 444 311
453 307 446 311
455 307 448 311
456 307 450 312
458 307 452 311
460 307 454 312
461 307 455 312
463 307 457 312
465 307 459 312
467 307 461 312
468 307 463 312
470 307 465 312
472 307 467 312
475 307 470 312
413 309 406 313
415 309 408 313
417 309 410 313
418 309 412 313
420 309 413 313
427 309 420 313
429 309 421 312
432 309 425 312
434 309 426 313
436 309 428 313
437 309 430 313
439 309 432 313
441 309 433 312
443 309 435 312
444 309 437 313
446 309 439 313
448 309 441 313
449 309 443 313
451 309 444 313
453 309 446 313
455 309 448 313
456 309 450 313
458 309 452 314
460 309 454 313
461 309 456 313
463 309 457 314
465 309 459 314
467 309 461 314
468 309 463 314
470 309 465 314
474 309 468 314
477 309 473 315
479 309 474 313
413 310 407 314
415 310 409 315
417 310 410 315
418 310 412 315
420 310 413 315
424 310 417 314
427 310 420 314
429 310 422 314
431 310 423 314
432 310 425 314
434 310 427 314
436 310 428 314
437 310 430 314
439 310 432 314
441 310 433 314
443 310 435 314
444 310 437 314
446 310 439 314
448 310 441 314
449 310 443 314
451 310 444 315
453 310 446 315
455 310 448 315
456 310 450 315
458 310 452 315
460 310 454 315
461 310 455 315
463 310 457 315
465 310 459 315
467 310 461 316
468 310 463 315
470 310 465 316
472 310 467 316
475 310 471 316
415 312 409 316
417 312 410 316
418 312 412 316
420 312 414 316
422 312 415 316
425 312 418 316
431 312 423 316
432 312 425 316
434 312 427 316
436 312 429 316
437 312 430 316
439 312 432 316
441 312 434 316
443 312 435 316
444 312 437 316
446 312 439 316
448 312 441 316
449 312 443 316
451 312 444 316
453 312 446 317
455 312 448 316
456 312 449 317
458 312 452 317
460 312 454 317
461 312 455 317
463 312 457 317
465 312 459 317
467 312 461 317
468 312 463 317
470 312 465 317
472 312 467 318
475 312 470 318
415 314 408 318
417 314 411 318
418 314 412 318
420 314 414 318
422 314 415 318
427 314 420 318
429 314 422 318
432 314 425 318
434 314 427 318
436 314 429 318
437 314 430 318
439 314 432 318
441 314 434 318
443 314 435 318
444 314 437 318
446 314 439 318
448 314 441 318
449 314 442 318
451 314 444 318
453 314 446 318
455 314 448 318
456 314 450 318
458 314 452 319
460 314 454 319
461 314 455 319
463 314 457 319
465 314 459 319
467 314 461 319
468 314 463 319
470 314 465 319
472 314 467 319
413 316 406 319
415 316 409 320
417 316 411 320
418 316 412 320
420 316 414 320
422 316 415 320
424 316 417 320
425 316 419 320
427 316 420 320
429 316 422 320
431 316 424 320
432 316 426 320
436 316 429 320
437 316 430 320
439 316 432 320
441 316 434 320
443 316 435 320
444 316 437 320
446 316 439 320
448 316 441 320
449 316 443 320
451 316 444 320
453 316 446 320
455 316 448 320
456 316 450 320
458 316 452 320
460 316 454 321
461 316 455 321
463 316 457 320
465 316 459 320
467 316 461 321
468 316 463 321
420 317 414 322
422 317 415 322
424 317 417 322
425 317 419 322
427 317 420 322
429 317 422 322
431 317 424 322
432 317 426 322
434 317 427 321
436 317 429 321
439 317 432 321
441 317 434 322
444 317 437 321
446 317 439 322
448 317 441 322
449 317 442 322
451 317 444 322
453 317 446 322
455 317 448 322
456 317 450 322
458 317 452 322
460 317 454 322
461 317 455 322
463 317 457 322
465 317 459 322
467 317 462 323
415 319 410 324
417 319 411 324
420 319 414 324
422 319 416 324
424 319 418 324
425 319 419 324
427 319 420 324
429 319 422 324
431 319 424 324
432 319 426 323
434 319 427 323
436 319 429 323
439 319 432 323
441 319 434 323
444 319 437 323
446 319 439 323
448 319 441 323
449 319 442 323
451 319 444 324
453 319 446 324
455 319 448 324
456 319 450 324
458 319 452 324
460 319 454 324
461 319 455 324
463 319 457 324
465 319 459 324
467 319 461 324
468 319 463 324
415 321 410 326
418 321 412 326
420 321 414 326
422 321 416 326
424 321 417 326
425 321 419 326
427 321 421 326
429 321 422 326
431 321 424 325
432 321 425 325
434 321 427 326
437 321 430 325
439 321 432 325
441 321 434 325
443 321 436 325
444 321 437 325
446 321 439 325
448 321 440 325
449 321 442 325
451 321 444 325
453 321 446 326
455 321 448 326
456 321 450 325
458 321 452 326
460 321 454 326
461 321 455 326
463 321 457 326
465 321 459 326
467 321 461 326
420 322 414 327
422 322 416 327
424 322 417 327
425 322 419 328
427 322 421 328
429 322 422 328
431 322 424 327
432 322 425 327
434 322 427 327
437 322 430 327
439 322 432 327
441 322 434 327
443 322 436 327
444 322 437 327
446 322 439 327
448 322 441 327
449 322 443 327
451 322 444 327
453 322 446 327
455 322 448 327
456 322 450 327
458 322 452 327
460 322 453 327
461 322 456 327
463 322 457 328
420 324 414 329
422 324 416 329
424 324 418 329
425 324 419 329
427 324 421 329
429 324 422 329
431 324 424 329
432 324 425 329
434 324 427 329
437 324 430 329
439 324 432 329
441 324 434 329
443 324 436 329
444 324 437 329
446 324 439 329
449 324 442 329
451 324 444 329
453 324 446 328
455 324 448 329
456 324 450 329
458 324 452 329
460 324 454 329
461 324 455 329
463 324 457 329
418 326 412 330
422 326 416 331
424 326 418 331
425 326 419 331
427 326 421 331
429 326 423 331
431 326 424 331
432 326 426 331
434 326 427 331
436 326 429 330
439 326 432 331
441 326 434 331
443 326 436 330
444 326 437 330
446 326 439 331
448 326 441 330
449 326 442 330
451 326 444 330
453 326 446 330
455 326 448 330
456 326 450 331
458 326 452 331
460 326 454 331
461 326 455 331
463 326 457 331
424 328 418 333
425 328 419 333
427 328 421 333
429 328 423 333
431 328 424 333
432 328 426 333
434 328 428 333
436 328 429 333
437 328 431 333
439 328 433 333
443 328 436 332
444 328 437 332
446 328 439 332
448 328 441 332
449 328 442 332
451 328 444 332
453 328 446 332
455 328 448 332
456 328 449 333
458 328 451 333
460 328 453 333
461 328 455 333
424 329 418 335
425 329 419 334
427 329 421 334
429 329 423 335
431 329 424 335
432 329 426 334
434 329 428 335
437 329 431 335
439 329 433 334
441 329 435 334
444 329 437 334
446 329 439 334
448 329 441 334
449 329 443 334
451 329 444 334
453 329 446 334
455 329 448 334
456 329 450 334
458 329 451 334
461 329 455 334
425 331 419 337
427 331 421 337
429 331 422 337
431 331 424 337
432 331 426 336
434 331 428 336
439 331 433 336
441 331 434 336
443 331 436 336
446 331 439 336
448 331 441 336
449 331 443 336
451 331 444 336
453 331 446 336
455 331 448 336
456 331 449 336
427 333 421 339
429 333 422 338
431 333 424 338
436 333 430 338
437 333 431 338
439 333 433 338
441 333 435 338
443 333 436 338
444 333 438 338
448 333 441 338
449 333 443 338
451 333 444 338
453 333 446 338
455 333 448 338
456 333 449 338
432 334 426 340
441 334 435 340
449 334 443 340
451 334 444 340
453 334 446 340
455 334 448 340
458 334 451 340
429 336 422 342
446 336 439 341
453 336 446 341
456 336 449 341
460 336 453 342
436 338 432 344
446 338 437 344
