460 291 420 323
458 293 418 324
458 298 416 328
460 298 418 329
463 300 420 329
463 302 418 332
467 302 421 332
453 304 408 333
455 304 410 333
456 304 411 333
460 304 414 333
461 304 416 333
463 304 417 333
467 304 420 334
468 304 422 334
413 305 372 314
415 305 374 315
418 305 377 318
453 305 408 334
456 305 411 335
461 305 415 334
467 305 419 335
413 307 372 316
415 307 374 317
417 307 375 318
455 307 409 336
456 307 410 336
460 307 413 335
461 307 414 336
415 309 373 318
417 309 375 319
418 309 376 320
456 309 408 338
458 309 410 338
465 309 416 337
467 309 418 338
470 309 421 338
417 310 374 321
418 310 375 321
446 310 399 338
448 310 401 338
465 310 415 339
468 310 418 339
470 310 419 340
472 310 421 339
444 312 397 337
446 312 398 340
458 312 409 340
468 312 417 341
444 314 396 339
458 314 408 342
467 314 415 342
468 314 417 342
456 316 406 343
458 316 407 343
460 316 409 344
467 316 414 343
424 317 377 329
446 317 396 341
448 317 398 342
449 317 399 344
458 317 406 344
446 319 395 342
448 319 397 344
453 319 401 346
461 319 408 346
444 321 392 343
455 321 402 348
460 321 406 348
465 321 410 347
460 322 405 349
461 322 408 348
460 324 404 351
448 326 393 345
449 326 395 346
451 326 397 350
444 328 388 344
453 328 397 348
455 328 399 350
451 329 395 349
