460 286 426 312
461 286 428 312
458 288 424 314
460 288 426 314
461 288 427 314
463 288 429 313
467 288 433 314
453 290 417 315
455 290 419 315
456 290 421 315
458 290 423 316
460 290 425 316
461 290 427 316
463 290 429 315
465 290 430 316
467 290 432 316
453 291 417 316
455 291 418 317
456 291 420 317
458 291 422 317
460 291 424 318
461 291 426 318
463 291 428 318
465 291 430 318
467 291 432 318
468 291 435 319
455 293 418 318
456 293 420 319
458 293 422 319
460 293 424 319
461 293 426 320
463 293 428 320
465 293 430 321
467 293 432 320
468 293 433 320
455 295 417 320
456 295 419 320
458 295 421 321
460 295 423 321
461 295 425 322
463 295 427 322
465 295 429 323
467 295 431 323
468 295 432 322
470 295 435 321
453 297 415 321
455 297 417 321
456 297 419 322
458 297 421 322
460 297 423 323
463 297 426 324
465 297 428 325
472 297 437 322
449 298 410 322
451 298 412 322
453 298 414 322
455 298 416 323
456 298 418 324
458 298 420 324
460 298 422 325
461 298 424 325
463 298 426 326
465 298 427 326
451 300 412 324
453 300 414 324
455 300 416 325
456 300 418 326
458 300 420 326
460 300 422 326
461 300 424 327
463 300 426 327
465 300 427 328
448 302 406 324
451 302 411 326
453 302 413 326
455 302 415 327
456 302 417 327
458 302 419 328
461 302 423 329
463 302 425 329
465 302 427 330
467 302 429 330
434 304 391 323
448 304 406 326
449 304 409 323
458 304 418 330
460 304 421 329
461 304 422 331
463 304 424 331
465 304 426 331
436 305 393 324
441 305 399 325
443 305 400 325
449 305 408 328
453 305 413 329
455 305 414 330
456 305 416 330
467 305 428 333
468 305 430 334
431 307 388 325
432 307 390 325
434 307 392 326
437 307 396 327
439 307 397 327
443 307 399 327
444 307 401 328
449 307 407 330
453 307 412 331
455 307 414 331
460 307 420 334
461 307 421 334
463 307 423 334
465 307 425 334
467 307 427 335
468 307 429 335
470 307 431 335
420 309 380 323
431 309 388 327
432 309 390 327
434 309 391 328
436 309 393 328
437 309 395 330
441 309 397 329
443 309 399 330
444 309 401 330
456 309 414 335
458 309 416 334
460 309 419 336
465 309 425 336
467 309 427 337
468 309 429 337
470 309 431 338
424 310 383 325
432 310 389 329
434 310 391 329
436 310 393 330
444 310 401 332
446 310 402 333
449 310 407 334
451 310 408 334
453 310 410 335
455 310 412 335
458 310 416 336
460 310 418 336
465 310 424 338
467 310 426 338
468 310 428 339
470 310 430 339
420 312 380 327
425 312 383 327
429 312 387 330
432 312 389 331
434 312 391 331
436 312 393 332
437 312 394 332
439 312 396 333
444 312 400 334
446 312 402 335
448 312 404 335
449 312 406 335
451 312 408 336
453 312 410 336
456 312 413 337
458 312 416 338
460 312 418 339
461 312 419 339
463 312 421 339
467 312 425 340
468 312 428 340
470 312 429 341
472 312 432 341
474 312 433 342
424 314 382 329
425 314 383 329
427 314 385 330
431 314 388 332
434 314 391 333
436 314 392 334
437 314 394 334
441 314 396 335
446 314 401 336
448 314 403 337
449 314 405 338
451 314 407 338
453 314 409 338
455 314 411 339
456 314 413 339
458 314 415 340
460 314 417 340
461 314 419 340
463 314 421 341
465 314 423 342
467 314 425 342
468 314 427 342
470 314 429 343
472 314 431 343
422 316 379 330
424 316 381 331
425 316 383 331
429 316 387 333
441 316 396 336
443 316 398 337
444 316 399 337
446 316 401 338
448 316 403 339
451 316 407 340
453 316 409 340
455 316 411 340
456 316 413 341
458 316 415 341
460 316 417 342
461 316 418 342
463 316 420 343
465 316 422 343
468 316 426 344
470 316 428 345
424 317 381 333
431 317 388 335
432 317 389 335
436 317 392 336
446 317 400 339
448 317 402 340
449 317 404 341
451 317 406 342
453 317 408 342
455 317 410 342
456 317 412 342
458 317 414 343
460 317 416 343
461 317 418 344
463 317 419 344
465 317 422 345
468 317 426 346
470 317 428 346
475 317 434 349
425 319 382 335
429 319 385 336
431 319 387 337
432 319 389 337
436 319 391 338
437 319 393 338
439 319 395 339
443 319 397 339
446 319 400 341
448 319 402 342
449 319 404 343
451 319 406 344
453 319 407 344
455 319 409 344
456 319 411 344
458 319 413 345
460 319 415 345
461 319 417 345
465 319 421 346
429 321 385 337
431 321 387 338
432 321 388 339
436 321 391 340
437 321 393 340
441 321 395 341
443 321 397 342
444 321 398 342
446 321 400 343
448 321 401 343
451 321 405 345
453 321 407 346
455 321 409 346
456 321 411 346
458 321 413 347
460 321 415 347
461 321 417 347
463 321 419 347
425 322 382 338
429 322 385 339
431 322 387 340
432 322 388 341
436 322 391 341
437 322 392 342
441 322 395 343
443 322 396 344
444 322 398 344
448 322 401 345
451 322 404 345
453 322 406 347
455 322 408 347
456 322 410 348
458 322 412 348
460 322 414 349
461 322 416 349
427 324 383 340
429 324 385 341
431 324 386 342
432 324 387 342
436 324 390 343
437 324 392 344
439 324 393 344
443 324 396 345
444 324 398 345
446 324 399 346
451 324 403 347
453 324 406 348
455 324 408 349
456 324 409 350
458 324 412 350
460 324 414 350
436 326 390 345
437 326 391 345
439 326 393 346
441 326 395 346
444 326 397 347
446 326 399 348
448 326 400 348
449 326 402 349
451 326 404 350
453 326 406 351
455 326 407 351
456 326 409 351
458 326 411 352
463 326 417 353
425 328 382 343
429 328 384 344
431 328 386 345
437 328 391 347
439 328 393 348
441 328 394 348
444 328 397 349
446 328 398 349
448 328 400 350
449 328 401 350
455 328 407 352
461 328 415 355
425 329 381 345
429 329 384 346
431 329 385 346
432 329 387 347
437 329 391 349
439 329 393 349
441 329 394 350
443 329 396 350
446 329 398 351
448 329 400 351
449 329 401 352
458 329 410 355
460 329 412 355
427 331 383 347
432 331 386 348
434 331 388 349
443 331 395 352
446 331 398 353
448 331 399 353
449 331 401 354
451 331 402 355
455 331 406 355
456 331 408 357
436 333 389 352
448 333 399 355
449 333 401 356
451 333 402 356
453 333 404 357
449 334 400 358
451 334 402 358
