467 286 464 289
453 288 450 290
455 288 451 290
456 288 453 290
458 288 455 290
460 288 457 290
461 288 459 290
463 288 460 290
465 288 462 290
468 288 466 291
451 290 447 293
453 290 450 292
455 290 451 292
456 290 453 292
458 290 455 292
460 290 457 292
461 290 459 292
463 290 460 292
465 290 462 292
467 290 464 292
470 290 468 292
453 291 450 293
455 291 452 294
456 291 453 294
458 291 455 294
460 291 457 294
461 291 459 294
463 291 460 294
465 291 462 294
467 291 464 294
468 291 466 294
451 293 448 296
455 293 452 295
456 293 453 295
458 293 455 295
460 293 457 295
461 293 459 296
463 293 460 296
465 293 462 296
467 293 464 296
468 293 466 295
470 293 467 295
449 295 446 298
451 295 448 297
453 295 450 297
455 295 452 297
456 295 453 297
458 295 455 297
460 295 457 297
461 295 459 297
463 295 461 297
465 295 462 297
467 295 464 298
468 295 466 297
470 295 467 297
472 295 469 297
448 297 445 299
449 297 446 299
451 297 448 299
453 297 450 299
455 297 452 299
456 297 453 299
458 297 455 299
460 297 457 299
461 297 459 299
463 297 461 299
465 297 462 299
467 297 464 300
468 297 466 299
470 297 468 299
472 297 471 301
448 298 445 300
449 298 446 300
451 298 448 301
453 298 450 301
455 298 452 301
456 298 453 300
458 298 455 300
460 298 457 301
461 298 459 301
463 298 461 300
465 298 463 301
467 298 464 301
468 298 466 301
470 298 468 301
472 298 469 301
413 300 409 301
420 300 417 301
422 300 419 302
425 300 421 301
427 300 423 301
429 300 425 301
448 300 445 302
449 300 446 302
451 300 448 302
453 300 450 302
455 300 452 302
456 300 453 302
458 300 455 302
460 300 457 303
461 300 459 302
463 300 461 302
465 300 463 302
467 300 464 303
468 300 466 303
470 300 468 303
472 300 469 303
413 302 409 304
415 302 412 304
417 302 413 304
418 302 415 304
424 302 420 304
427 302 423 303
429 302 425 303
432 302 428 303
434 302 429 303
448 302 445 304
449 302 446 304
451 302 448 304
453 302 450 304
455 302 452 304
456 302 453 304
458 302 455 304
460 302 457 304
461 302 459 304
463 302 461 304
465 302 463 304
467 302 464 304
468 302 466 305
470 302 468 305
472 302 469 304
474 302 471 304
413 304 409 306
415 304 412 306
417 304 413 306
418 304 415 306
420 304 417 306
424 304 420 306
429 304 425 305
431 304 426 305
432 304 428 305
434 304 430 306
436 304 432 305
437 304 434 306
439 304 436 306
446 304 442 306
448 304 444 306
449 304 446 305
451 304 448 306
453 304 450 306
455 304 452 305
456 304 453 306
458 304 455 306
460 304 457 306
461 304 459 306
463 304 460 306
465 304 462 306
467 304 464 306
468 304 466 306
470 304 468 306
472 304 469 306
474 304 471 306
413 305 410 307
415 305 412 307
417 305 413 307
418 305 415 307
420 305 417 307
422 305 419 307
424 305 420 307
431 305 427 307
432 305 428 307
434 305 430 307
436 305 432 307
437 305 434 307
441 305 437 307
443 305 439 307
444 305 440 307
446 305 442 307
448 305 444 307
449 305 446 307
451 305 448 307
453 305 450 307
455 305 452 307
456 305 453 307
458 305 455 308
460 305 457 308
461 305 458 308
463 305 460 308
465 305 462 308
467 305 464 308
468 305 466 308
470 305 468 308
472 305 469 308
474 305 471 308
475 305 473 308
413 307 410 309
415 307 412 309
417 307 413 309
418 307 415 309
420 307 417 309
422 307 418 309
424 307 420 309
429 307 425 309
431 307 427 309
432 307 428 309
434 307 430 309
436 307 432 309
437 307 434 309
439 307 435 308
441 307 437 309
443 307 439 309
444 307 441 309
446 307 442 309
448 307 444 309
449 307 446 309
451 307 448 309
453 307 450 309
455 307 451 309
456 307 453 309
458 307 455 310
460 307 457 310
461 307 458 309
463 307 460 309
465 307 462 310
467 307 464 310
468 307 466 310
470 307 468 310
472 307 470 310
474 307 471 310
475 307 473 310
477 307 475 310
413 309 410 311
415 309 412 311
417 309 413 311
418 309 415 311
420 309 417 311
422 309 419 311
424 309 421 311
429 309 425 310
432 309 428 311
434 309 430 311
436 309 432 311
437 309 434 311
439 309 435 311
441 309 437 311
443 309 439 311
444 309 441 311
446 309 442 311
448 309 444 311
449 309 446 311
455 309 451 311
456 309 453 311
458 309 455 311
460 309 457 311
461 309 458 311
463 309 460 311
465 309 462 311
467 309 464 311
468 309 466 311
470 309 467 311
472 309 469 311
474 309 471 312
475 309 473 312
477 309 475 312
415 310 412 312
417 310 414 313
418 310 415 313
420 310 417 312
422 310 419 313
424 310 420 313
425 310 422 313
431 310 427 313
432 310 428 312
434 310 430 313
436 310 432 313
437 310 434 313
439 310 435 312
443 310 439 313
444 310 440 312
446 310 442 312
448 310 444 312
449 310 446 313
453 310 450 312
455 310 451 313
456 310 453 313
458 310 455 313
460 310 457 313
461 310 458 313
463 310 460 313
465 310 462 313
467 310 464 313
468 310 466 313
470 310 468 313
472 310 469 313
474 310 471 313
475 310 473 313
477 310 475 313
413 312 409 314
415 312 412 314
417 312 414 314
418 312 415 314
420 312 417 314
422 312 419 314
424 312 421 315
425 312 422 315
427 312 424 315
431 312 427 314
434 312 430 314
436 312 432 314
444 312 441 314
446 312 443 315
448 312 444 314
449 312 446 314
451 312 448 314
453 312 450 314
455 312 451 314
456 312 453 315
458 312 455 315
460 312 457 315
461 312 458 315
463 312 460 315
465 312 462 315
467 312 464 315
468 312 466 315
470 312 468 315
472 312 469 315
474 312 471 315
475 312 473 315
479 312 477 315
413 314 409 315
415 314 412 316
417 314 414 316
418 314 415 316
420 314 417 316
422 314 419 316
424 314 420 316
425 314 422 316
427 314 424 316
429 314 426 316
439 314 435 316
441 314 437 316
443 314 439 316
444 314 441 316
446 314 443 317
449 314 446 316
451 314 448 316
453 314 450 316
455 314 451 316
456 314 453 316
458 314 455 316
460 314 457 316
461 314 458 317
463 314 460 316
465 314 462 317
467 314 464 316
468 314 466 317
470 314 468 317
472 314 469 317
477 314 475 317
479 314 476 317
413 316 409 317
418 316 415 318
420 316 417 318
422 316 419 318
424 316 420 318
425 316 422 318
427 316 424 318
431 316 427 317
432 316 429 317
434 316 431 317
437 316 434 317
441 316 437 318
444 316 441 318
446 316 443 318
448 316 444 318
449 316 446 318
451 316 448 318
453 316 450 318
455 316 451 318
456 316 453 318
458 316 455 318
460 316 457 318
461 316 458 318
463 316 460 318
465 316 462 318
467 316 464 318
468 316 466 318
470 316 468 318
472 316 469 318
474 316 471 319
475 316 473 318
477 316 475 319
415 317 413 320
420 317 417 320
422 317 419 320
424 317 420 320
425 317 422 320
427 317 424 320
429 317 425 320
431 317 427 319
432 317 429 319
434 317 431 319
439 317 435 319
443 317 439 319
448 317 444 319
451 317 448 320
453 317 450 320
455 317 451 320
456 317 453 320
458 317 455 320
460 317 457 320
461 317 458 320
463 317 460 320
465 317 462 320
467 317 464 320
468 317 466 320
470 317 467 320
472 317 469 320
474 317 472 320
475 317 473 320
477 317 475 321
415 319 414 322
418 319 415 322
420 319 417 322
422 319 418 322
424 319 420 322
425 319 422 322
427 319 424 322
429 319 426 322
431 319 427 321
432 319 429 321
434 319 431 321
436 319 433 321
439 319 435 321
441 319 437 321
443 319 439 321
444 319 441 321
446 319 442 321
448 319 444 320
449 319 446 321
451 319 448 322
453 319 449 322
455 319 451 322
456 319 453 322
458 319 455 322
460 319 457 322
461 319 458 322
463 319 460 322
465 319 462 322
467 319 464 322
475 319 473 322
477 319 475 322
418 321 416 324
420 321 417 324
422 321 419 323
425 321 422 323
429 321 426 323
431 321 427 323
432 321 429 324
434 321 431 324
439 321 435 323
441 321 437 323
443 321 439 323
444 321 441 323
446 321 442 323
448 321 444 322
449 321 446 323
451 321 448 324
453 321 450 323
455 321 451 323
456 321 453 323
458 321 455 323
460 321 457 323
461 321 458 323
463 321 460 324
465 321 462 323
467 321 464 324
470 321 470 322
415 322 414 324
418 322 416 325
420 322 417 325
424 322 421 325
425 322 422 325
427 322 424 325
429 322 426 325
439 322 435 325
441 322 437 325
443 322 439 325
444 322 441 325
446 322 442 324
448 322 444 324
449 322 446 324
451 322 448 325
453 322 450 325
456 322 453 325
458 322 455 325
460 322 457 325
461 322 458 325
463 322 460 325
465 322 462 325
467 322 464 325
468 322 468 323
470 322 469 323
422 324 419 326
424 324 421 327
425 324 422 327
427 324 424 327
429 324 426 327
431 324 427 327
432 324 429 327
439 324 436 327
441 324 437 327
444 324 441 326
446 324 443 326
448 324 444 326
449 324 446 326
455 324 451 326
456 324 453 327
458 324 455 327
460 324 457 327
461 324 458 327
463 324 460 327
465 324 462 327
417 326 416 328
420 326 417 328
422 326 419 328
424 326 421 328
425 326 422 329
429 326 426 329
431 326 427 329
432 326 429 329
436 326 432 328
437 326 434 328
443 326 439 328
444 326 441 328
446 326 443 328
448 326 444 328
449 326 446 328
451 326 448 328
453 326 449 328
455 326 451 328
460 326 457 329
461 326 458 329
463 326 460 329
470 326 470 326
422 328 419 331
424 328 421 331
425 328 422 331
427 328 424 330
429 328 426 331
431 328 428 331
432 328 429 331
434 328 431 331
436 328 432 330
437 328 434 330
439 328 436 330
443 328 439 330
444 328 441 330
446 328 443 330
448 328 444 330
449 328 446 330
451 328 447 330
453 328 449 330
455 328 451 330
456 328 453 330
458 328 455 330
460 328 456 331
461 328 458 331
467 328 466 328
468 328 468 328
470 328 471 328
422 329 419 333
424 329 421 332
425 329 422 332
427 329 424 332
429 329 426 332
431 329 428 332
432 329 429 332
434 329 431 332
436 329 433 332
443 329 439 332
444 329 441 332
446 329 443 332
448 329 445 332
449 329 446 332
451 329 448 332
453 329 449 332
455 329 451 332
456 329 453 332
458 329 455 332
467 329 467 329
468 329 469 330
470 329 471 330
425 331 422 334
427 331 424 334
429 331 426 334
431 331 427 334
432 331 429 334
434 331 431 334
443 331 439 334
444 331 441 334
446 331 443 334
448 331 444 334
449 331 446 334
451 331 448 334
453 331 450 334
455 331 451 334
456 331 453 333
458 331 455 334
460 331 456 334
461 331 458 334
467 331 467 331
470 331 469 331
427 333 424 336
429 333 426 336
436 333 433 336
437 333 434 336
441 333 437 336
443 333 439 336
444 333 441 336
446 333 442 336
448 333 444 335
449 333 446 336
451 333 448 336
453 333 449 336
455 333 451 336
456 333 453 336
458 333 455 335
467 333 466 333
470 333 470 333
429 334 424 338
432 334 430 337
436 334 433 337
448 334 444 337
449 334 446 337
451 334 448 337
453 334 449 337
455 334 451 337
458 334 455 337
460 334 456 337
463 334 458 338
472 334 467 340
431 336 426 339
432 336 430 339
434 336 431 339
436 336 433 339
437 336 435 339
439 336 437 339
441 336 439 339
453 336 449 339
460 336 456 339
461 336 457 340
463 336 459 340
465 336 460 341
436 338 431 340
443 338 442 342
444 338 444 342
446 338 445 342
451 338 448 342
453 338 450 341
455 338 452 341
458 338 455 341
460 338 457 342
461 338 459 342
465 338 460 342
467 338 462 342
468 338 464 342
