460 286 425 314
461 286 427 313
463 286 428 313
467 286 433 313
456 288 421 315
458 288 423 316
463 288 428 315
467 288 432 315
455 290 419 317
456 290 421 317
458 290 422 317
463 290 428 317
465 290 429 318
456 291 420 319
458 291 421 319
460 291 423 319
461 291 425 319
463 291 427 320
465 291 429 320
467 291 430 320
453 293 415 319
455 293 417 320
456 293 419 320
458 293 421 321
460 293 422 321
463 293 427 321
465 293 428 322
467 293 430 322
453 295 415 321
455 295 416 322
456 295 418 322
458 295 420 322
460 295 422 323
461 295 424 323
463 295 426 323
465 295 428 324
451 297 412 322
453 297 414 323
455 297 416 323
456 297 418 324
458 297 420 324
460 297 421 324
461 297 423 325
463 297 426 325
465 297 426 325
449 298 410 324
451 298 412 324
453 298 413 324
455 298 415 325
456 298 417 325
458 298 419 326
460 298 420 326
461 298 423 326
463 298 425 326
465 298 426 327
449 300 409 325
451 300 411 326
453 300 413 326
455 300 415 327
456 300 417 327
458 300 418 328
460 300 420 328
461 300 422 328
463 300 424 328
465 300 426 329
436 302 396 321
448 302 406 326
449 302 409 327
451 302 411 328
453 302 412 328
461 302 421 330
463 302 423 330
465 302 425 330
436 304 394 323
439 304 397 325
448 304 406 328
449 304 408 329
451 304 410 329
453 304 411 329
455 304 413 329
456 304 415 329
458 304 417 330
460 304 418 331
461 304 420 331
463 304 422 332
465 304 424 332
467 304 426 332
439 305 397 328
443 305 400 327
444 305 401 327
446 305 403 330
448 305 405 330
449 305 407 330
451 305 409 331
453 305 411 331
455 305 413 331
456 305 415 331
460 305 418 333
461 305 420 333
463 305 421 333
432 307 390 328
434 307 391 328
436 307 393 328
437 307 395 329
439 307 396 330
443 307 399 330
444 307 401 329
446 307 403 332
448 307 405 332
449 307 406 332
451 307 408 332
455 307 412 333
456 307 414 334
458 307 416 334
460 307 418 334
461 307 419 335
463 307 421 335
429 309 387 328
432 309 390 329
434 309 391 329
436 309 393 330
437 309 395 331
439 309 396 332
443 309 399 332
444 309 401 332
446 309 402 333
448 309 404 334
449 309 406 334
453 309 410 334
455 309 412 335
456 309 413 335
458 309 415 336
460 309 417 336
461 309 419 336
465 309 422 337
443 310 398 334
444 310 400 334
446 310 402 335
448 310 403 335
449 310 406 336
451 310 407 335
453 310 409 336
455 310 411 336
456 310 412 337
458 310 414 337
460 310 416 338
461 310 418 338
463 310 420 338
422 312 380 326
432 312 391 332
436 312 392 332
437 312 394 333
446 312 401 336
448 312 403 337
451 312 407 337
453 312 408 338
455 312 410 338
456 312 412 339
458 312 414 339
460 312 416 339
461 312 417 340
465 312 421 340
467 312 422 340
468 312 424 341
470 312 426 341
436 314 392 334
439 314 394 335
443 314 397 336
444 314 399 337
449 314 404 339
451 314 406 339
453 314 408 339
455 314 409 340
456 314 411 340
458 314 413 341
460 314 415 341
461 314 417 342
467 314 422 342
468 314 424 343
470 314 426 343
429 316 385 332
441 316 395 337
443 316 397 337
444 316 398 338
446 316 400 339
448 316 402 340
449 316 403 340
451 316 405 341
453 316 407 341
455 316 409 342
456 316 411 342
458 316 412 342
460 316 414 343
465 316 419 343
467 316 421 344
468 316 423 344
429 317 384 333
432 317 387 335
434 317 389 335
448 317 401 341
449 317 403 342
451 317 404 342
453 317 407 342
455 317 409 343
456 317 410 343
460 317 413 344
463 317 417 345
465 317 419 345
467 317 421 345
468 317 423 346
427 319 382 333
436 319 391 338
439 319 393 339
441 319 394 339
446 319 398 340
448 319 400 340
449 319 402 344
451 319 404 344
453 319 406 344
455 319 408 344
458 319 411 345
461 319 414 346
463 319 416 346
465 319 418 347
467 319 420 347
427 321 382 335
429 321 383 336
434 321 388 339
436 321 390 339
439 321 392 340
441 321 394 341
443 321 395 342
446 321 398 342
448 321 400 342
453 321 405 346
455 321 407 346
456 321 408 347
460 321 412 347
461 321 414 348
463 321 416 348
465 321 417 348
425 322 380 336
427 322 381 337
429 322 383 337
431 322 384 338
434 322 388 341
436 322 389 341
439 322 392 342
441 322 393 343
443 322 395 343
446 322 397 344
448 322 399 344
449 322 401 345
451 322 402 345
455 322 406 348
456 322 408 348
458 322 409 348
460 322 411 349
461 322 413 349
463 322 415 350
427 324 381 338
429 324 382 338
431 324 384 340
432 324 385 340
434 324 387 342
437 324 390 343
439 324 391 343
441 324 393 344
443 324 394 345
444 324 396 345
448 324 399 346
449 324 400 346
451 324 402 347
453 324 403 348
458 324 409 350
460 324 411 350
461 324 413 351
463 324 414 351
429 326 382 341
431 326 383 341
432 326 385 342
439 326 391 345
441 326 392 346
443 326 394 346
444 326 395 347
448 326 398 348
449 326 400 349
451 326 401 349
453 326 403 350
455 326 404 351
456 326 406 351
458 326 408 352
460 326 410 352
461 326 412 352
463 326 413 353
432 328 385 344
434 328 386 344
443 328 393 348
444 328 395 348
446 328 396 349
449 328 399 350
451 328 401 351
453 328 402 352
455 328 404 353
456 328 405 353
458 328 408 353
460 328 409 354
461 328 411 354
431 329 383 343
434 329 386 346
439 329 390 348
441 329 391 348
444 329 394 350
446 329 396 351
449 329 398 352
451 329 400 352
453 329 402 354
455 329 403 354
456 329 405 355
458 329 407 355
460 329 409 355
443 331 392 350
449 331 398 353
451 331 400 354
453 331 401 355
455 331 403 356
456 331 404 356
458 331 407 357
453 333 401 357
455 333 402 357
456 333 404 358
