411 314 411 314
412 314 412 314
414 314 414 314
415 314 415 314
416 314 416 314
418 314 418 314
419 314 419 314
420 314 420 314
423 314 423 314
425 314 425 314
427 314 427 314
428 314 428 314
429 314 429 314
410 316 410 316
411 316 411 316
412 316 412 316
414 316 414 316
415 316 415 315
416 316 417 316
419 316 419 316
420 316 420 315
421 316 421 316
423 316 423 315
424 316 424 315
425 316 425 315
427 316 427 316
410 317 410 317
411 317 411 317
412 317 412 317
414 317 414 317
415 317 415 317
416 317 416 317
419 317 419 317
420 317 420 317
421 317 421 317
423 317 423 317
424 317 424 317
425 317 425 317
427 317 427 317
428 317 428 317
434 317 434 317
410 318 410 318
411 318 411 318
412 318 412 318
414 318 414 318
416 318 416 318
418 318 418 318
419 318 419 318
420 318 420 318
423 318 423 318
424 318 424 318
425 318 425 318
427 318 427 318
434 318 434 318
435 318 435 318
410 319 410 319
411 319 411 319
412 319 412 319
414 319 414 319
418 319 418 319
419 319 419 319
420 319 420 319
421 319 421 319
424 319 424 319
427 319 427 319
418 321 418 321
419 321 419 321
420 321 420 321
421 321 421 321
423 321 423 321
425 321 425 321
433 321 433 322
409 322 409 322
410 322 410 322
411 322 411 322
412 322 412 322
414 322 414 322
415 322 415 322
418 322 418 322
419 322 419 322
420 322 420 322
421 322 421 322
424 322 424 322
425 322 425 322
428 322 428 322
433 322 434 323
407 323 407 323
409 323 409 323
410 323 410 323
412 323 412 323
414 323 414 323
415 323 415 323
418 323 418 323
419 323 419 323
420 323 420 323
421 323 421 323
424 323 424 323
425 323 425 323
428 323 428 323
429 323 429 323
432 323 432 323
406 324 406 324
407 324 407 324
409 324 409 324
410 324 410 324
411 324 411 324
414 324 414 324
418 324 418 324
419 324 419 324
420 324 420 324
421 324 421 324
423 324 423 324
424 324 424 324
425 324 425 324
428 324 428 325
429 324 429 325
433 324 433 325
437 324 436 326
406 326 406 326
407 326 407 326
409 326 409 326
410 326 410 326
411 326 411 326
412 326 412 326
416 326 416 326
418 326 418 326
419 326 419 326
420 326 420 326
421 326 421 326
423 326 423 326
424 326 424 326
427 326 427 326
428 326 428 326
432 326 432 327
433 326 433 326
435 326 435 327
406 327 406 327
407 327 407 327
410 327 410 327
411 327 411 327
412 327 412 327
414 327 414 327
416 327 416 327
418 327 417 327
419 327 419 327
420 327 420 327
423 327 423 327
424 327 424 327
425 327 425 327
427 327 427 327
428 327 428 327
429 327 429 327
432 327 432 328
435 327 435 328
437 327 436 328
406 328 406 328
407 328 407 328
410 328 410 328
411 328 411 328
412 328 412 328
414 328 414 328
416 328 416 328
418 328 418 328
419 328 419 328
420 328 420 328
421 328 422 328
424 328 424 328
425 328 425 328
427 328 427 328
428 328 428 328
429 328 429 328
433 328 433 328
437 328 436 329
393 330 393 330
395 330 395 330
397 330 397 330
398 330 398 330
400 330 400 330
401 330 401 330
402 330 402 330
406 330 406 330
409 330 409 330
410 330 410 330
411 330 411 330
412 330 412 330
414 330 414 330
415 330 415 330
416 330 416 330
418 330 417 330
419 330 419 330
420 330 420 330
423 330 423 330
424 330 424 330
425 330 425 330
427 330 427 329
428 330 428 329
430 330 431 329
432 330 432 329
433 330 433 329
434 330 434 329
437 330 436 330
393 331 393 331
395 331 395 331
396 331 396 331
397 331 397 331
398 331 398 331
403 331 403 331
405 331 405 331
409 331 409 331
410 331 410 331
411 331 411 331
412 331 412 331
414 331 414 331
415 331 415 331
416 331 416 331
419 331 419 331
420 331 420 331
423 331 423 331
424 331 424 331
425 331 425 331
427 331 427 331
428 331 428 330
430 331 430 330
432 331 432 330
433 331 433 330
437 331 436 332
393 332 393 332
396 332 396 332
397 332 397 332
398 332 398 332
400 332 400 332
401 332 401 332
402 332 402 332
403 332 403 332
405 332 405 332
406 332 406 332
407 332 407 332
409 332 409 332
410 332 410 332
411 332 411 332
412 332 412 332
414 332 414 332
415 332 415 332
416 332 416 332
418 332 418 332
419 332 419 332
420 332 420 332
423 332 423 332
425 332 425 332
427 332 427 332
429 332 429 332
393 333 393 333
395 333 395 333
398 333 398 333
402 333 402 333
403 333 403 333
405 333 405 333
406 333 406 333
407 333 407 333
409 333 409 333
410 333 410 333
411 333 411 333
412 333 412 333
414 333 414 333
415 333 415 333
416 333 416 333
418 333 417 333
419 333 419 333
420 333 420 333
423 333 423 333
424 333 424 333
425 333 425 333
427 333 427 333
429 333 429 333
434 333 434 334
393 335 393 335
395 335 395 335
400 335 400 334
401 335 401 335
402 335 402 335
403 335 403 335
405 335 405 335
406 335 406 335
407 335 407 335
409 335 409 335
410 335 410 335
411 335 411 335
412 335 412 335
414 335 414 335
415 335 415 335
418 335 417 335
419 335 419 335
420 335 420 335
421 335 421 335
423 335 423 335
424 335 424 335
425 335 425 335
427 335 427 335
428 335 428 335
429 335 429 335
432 335 432 335
433 335 432 337
393 336 393 336
395 336 395 336
396 336 396 336
397 336 397 335
398 336 398 335
400 336 400 336
401 336 401 336
402 336 402 336
403 336 403 336
405 336 405 336
406 336 406 336
407 336 407 336
410 336 410 336
411 336 411 336
412 336 412 336
414 336 414 336
416 336 416 336
418 336 418 336
419 336 419 336
420 336 420 336
421 336 421 336
423 336 423 336
424 336 424 336
425 336 425 336
427 336 427 336
428 336 428 336
430 336 430 336
393 337 393 337
395 337 394 337
396 337 396 337
397 337 397 337
400 337 400 338
401 337 401 337
402 337 402 337
403 337 403 337
405 337 405 337
407 337 408 337
410 337 410 337
414 337 414 338
415 337 415 337
416 337 416 337
418 337 417 337
419 337 419 337
420 337 420 337
424 337 424 337
427 337 427 337
428 337 428 337
393 339 393 339
395 339 395 339
396 339 396 339
397 339 397 339
398 339 398 339
401 339 401 339
402 339 402 339
403 339 403 339
405 339 405 339
407 339 408 339
410 339 410 339
412 339 412 338
415 339 415 338
416 339 416 339
418 339 417 339
419 339 419 339
420 339 420 338
423 339 423 339
424 339 424 339
427 339 427 339
428 339 428 339
429 339 429 339
393 340 393 340
400 340 400 340
401 340 401 340
402 340 402 340
403 340 403 340
405 340 405 340
406 340 406 340
410 340 410 340
411 340 411 340
412 340 412 340
414 340 414 340
415 340 415 340
416 340 416 340
418 340 418 340
419 340 419 340
420 340 420 340
421 340 422 340
424 340 424 340
425 340 425 340
427 340 427 340
428 340 428 340
393 341 393 341
395 341 395 341
396 341 396 341
397 341 397 341
398 341 398 341
400 341 400 341
401 341 401 341
402 341 402 341
406 341 406 341
407 341 407 341
409 341 409 341
410 341 410 341
412 341 412 341
414 341 414 341
416 341 416 341
418 341 418 341
420 341 420 341
421 341 421 341
423 341 423 341
424 341 424 341
393 342 393 342
395 342 395 342
396 342 396 342
397 342 397 343
398 342 398 343
400 342 400 343
401 342 401 343
403 342 403 342
405 342 405 342
406 342 406 342
407 342 407 343
409 342 409 342
410 342 410 342
411 342 411 342
412 342 412 342
414 342 414 342
416 342 416 342
419 342 419 342
420 342 420 342
421 342 422 342
423 342 423 342
424 342 424 342
393 344 393 344
395 344 395 344
396 344 396 344
397 344 397 345
398 344 398 345
400 344 400 345
401 344 401 344
402 344 402 344
403 344 403 344
405 344 405 344
406 344 406 344
407 344 407 344
409 344 409 344
410 344 410 344
411 344 411 343
412 344 412 343
414 344 414 343
419 344 419 344
420 344 420 344
421 344 422 343
393 345 393 345
395 345 395 345
396 345 396 345
397 345 397 346
398 345 398 347
402 345 402 345
403 345 404 345
405 345 405 345
407 345 407 345
409 345 409 345
410 345 410 345
412 345 412 344
415 345 415 345
418 345 417 345
419 345 419 345
420 345 420 345
421 345 423 343
393 346 393 346
397 346 397 347
401 346 401 347
402 346 402 346
403 346 404 346
405 346 405 346
406 346 406 346
410 346 410 346
411 346 411 346
412 346 412 346
415 346 415 346
416 346 416 346
418 346 417 346
419 346 419 346
395 348 394 347
396 348 396 347
397 348 397 348
398 348 398 348
400 348 400 348
401 348 401 348
402 348 402 348
403 348 403 348
405 348 405 348
406 348 406 348
407 348 407 347
409 348 409 348
411 348 411 348
412 348 412 348
415 348 415 348
416 348 416 348
396 349 396 349
397 349 397 349
398 349 398 349
400 349 400 349
401 349 401 349
402 349 402 349
403 349 403 349
405 349 405 349
406 349 406 349
407 349 407 349
409 349 409 349
410 349 410 349
411 349 411 349
412 349 412 349
414 349 414 349
397 350 397 350
398 350 398 350
401 350 401 350
402 350 402 350
403 350 403 350
405 350 405 350
406 350 406 350
407 350 407 350
409 350 409 350
410 350 410 350
411 350 411 350
412 350 412 350
