414 313 413 315
422 313 421 314
409 315 384 300
411 315 386 300
411 316 410 317
414 316 414 317
416 316 415 317
420 316 419 317
422 316 421 317
425 316 424 317
426 316 425 317
412 317 410 318
413 317 412 318
414 317 414 318
416 317 415 318
417 317 416 318
420 317 419 318
421 317 420 318
422 317 421 318
425 317 424 319
426 317 425 318
412 319 410 320
413 319 412 320
414 319 413 320
416 319 415 320
420 319 419 320
421 319 420 320
425 319 424 320
428 319 426 320
409 320 408 320
411 320 409 321
412 320 410 321
413 320 411 321
414 320 413 321
416 320 415 321
418 320 417 321
420 320 419 321
421 320 420 321
422 320 421 321
425 320 424 321
428 320 426 321
412 321 410 323
413 321 411 323
414 321 413 323
416 321 415 322
418 321 417 322
420 321 418 322
426 321 425 323
409 322 408 323
413 322 411 324
421 322 420 324
422 322 421 324
425 322 424 324
430 322 430 323
434 322 433 321
408 324 406 325
409 324 408 325
413 324 411 326
414 324 413 326
418 324 417 325
420 324 419 325
421 324 420 325
422 324 421 325
425 324 424 325
428 324 427 325
407 325 405 326
408 325 407 326
409 325 408 326
412 325 410 327
418 325 417 326
420 325 418 326
421 325 420 326
422 325 421 326
425 325 424 326
434 325 433 323
407 326 405 327
408 326 407 328
412 326 410 328
416 326 415 328
418 326 417 328
421 326 420 327
422 326 421 327
425 326 424 327
429 326 428 327
435 326 433 326
414 328 414 328
428 328 427 329
429 328 428 328
430 328 430 328
405 329 403 330
407 329 405 330
408 329 407 330
409 329 408 330
412 329 411 330
414 329 414 330
416 329 415 330
421 329 420 330
422 329 421 330
425 329 424 330
426 329 425 330
428 329 427 330
431 329 431 330
399 330 397 331
400 330 398 331
402 330 400 331
404 330 402 331
405 330 403 331
407 330 405 332
408 330 406 331
409 330 408 331
412 330 411 331
413 330 412 331
414 330 414 331
416 330 415 331
420 330 419 331
421 330 420 331
422 330 421 331
425 330 424 332
426 330 425 332
430 330 430 330
437 330 434 332
395 332 398 330
399 332 397 333
400 332 398 333
402 332 400 333
403 332 401 333
405 332 404 333
407 332 405 333
408 332 406 333
411 332 410 333
413 332 412 333
414 332 414 333
416 332 415 333
418 332 417 333
420 332 419 333
421 332 420 333
422 332 421 333
425 332 424 333
426 332 425 333
428 332 427 331
429 332 428 331
430 332 430 331
431 332 431 332
396 333 394 333
400 333 398 334
402 333 400 334
403 333 401 334
407 333 405 334
413 333 412 334
414 333 414 334
418 333 417 334
420 333 419 334
422 333 421 334
424 333 423 334
426 333 425 335
429 333 428 333
430 333 430 333
431 333 431 333
394 334 392 334
396 334 394 335
399 334 397 335
405 334 404 335
409 334 408 335
411 334 409 335
421 334 420 335
428 334 426 335
429 334 428 335
430 334 429 335
431 334 431 335
395 336 393 336
396 336 394 336
398 336 396 336
400 336 398 336
402 336 400 337
403 336 401 337
407 336 405 336
408 336 406 336
409 336 408 337
411 336 409 337
414 336 413 337
416 336 414 337
418 336 417 337
420 336 419 337
421 336 420 337
422 336 421 337
424 336 423 337
426 336 425 337
428 336 426 337
429 336 428 336
430 336 429 336
431 336 431 336
392 337 373 325
396 337 394 338
399 337 397 337
400 337 398 338
402 337 400 338
403 337 401 338
407 337 405 338
408 337 406 338
409 337 408 338
411 337 410 338
416 337 414 339
418 337 417 338
420 337 419 338
421 337 420 338
422 337 421 338
424 337 423 338
426 337 425 338
428 337 426 338
429 337 428 338
430 337 430 338
431 337 431 338
392 338 373 326
395 338 394 339
400 338 398 339
414 338 413 340
417 338 415 340
418 338 417 339
420 338 419 339
421 338 420 339
425 338 424 339
426 338 425 339
428 338 426 339
394 339 391 340
395 339 393 340
396 339 395 340
404 339 403 340
405 339 405 340
409 339 408 340
411 339 410 340
413 339 412 340
414 339 413 341
417 339 415 341
418 339 417 341
394 341 390 341
395 341 393 341
399 341 397 341
400 341 398 342
403 341 401 342
404 341 403 342
407 341 405 342
408 341 407 342
409 341 408 342
411 341 409 342
420 341 419 342
424 341 423 342
425 341 425 341
394 342 392 343
399 342 397 343
400 342 398 343
402 342 400 343
403 342 401 343
405 342 404 343
407 342 405 343
408 342 407 343
409 342 408 343
411 342 409 343
413 342 412 343
414 342 413 343
416 342 415 343
417 342 416 343
421 342 420 343
422 342 421 343
424 342 423 343
394 343 392 344
395 343 393 344
399 343 397 345
400 343 398 345
402 343 400 344
403 343 401 344
405 343 404 344
407 343 405 344
408 343 406 344
409 343 408 344
412 343 410 345
413 343 412 345
414 343 413 344
416 343 415 344
421 343 420 345
422 343 421 344
392 345 391 346
394 345 392 346
398 345 395 345
399 345 397 346
400 345 398 346
402 345 400 346
404 345 402 346
405 345 404 346
407 345 405 346
408 345 406 346
409 345 408 346
412 345 410 346
413 345 412 346
414 345 413 346
417 345 416 345
418 345 418 345
395 346 393 347
400 346 398 347
402 346 399 347
413 346 412 348
416 346 415 347
418 346 418 346
394 347 392 348
403 347 401 348
405 347 404 348
407 347 405 348
408 347 407 348
409 347 408 348
411 347 409 348
414 347 413 348
417 347 416 348
395 348 393 350
398 348 395 350
400 348 398 350
402 348 400 350
403 348 401 350
405 348 404 350
407 348 405 350
408 348 407 350
409 348 408 350
411 348 410 350
413 348 412 350
414 348 413 350
398 350 395 351
399 350 397 351
400 350 398 351
402 350 399 351
404 350 402 351
405 350 404 351
408 350 407 351
409 350 408 351
411 350 410 351
413 350 411 351
