412 313 412 313
413 313 415 312
414 313 416 312
416 313 417 312
417 313 418 312
418 313 420 312
421 313 421 313
422 313 423 312
424 313 425 312
425 313 425 313
426 313 426 313
428 313 428 313
429 313 429 313
430 313 430 313
434 313 433 312
435 313 434 312
409 315 409 315
411 315 411 315
412 315 412 315
414 315 414 315
416 315 416 315
418 315 418 315
420 315 420 315
421 315 421 315
422 315 422 315
424 315 424 315
425 315 425 315
426 315 426 315
409 316 409 316
411 316 411 316
413 316 413 316
414 316 415 316
417 316 417 316
418 316 418 316
420 316 420 316
421 316 421 316
422 316 422 316
424 316 424 316
425 316 425 316
426 316 426 316
412 317 412 317
413 317 413 317
416 317 416 317
417 317 417 317
418 317 418 317
420 317 420 317
421 317 421 317
422 317 422 317
424 317 424 317
425 317 425 317
426 317 426 317
434 317 434 316
408 319 407 319
409 319 408 319
412 319 412 319
413 319 413 319
414 319 415 319
416 319 416 319
417 319 417 319
418 319 418 319
420 319 420 319
421 319 421 319
422 319 422 319
424 319 424 319
426 319 426 319
434 319 434 319
407 320 406 321
408 320 407 321
409 320 409 320
412 320 412 320
413 320 413 320
414 320 415 320
416 320 416 320
417 320 417 320
418 320 418 320
420 320 420 320
421 320 421 320
422 320 422 320
424 320 424 320
426 320 426 320
430 320 430 320
431 320 431 320
433 320 432 320
434 320 434 320
407 321 407 320
408 321 408 321
409 321 409 321
411 321 411 321
416 321 416 321
417 321 417 321
418 321 418 321
420 321 420 321
421 321 421 321
422 321 422 321
424 321 424 321
425 321 425 321
430 321 430 321
433 321 432 321
408 322 408 322
409 322 409 322
411 322 411 322
412 322 412 322
414 322 415 322
416 322 416 322
417 322 417 323
418 322 418 322
420 322 420 323
421 322 421 322
422 322 422 323
424 322 424 322
425 322 425 323
426 322 426 323
430 322 431 322
437 322 436 321
405 324 404 325
407 324 407 324
408 324 408 324
409 324 409 324
411 324 410 324
416 324 416 324
417 324 417 324
418 324 418 324
420 324 420 324
421 324 421 324
422 324 422 324
424 324 424 324
425 324 425 324
429 324 429 323
405 325 405 326
407 325 407 325
408 325 408 325
409 325 409 325
411 325 411 325
412 325 412 326
414 325 415 326
416 325 416 325
417 325 417 325
418 325 418 325
420 325 420 325
421 325 421 325
422 325 422 325
424 325 424 325
425 325 425 325
429 325 429 325
430 325 430 325
435 325 435 323
405 326 405 327
407 326 407 326
408 326 408 327
409 326 409 326
411 326 411 326
412 326 412 327
413 326 414 327
414 326 415 327
416 326 416 327
417 326 417 327
421 326 421 326
422 326 422 326
424 326 424 326
425 326 425 326
428 326 428 326
429 326 429 326
430 326 430 326
431 326 432 326
434 326 434 327
405 328 405 328
407 328 407 328
408 328 408 328
411 328 411 328
412 328 412 328
414 328 415 328
416 328 416 328
417 328 417 328
420 328 420 328
421 328 421 328
422 328 422 328
424 328 424 328
426 328 426 328
429 328 429 327
430 328 431 327
431 328 432 327
435 328 435 327
437 328 436 327
407 329 407 329
409 329 409 329
412 329 412 329
413 329 413 329
414 329 415 329
416 329 416 329
417 329 417 329
418 329 419 329
420 329 420 329
421 329 421 329
422 329 422 329
424 329 424 329
425 329 425 329
426 329 426 329
428 329 427 329
429 329 429 329
431 329 432 328
433 329 433 329
434 329 434 330
435 329 435 329
394 330 393 331
395 330 394 331
398 330 397 331
399 330 399 331
400 330 400 331
402 330 401 331
403 330 403 330
405 330 405 330
407 330 407 330
408 330 408 330
409 330 409 330
411 330 411 330
412 330 412 330
413 330 413 331
414 330 414 330
416 330 416 330
417 330 417 330
418 330 419 330
420 330 420 330
421 330 421 330
422 330 422 330
425 330 425 330
426 330 426 330
428 330 427 330
429 330 429 330
434 330 434 331
435 330 435 331
437 330 436 331
395 332 394 332
396 332 396 332
398 332 397 332
399 332 398 332
400 332 400 332
402 332 401 332
403 332 403 332
404 332 404 332
405 332 405 332
407 332 407 332
408 332 408 332
409 332 409 332
411 332 411 332
414 332 415 332
416 332 416 332
417 332 417 332
418 332 418 332
420 332 420 332
421 332 421 332
422 332 422 331
424 332 424 331
425 332 425 331
426 332 426 331
428 332 427 331
429 332 429 331
430 332 430 331
433 332 432 332
435 332 435 332
395 333 395 333
396 333 396 333
399 333 398 333
400 333 400 333
402 333 401 333
403 333 403 333
404 333 404 333
405 333 405 333
407 333 407 333
408 333 408 333
409 333 409 333
411 333 411 333
412 333 412 333
413 333 413 333
414 333 415 333
416 333 416 333
417 333 417 333
418 333 418 333
420 333 420 333
421 333 421 333
422 333 422 333
424 333 424 333
425 333 425 333
426 333 426 333
428 333 428 334
429 333 429 334
430 333 430 333
431 333 431 333
433 333 432 333
434 333 434 333
435 333 435 333
395 334 395 335
396 334 396 335
398 334 397 334
399 334 398 334
400 334 400 334
403 334 403 334
404 334 404 334
405 334 405 334
407 334 407 334
408 334 408 334
409 334 409 334
411 334 411 334
412 334 412 334
413 334 413 334
414 334 415 334
416 334 416 334
417 334 417 334
418 334 418 334
420 334 420 334
421 334 421 334
422 334 422 334
424 334 424 334
425 334 425 334
426 334 426 334
428 334 428 334
429 334 429 334
430 334 430 334
431 334 431 334
433 334 433 334
392 336 393 337
394 336 394 336
396 336 396 336
398 336 397 336
399 336 398 336
402 336 401 336
403 336 403 336
404 336 404 335
405 336 405 336
407 336 407 335
408 336 408 335
409 336 409 335
411 336 411 335
412 336 412 336
413 336 413 336
414 336 414 336
416 336 416 336
417 336 417 336
418 336 418 336
420 336 420 336
421 336 421 336
422 336 422 336
424 336 424 336
425 336 425 336
426 336 426 336
428 336 427 336
430 336 430 336
431 336 431 336
392 337 393 338
394 337 394 338
396 337 396 337
398 337 397 337
400 337 400 337
402 337 401 337
403 337 403 337
404 337 404 337
405 337 405 337
407 337 407 337
408 337 408 337
409 337 409 337
411 337 411 337
412 337 412 337
413 337 413 337
414 337 414 337
416 337 415 337
417 337 417 337
418 337 418 337
420 337 420 337
421 337 421 337
422 337 422 337
424 337 424 337
425 337 425 337
426 337 426 337
428 337 427 337
429 337 429 337
392 338 393 339
394 338 394 339
396 338 396 338
398 338 397 338
399 338 399 338
400 338 400 338
402 338 402 338
403 338 403 338
404 338 404 338
405 338 405 338
408 338 407 338
409 338 409 338
411 338 411 338
412 338 412 338
413 338 413 339
414 338 414 339
416 338 416 338
417 338 417 338
418 338 418 338
420 338 420 338
421 338 421 338
422 338 422 338
424 338 424 338
425 338 425 338
426 338 426 338
428 338 428 338
429 338 429 338
430 338 431 337
394 339 394 340
398 339 397 340
399 339 399 339
400 339 400 339
402 339 401 339
403 339 403 339
404 339 404 339
405 339 405 339
407 339 407 339
408 339 408 339
409 339 409 339
411 339 411 339
412 339 412 340
413 339 413 340
414 339 414 340
416 339 416 340
417 339 417 339
418 339 418 339
420 339 420 339
421 339 421 339
422 339 422 339
424 339 424 339
425 339 425 339
426 339 426 339
428 339 428 339
429 339 429 339
392 341 393 342
394 341 394 341
398 341 397 341
399 341 399 341
400 341 400 341
402 341 401 341
403 341 403 341
404 341 404 341
405 341 405 341
407 341 407 341
408 341 408 341
409 341 409 341
411 341 411 341
412 341 412 341
413 341 413 341
414 341 415 341
416 341 416 341
417 341 417 341
418 341 418 341
420 341 420 341
421 341 421 341
422 341 422 341
424 341 424 341
425 341 425 341
426 341 426 341
392 342 393 343
395 342 395 342
396 342 396 342
399 342 399 342
402 342 401 342
403 342 402 342
404 342 404 342
405 342 405 342
407 342 407 342
408 342 408 342
409 342 409 342
411 342 411 342
412 342 412 342
413 342 413 342
414 342 415 342
416 342 416 342
417 342 417 342
418 342 418 342
420 342 420 342
421 342 421 342
422 342 422 342
424 342 424 342
392 343 393 344
395 343 395 343
396 343 396 343
398 343 397 342
402 343 401 344
403 343 402 343
404 343 404 343
405 343 405 343
407 343 407 343
408 343 408 343
409 343 409 343
411 343 411 343
412 343 412 343
413 343 413 343
414 343 415 343
416 343 416 343
417 343 417 343
418 343 418 343
420 343 420 343
421 343 421 343
422 343 422 343
392 345 393 345
395 345 395 345
396 345 396 345
398 345 397 345
402 345 401 345
403 345 402 345
404 345 404 345
405 345 405 345
407 345 407 345
408 345 408 345
409 345 409 345
411 345 411 345
412 345 412 345
413 345 413 345
414 345 415 345
416 345 416 345
417 345 417 345
418 345 418 345
392 346 393 346
395 346 395 346
396 346 395 346
398 346 397 349
399 346 399 349
402 346 401 346
403 346 402 346
404 346 404 346
405 346 405 346
407 346 407 346
408 346 408 346
409 346 409 346
411 346 411 346
412 346 412 346
413 346 413 346
414 346 415 346
416 346 416 346
417 346 417 346
418 346 420 345
395 347 395 348
402 347 401 347
403 347 402 347
404 347 404 347
405 347 405 347
407 347 407 347
408 347 408 347
409 347 409 347
411 347 411 347
412 347 412 347
413 347 413 347
414 347 415 347
416 347 416 347
417 347 418 346
418 347 419 346
396 348 395 349
398 348 397 346
402 348 401 349
403 348 402 349
404 348 404 348
405 348 405 349
407 348 407 349
408 348 408 349
409 348 409 349
411 348 411 349
412 348 412 348
413 348 413 348
414 348 414 349
416 348 416 348
398 350 397 350
399 350 398 350
402 350 401 350
403 350 402 350
404 350 404 350
405 350 405 350
407 350 407 350
408 350 408 350
409 350 409 350
411 350 411 350
412 350 412 350
413 350 413 350
