414 312 414 312
415 312 415 312
416 312 416 312
418 312 418 312
419 312 419 312
420 312 421 312
426 312 425 312
427 312 427 312
428 312 428 312
429 312 429 312
431 312 431 312
432 312 432 312
433 312 434 312
411 314 411 314
412 314 413 314
414 314 414 314
415 314 415 314
416 314 416 314
418 314 418 314
419 314 419 314
422 314 422 314
424 314 424 314
427 314 427 314
428 314 428 314
429 314 429 314
432 314 432 314
409 315 409 315
410 315 410 315
411 315 411 315
412 315 413 315
414 315 414 315
415 315 415 315
416 315 417 315
418 315 418 315
419 315 419 315
420 315 420 315
422 315 422 315
423 315 423 315
426 315 425 315
427 315 427 315
428 315 428 315
429 315 430 315
410 316 410 316
411 316 411 316
412 316 413 316
414 316 414 316
415 316 415 316
416 316 416 316
418 316 418 316
422 316 421 316
423 316 423 316
424 316 424 317
426 316 425 316
428 316 428 316
433 316 433 316
410 318 410 318
411 318 411 318
412 318 413 318
414 318 414 318
416 318 416 318
420 318 420 318
423 318 423 318
424 318 424 318
426 318 425 318
431 318 430 318
433 318 433 318
409 319 409 319
410 319 410 319
411 319 411 319
412 319 413 319
414 319 414 319
415 319 415 319
418 319 418 319
419 319 419 319
420 319 420 319
422 319 422 319
424 319 424 319
431 319 430 319
433 319 433 319
407 320 407 320
409 320 409 320
410 320 410 320
411 320 411 320
412 320 412 320
414 320 414 320
415 320 415 320
418 320 418 320
419 320 419 320
420 320 420 320
422 320 422 320
423 320 423 320
431 320 430 320
407 322 407 321
409 322 409 321
410 322 410 321
411 322 411 322
412 322 413 321
414 322 414 321
415 322 415 322
416 322 416 322
419 322 419 321
420 322 420 322
423 322 423 321
424 322 424 322
429 322 429 322
433 322 434 320
405 323 405 323
406 323 406 323
407 323 407 323
410 323 410 323
411 323 411 323
412 323 413 323
414 323 414 323
415 323 415 323
416 323 416 323
419 323 419 323
420 323 420 323
422 323 422 323
423 323 423 323
424 323 424 323
426 323 425 323
427 323 427 323
429 323 429 323
432 323 432 323
405 324 405 324
407 324 407 324
409 324 409 324
410 324 410 324
411 324 411 324
412 324 413 324
414 324 414 324
415 324 415 324
416 324 416 324
419 324 419 324
420 324 420 324
422 324 422 324
426 324 425 324
405 325 405 325
407 325 407 325
409 325 409 325
415 325 415 326
416 325 416 325
419 325 419 325
420 325 420 325
426 325 425 326
429 325 429 324
433 325 433 322
405 327 405 327
407 327 407 327
409 327 409 327
411 327 411 327
412 327 413 327
414 327 414 327
415 327 415 327
416 327 416 327
418 327 418 327
419 327 419 327
422 327 421 327
423 327 423 327
424 327 424 327
426 327 425 327
427 327 427 327
428 327 428 326
431 327 431 326
433 327 434 324
406 328 406 328
410 328 410 328
412 328 413 328
414 328 414 328
415 328 415 328
416 328 416 328
418 328 418 328
420 328 420 328
422 328 421 328
423 328 423 328
424 328 424 328
426 328 425 328
427 328 427 328
428 328 428 327
405 329 405 329
406 329 406 329
407 329 407 329
409 329 409 329
410 329 410 329
412 329 413 329
414 329 414 329
415 329 415 329
418 329 418 329
420 329 420 329
423 329 423 329
424 329 424 329
427 329 427 329
428 329 428 330
429 329 429 330
431 329 431 330
390 331 390 331
392 331 392 331
396 331 396 331
397 331 397 331
398 331 398 331
400 331 400 331
402 331 402 331
403 331 403 331
405 331 405 331
406 331 406 331
407 331 407 331
409 331 409 331
410 331 410 331
412 331 412 331
414 331 414 331
415 331 415 331
418 331 418 331
419 331 419 331
420 331 420 331
422 331 422 331
427 331 427 331
429 331 429 331
431 331 430 331
432 331 432 331
433 331 434 330
435 331 436 329
390 332 390 332
392 332 392 332
393 332 393 332
394 332 394 332
396 332 396 332
397 332 397 332
398 332 398 332
400 332 399 332
401 332 401 332
403 332 403 332
405 332 405 332
406 332 406 332
407 332 407 332
409 332 409 332
410 332 410 332
411 332 411 332
412 332 412 332
416 332 416 332
418 332 418 332
419 332 419 332
420 332 420 332
422 332 422 332
427 332 427 332
428 332 428 332
429 332 429 332
431 332 430 332
432 332 431 333
433 332 434 331
393 333 393 333
394 333 394 333
396 333 396 333
397 333 397 333
398 333 398 333
400 333 399 333
401 333 401 333
402 333 402 333
403 333 403 333
405 333 405 333
406 333 406 333
407 333 407 333
409 333 409 333
410 333 410 333
411 333 411 333
412 333 413 333
414 333 414 333
415 333 415 333
416 333 416 333
419 333 419 333
420 333 420 333
424 333 424 333
426 333 425 333
427 333 427 333
428 333 428 333
429 333 429 334
431 333 430 334
432 333 431 334
433 333 434 332
435 333 436 331
390 335 390 335
392 335 392 335
393 335 393 335
394 335 394 335
396 335 396 335
400 335 399 335
401 335 401 335
402 335 402 334
403 335 403 335
405 335 405 335
406 335 406 335
407 335 407 335
409 335 409 335
410 335 410 334
411 335 411 334
414 335 414 335
415 335 415 334
416 335 416 334
418 335 418 335
419 335 419 335
420 335 420 335
424 335 424 335
426 335 425 335
427 335 427 335
428 335 428 335
429 335 429 335
432 335 431 335
433 335 434 333
390 336 390 336
392 336 392 336
393 336 393 336
394 336 394 336
396 336 396 336
398 336 398 336
400 336 399 336
401 336 401 336
402 336 402 336
403 336 403 336
405 336 405 336
406 336 406 336
407 336 407 336
409 336 409 336
410 336 410 336
414 336 414 336
415 336 415 336
416 336 416 336
418 336 418 336
419 336 419 336
422 336 422 336
424 336 424 336
426 336 425 336
427 336 427 336
428 336 428 336
429 336 429 336
431 336 430 336
390 337 390 337
392 337 392 337
393 337 393 337
394 337 394 337
397 337 397 337
401 337 401 337
402 337 402 337
403 337 403 337
405 337 405 337
407 337 407 337
409 337 409 337
410 337 410 337
411 337 411 337
414 337 414 337
415 337 415 337
416 337 416 337
418 337 418 337
420 337 420 337
422 337 421 337
423 337 423 337
424 337 424 337
426 337 425 337
427 337 427 337
428 337 428 337
429 337 429 337
431 337 430 337
396 338 396 338
398 338 398 338
400 338 399 338
401 338 401 338
402 338 402 338
403 338 403 338
405 338 405 338
406 338 406 338
407 338 407 338
414 338 414 338
415 338 415 338
416 338 416 338
418 338 418 338
419 338 419 338
423 338 423 338
426 338 426 338
427 338 427 338
428 338 428 338
390 340 390 340
392 340 392 340
393 340 393 340
394 340 394 340
397 340 397 339
400 340 399 340
402 340 402 340
405 340 405 340
406 340 406 340
407 340 407 340
409 340 409 340
412 340 413 339
415 340 415 340
416 340 416 340
423 340 423 340
426 340 426 340
427 340 427 340
390 341 390 341
392 341 392 341
393 341 393 341
394 341 394 341
396 341 396 341
397 341 397 341
398 341 398 341
400 341 399 341
402 341 402 341
403 341 403 341
406 341 406 341
409 341 409 341
410 341 410 341
412 341 413 341
414 341 414 341
415 341 415 341
416 341 416 341
418 341 418 341
423 341 423 341
390 342 390 342
396 342 396 342
397 342 397 343
398 342 398 342
400 342 399 342
401 342 401 342
403 342 403 342
405 342 405 342
407 342 407 342
409 342 409 342
410 342 410 342
411 342 411 342
412 342 413 342
414 342 414 342
418 342 418 342
419 342 419 342
422 342 422 342
423 342 424 341
392 344 392 344
393 344 393 343
398 344 398 343
402 344 402 344
405 344 405 343
406 344 406 344
407 344 407 344
409 344 409 344
410 344 410 343
411 344 411 343
412 344 413 343
414 344 414 344
415 344 415 344
416 344 416 344
419 344 419 344
420 344 421 343
390 345 390 345
392 345 392 345
393 345 393 345
394 345 394 345
396 345 396 344
397 345 397 345
398 345 398 344
400 345 400 345
401 345 401 345
402 345 402 345
403 345 403 345
405 345 405 345
406 345 406 345
407 345 407 345
409 345 409 345
410 345 410 345
411 345 411 345
412 345 413 345
414 345 414 345
416 345 416 345
418 345 418 345
419 345 419 345
420 345 421 344
390 346 390 346
392 346 392 346
393 346 393 346
394 346 394 346
396 346 396 346
397 346 397 346
398 346 398 346
400 346 400 346
401 346 401 346
402 346 402 346
403 346 403 346
405 346 405 346
406 346 406 346
407 346 407 346
409 346 409 346
410 346 410 346
411 346 411 346
412 346 413 346
414 346 414 346
415 346 415 346
416 346 417 346
418 346 418 346
419 346 419 346
392 348 392 347
393 348 393 347
394 348 394 347
396 348 396 347
398 348 398 347
400 348 399 347
401 348 401 347
402 348 402 347
403 348 403 347
405 348 405 347
406 348 406 347
407 348 407 347
409 348 409 348
410 348 410 347
411 348 411 347
412 348 413 347
414 348 414 347
415 348 416 347
416 348 417 347
393 349 393 349
394 349 394 349
396 349 396 349
397 349 397 349
398 349 398 349
400 349 399 349
401 349 401 349
402 349 402 349
403 349 403 349
405 349 405 349
406 349 406 349
409 349 409 349
410 349 410 349
411 349 411 349
412 349 413 349
414 349 414 348
415 349 416 348
394 350 394 350
396 350 395 350
398 350 398 350
400 350 399 350
401 350 401 350
402 350 402 350
403 350 403 350
405 350 405 350
406 350 406 350
407 350 407 350
409 350 409 350
410 350 410 350
411 350 411 350
412 350 413 350
397 351 397 351
398 351 398 351
400 351 400 351
401 351 401 351
402 351 402 351
403 351 403 351
405 351 405 351
406 351 406 351
407 351 407 351
409 351 409 351
410 351 410 351
411 351 411 351
