410 311 411 314
412 311 412 316
413 311 414 316
415 311 416 314
417 311 418 314
418 311 419 314
420 311 420 314
424 311 423 314
425 311 424 314
427 311 426 314
429 311 428 313
431 311 429 313
432 311 430 313
434 311 432 313
436 311 434 313
408 313 409 315
410 313 410 317
412 313 412 317
413 313 414 317
415 313 415 317
417 313 417 317
418 313 418 317
420 313 420 316
424 313 423 316
425 313 424 316
427 313 426 316
429 313 427 315
431 313 429 315
432 313 430 315
408 315 408 319
410 315 410 319
412 315 412 319
413 315 414 319
415 315 415 319
417 315 417 319
418 315 418 319
424 315 423 318
425 315 424 318
427 315 426 318
429 315 427 317
408 317 408 321
410 317 410 321
412 317 412 321
413 317 413 321
415 317 415 320
417 317 417 320
422 317 421 320
424 317 422 320
425 317 424 319
427 317 425 319
429 317 427 319
406 318 406 322
408 318 408 322
410 318 410 322
413 318 413 322
417 318 416 322
422 318 421 321
424 318 422 321
425 318 423 321
427 318 425 321
389 320 389 325
406 320 406 324
415 320 414 323
417 320 416 323
418 320 417 323
420 320 419 323
422 320 420 323
424 320 422 323
425 320 423 323
427 320 425 322
429 320 426 322
387 322 388 326
394 322 394 325
406 322 406 325
408 322 408 325
410 322 410 325
412 322 411 325
415 322 414 325
420 322 419 324
422 322 420 324
424 322 422 324
425 322 423 324
427 322 425 324
385 324 386 327
396 324 397 327
405 324 405 327
408 324 407 327
410 324 409 327
413 324 412 327
415 324 414 327
417 324 415 327
418 324 417 326
420 324 418 326
422 324 420 326
424 324 422 326
425 324 423 326
427 324 425 326
389 325 389 328
392 325 392 328
394 325 395 328
398 325 398 329
399 325 400 328
401 325 401 329
403 325 403 328
405 325 405 328
406 325 406 329
408 325 408 328
412 325 410 328
413 325 412 328
415 325 414 328
418 325 416 327
420 325 418 327
422 325 420 327
424 325 421 327
425 325 423 327
427 325 424 327
391 327 391 330
392 327 392 330
394 327 394 330
396 327 396 330
398 327 398 331
399 327 399 331
401 327 401 330
403 327 403 330
405 327 404 330
406 327 406 330
410 327 409 330
413 327 412 330
415 327 413 330
417 327 415 330
418 327 416 329
420 327 418 329
422 327 419 329
424 327 421 329
425 327 422 329
427 327 424 329
429 327 426 328
391 329 392 331
394 329 394 331
396 329 396 332
398 329 398 332
399 329 399 332
403 329 402 332
405 329 404 332
406 329 405 332
410 329 409 331
412 329 410 331
413 329 412 331
415 329 413 331
417 329 415 332
418 329 416 330
420 329 418 330
422 329 419 331
424 329 420 331
425 329 422 330
427 329 424 330
429 329 425 330
389 331 390 333
391 331 392 333
394 331 394 333
398 331 398 334
403 331 402 334
405 331 403 334
406 331 405 334
408 331 407 333
410 331 409 333
412 331 410 333
413 331 411 333
415 331 413 333
417 331 414 333
418 331 416 332
420 331 417 332
422 331 419 332
424 331 420 332
425 331 422 332
427 331 423 332
389 332 390 334
391 332 392 334
396 332 395 333
398 332 397 335
401 332 400 335
403 332 402 335
405 332 403 335
406 332 405 335
408 332 406 335
412 332 410 334
413 332 411 334
415 332 412 334
417 332 414 334
418 332 415 334
420 332 417 334
422 332 418 334
424 332 420 334
425 332 422 333
427 332 423 333
432 332 427 333
391 334 391 335
392 334 393 336
396 334 395 335
403 334 402 337
405 334 403 337
406 334 404 337
408 334 407 336
412 334 409 336
413 334 410 336
415 334 412 336
417 334 414 336
418 334 415 336
420 334 417 335
422 334 418 335
424 334 420 335
425 334 421 335
431 334 426 335
432 334 427 335
396 336 394 337
398 336 396 337
399 336 398 336
401 336 400 337
403 336 401 338
405 336 403 338
406 336 404 338
410 336 408 338
412 336 409 338
413 336 410 338
415 336 412 338
417 336 414 338
418 336 415 338
420 336 417 337
422 336 418 337
424 336 420 337
427 336 422 337
429 336 424 336
431 336 426 336
432 336 427 336
434 336 428 336
438 336 432 336
391 338 388 336
392 338 391 338
394 338 393 338
396 338 394 338
398 338 396 338
399 338 398 338
401 338 400 338
403 338 401 340
405 338 403 340
408 338 406 339
410 338 407 340
412 338 408 339
413 338 410 339
415 338 412 339
417 338 413 339
420 338 416 338
424 338 419 338
425 338 421 338
427 338 422 338
429 338 424 338
431 338 425 338
432 338 427 338
434 338 428 338
394 339 392 339
396 339 394 339
399 339 397 339
403 339 401 341
405 339 402 341
406 339 403 341
408 339 405 341
410 339 407 341
412 339 408 341
413 339 410 341
415 339 412 340
417 339 413 340
422 339 417 340
424 339 419 340
425 339 421 339
427 339 422 339
429 339 423 340
431 339 425 339
432 339 426 339
434 339 428 339
439 339 433 339
389 341 386 338
394 341 391 340
396 341 393 341
399 341 397 342
401 341 399 342
403 341 401 343
405 341 402 343
406 341 403 343
408 341 405 343
410 341 407 343
412 341 408 342
413 341 410 342
415 341 411 342
417 341 413 342
420 341 416 342
422 341 417 341
424 341 419 341
425 341 420 341
427 341 422 341
429 341 423 341
431 341 425 341
432 341 426 341
434 341 428 340
389 343 386 340
391 343 387 341
392 343 389 341
396 343 393 342
398 343 395 343
401 343 399 343
408 343 405 344
410 343 407 344
412 343 408 344
413 343 410 344
417 343 412 344
420 343 416 343
422 343 417 343
424 343 419 343
425 343 420 343
427 343 421 343
431 343 425 342
432 343 426 342
434 343 428 342
391 344 387 342
392 344 389 342
394 344 391 343
396 344 393 344
398 344 395 344
399 344 396 344
401 344 398 344
403 344 400 345
405 344 402 345
406 344 403 345
408 344 405 346
410 344 406 346
412 344 408 345
415 344 410 345
417 344 412 345
418 344 414 345
420 344 415 345
422 344 417 345
424 344 418 345
425 344 420 344
427 344 421 344
429 344 423 344
392 346 389 344
396 346 393 346
398 346 394 346
399 346 396 346
403 346 400 346
405 346 402 347
406 346 403 347
408 346 405 347
410 346 406 347
412 346 408 347
415 346 410 347
417 346 412 347
418 346 414 346
420 346 415 346
422 346 417 346
424 346 418 346
396 348 392 347
398 348 394 347
399 348 396 348
401 348 398 349
403 348 400 348
405 348 401 348
406 348 403 349
408 348 404 349
410 348 406 348
412 348 408 348
415 348 410 348
417 348 412 348
418 348 413 348
420 348 415 348
398 350 394 349
399 350 395 349
401 350 397 349
405 350 401 350
406 350 402 350
408 350 404 350
412 350 407 350
413 350 408 350
415 350 410 350
417 350 411 350
418 350 413 350
399 351 395 351
401 351 397 351
405 351 400 352
406 351 402 352
408 351 404 352
412 351 407 352
413 351 408 351
418 351 413 351
403 353 399 353
405 353 400 353
406 353 402 353
408 353 403 353
410 353 405 353
412 353 407 353
417 353 411 352
405 355 400 355
406 355 401 355
408 355 403 355
410 355 405 355
412 355 406 355
