425 313 422 319
422 315 419 321
425 315 422 321
427 315 423 320
420 317 417 323
422 317 418 322
420 318 417 324
422 318 418 324
425 318 420 323
427 318 422 323
424 320 419 325
427 320 421 325
420 322 416 326
422 322 417 326
424 322 419 326
427 322 421 326
420 324 416 328
422 324 417 328
424 324 419 328
418 325 414 330
420 325 415 329
422 325 417 329
427 325 421 328
413 327 409 332
418 327 414 331
420 327 415 331
431 327 423 330
380 329 376 325
382 329 378 325
412 329 407 334
418 329 413 333
424 329 417 332
425 329 419 332
432 329 424 331
378 331 372 324
380 331 376 326
382 331 378 327
410 331 405 335
417 331 411 334
422 331 415 334
424 331 417 334
425 331 419 333
431 331 422 332
432 331 424 333
378 332 372 325
384 332 379 328
399 332 396 338
415 332 409 336
417 332 411 336
422 332 415 335
424 332 416 335
429 332 420 334
431 332 422 334
432 332 423 334
384 334 379 330
401 334 398 339
415 334 409 338
417 334 410 338
422 334 414 336
427 334 419 335
429 334 420 335
431 334 422 335
432 334 423 335
436 334 425 334
399 336 396 340
401 336 397 340
424 336 416 337
427 336 418 337
429 336 420 337
382 338 375 331
384 338 377 332
389 338 383 336
399 338 395 341
401 338 397 342
427 338 418 339
429 338 419 339
432 338 422 338
434 338 423 338
380 339 373 331
384 339 377 333
389 339 383 337
399 339 395 343
425 339 416 340
432 339 421 339
434 339 423 339
382 341 375 333
384 341 376 335
385 341 379 335
398 341 392 342
399 341 394 342
415 341 408 343
427 341 417 341
382 343 375 335
398 343 392 344
412 343 404 344
413 343 406 345
415 343 407 344
418 343 410 344
427 343 416 343
396 344 390 344
412 344 404 346
413 344 406 346
418 344 409 345
410 346 402 348
412 346 404 348
413 346 405 348
417 346 407 347
418 346 409 347
410 348 402 349
412 348 403 349
417 348 407 349
403 350 396 350
405 350 398 350
408 351 400 351
