413 309 396 295
422 313 411 306
420 315 416 323
429 315 423 322
434 315 427 321
438 315 432 320
418 316 415 324
420 316 416 324
424 316 418 323
425 316 420 324
434 316 426 323
438 316 432 322
424 318 418 325
425 318 419 325
431 318 424 324
434 318 426 325
422 320 416 326
424 320 417 327
429 320 422 326
432 320 424 326
434 320 425 326
436 320 427 325
406 322 381 305
408 322 383 306
422 322 416 328
424 322 417 328
425 322 419 328
429 322 421 328
405 323 379 303
420 323 414 330
422 323 415 330
424 323 417 330
432 323 423 328
434 323 424 329
420 325 413 331
422 325 415 331
431 325 421 330
432 325 423 330
434 325 424 330
438 325 426 330
378 327 372 319
380 327 375 321
406 327 386 306
418 327 412 333
425 327 416 332
429 327 407 324
431 327 420 317
432 327 422 318
378 329 373 321
424 329 414 334
425 329 416 334
427 329 405 326
431 329 419 320
434 329 423 320
436 329 424 332
378 330 373 322
420 330 412 335
424 330 414 335
427 330 404 328
434 330 422 334
436 330 424 334
378 332 373 324
380 332 374 324
382 332 376 325
384 332 378 326
420 332 411 337
434 332 422 335
436 332 423 335
380 334 374 326
382 334 376 327
384 334 377 328
385 334 379 328
401 334 396 339
403 334 398 340
408 334 384 314
425 334 397 332
429 334 417 337
432 334 420 337
434 334 421 336
401 336 396 341
403 336 397 341
427 336 416 338
429 336 417 338
432 336 419 338
438 336 423 337
439 336 424 337
443 336 427 337
399 337 379 330
406 337 382 317
415 337 392 329
422 337 412 327
427 337 415 340
429 337 417 340
432 337 419 339
434 337 420 339
438 337 423 339
443 337 426 339
385 339 375 316
406 339 382 321
413 339 391 330
424 339 412 326
425 339 414 325
427 339 414 341
429 339 416 341
434 339 420 340
441 339 424 340
443 339 426 340
384 341 372 315
387 341 376 317
389 341 379 318
406 341 382 323
427 341 400 336
432 341 418 342
438 341 422 341
439 341 424 341
382 342 373 330
385 342 374 318
389 342 379 320
417 342 406 345
422 342 410 342
424 342 411 329
429 342 401 338
431 342 416 344
432 342 404 338
434 342 420 342
408 344 382 325
415 344 404 347
417 344 406 347
422 344 410 346
424 344 411 331
431 344 416 345
384 346 374 334
391 346 380 324
408 346 382 326
415 346 403 349
418 346 405 334
420 346 407 348
422 346 409 347
424 346 411 332
408 348 381 328
415 348 403 350
420 348 407 349
422 348 409 334
394 356 381 334
401 356 389 338
394 358 381 338
398 360 384 342
418 362 395 351
422 362 398 351
