410 309 410 313
412 309 411 314
413 309 414 313
415 309 415 314
417 309 417 314
420 309 420 314
422 309 421 314
424 309 423 314
425 309 423 313
427 309 425 313
429 309 427 312
431 309 429 313
432 309 430 313
408 311 408 316
410 311 410 316
412 311 412 316
413 311 413 316
415 311 415 316
417 311 417 315
420 311 420 315
422 311 421 316
424 311 423 315
425 311 424 315
427 311 426 315
429 311 427 315
431 311 429 315
432 311 430 315
408 313 408 318
410 313 410 318
412 313 412 318
413 313 413 318
417 313 417 317
420 313 419 317
422 313 421 317
424 313 422 317
425 313 424 317
431 313 428 317
432 313 430 316
434 313 431 317
408 315 408 319
410 315 410 319
412 315 411 319
413 315 413 320
418 315 418 319
420 315 419 319
422 315 421 319
424 315 422 319
429 315 427 319
431 315 428 318
432 315 429 318
434 315 431 318
389 316 389 321
394 316 393 321
406 316 406 321
408 316 408 321
410 316 410 321
412 316 411 321
418 316 417 320
420 316 419 320
422 316 420 320
425 316 423 320
429 316 426 320
431 316 428 320
432 316 429 320
434 316 431 320
436 316 433 321
385 318 386 322
387 318 387 323
389 318 389 323
391 318 391 323
406 318 406 322
408 318 408 322
410 318 409 323
413 318 412 322
418 318 417 322
420 318 418 322
422 318 420 322
424 318 422 322
425 318 423 322
429 318 426 322
431 318 428 322
432 318 429 322
434 318 431 322
392 320 392 323
412 320 410 324
413 320 412 324
417 320 415 324
424 320 421 323
425 320 423 323
429 320 425 324
431 320 427 324
432 320 429 324
434 320 430 324
436 320 432 325
438 320 434 325
389 322 389 325
392 322 392 325
394 322 394 325
396 322 396 325
408 322 407 326
410 322 409 326
412 322 410 326
413 322 412 326
417 322 415 325
418 322 416 325
420 322 418 325
422 322 419 325
424 322 421 325
425 322 423 325
429 322 425 325
431 322 427 325
432 322 428 325
387 323 387 327
389 323 389 327
391 323 391 326
392 323 392 326
394 323 394 327
398 323 398 327
406 323 405 327
408 323 407 327
410 323 408 327
412 323 410 327
413 323 411 327
417 323 414 327
418 323 416 327
420 323 417 326
422 323 419 327
424 323 421 327
427 323 423 327
429 323 425 327
432 323 427 327
434 323 429 327
436 323 431 326
438 323 433 326
387 325 387 328
389 325 389 328
391 325 391 328
392 325 392 328
394 325 394 328
396 325 396 329
398 325 397 329
403 325 402 329
405 325 403 329
406 325 405 329
408 325 406 329
410 325 408 329
412 325 410 329
413 325 411 329
417 325 414 329
420 325 417 328
422 325 419 328
425 325 421 329
427 325 423 329
429 325 425 329
431 325 426 328
389 327 389 330
391 327 390 330
396 327 395 330
403 327 402 330
405 327 403 331
406 327 405 331
408 327 406 331
410 327 408 331
412 327 410 330
415 327 412 331
418 327 416 330
420 327 417 330
424 327 420 330
425 327 421 330
427 327 423 330
429 327 424 330
431 327 426 330
432 327 427 330
438 327 434 330
439 327 436 330
382 329 379 325
384 329 381 326
392 329 392 330
394 329 394 331
398 329 397 332
403 329 401 332
405 329 403 332
406 329 404 332
408 329 406 332
410 329 408 332
412 329 409 332
415 329 412 332
417 329 414 332
418 329 415 332
420 329 416 332
424 329 420 332
425 329 421 332
427 329 423 332
432 329 427 331
436 329 430 331
438 329 432 331
384 330 381 327
385 330 382 327
387 330 385 329
391 330 390 331
392 330 391 332
394 330 393 332
396 330 395 333
401 330 399 333
403 330 401 333
405 330 402 334
406 330 404 334
408 330 406 334
410 330 407 334
412 330 409 333
417 330 413 333
418 330 415 333
420 330 416 333
424 330 419 333
425 330 421 333
429 330 424 333
431 330 425 333
432 330 427 333
436 330 430 333
438 330 432 333
443 330 440 336
382 332 379 328
384 332 381 328
385 332 382 329
387 332 385 331
394 332 393 333
398 332 396 334
399 332 397 335
401 332 399 335
403 332 401 336
405 332 402 336
406 332 404 335
408 332 406 335
410 332 407 335
415 332 412 335
417 332 413 335
418 332 414 335
420 332 416 335
424 332 419 335
427 332 422 334
429 332 424 334
431 332 425 334
432 332 427 335
436 332 430 334
438 332 431 335
443 332 440 337
378 334 377 330
382 334 380 330
384 334 381 330
385 334 382 330
387 334 384 333
389 334 386 333
391 334 388 333
392 334 390 334
394 334 391 334
399 334 397 336
401 334 399 336
403 334 401 337
405 334 402 337
406 334 404 337
408 334 406 337
413 334 410 337
415 334 411 337
417 334 413 337
418 334 414 337
420 334 416 337
424 334 419 336
425 334 420 336
427 334 422 336
429 334 423 336
431 334 425 336
434 334 428 336
436 334 429 336
439 334 432 336
441 334 434 336
385 336 382 332
392 336 390 335
394 336 391 336
396 336 393 336
398 336 394 336
403 336 400 339
405 336 402 338
415 336 411 339
417 336 412 339
418 336 414 338
425 336 420 338
427 336 422 338
429 336 423 338
431 336 425 338
434 336 428 338
438 336 431 337
439 336 432 337
382 337 379 332
389 337 385 335
391 337 387 336
394 337 391 337
396 337 393 338
398 337 394 338
399 337 396 338
401 337 398 338
403 337 400 340
405 337 401 340
406 337 403 340
408 337 405 340
410 337 407 340
413 337 409 340
415 337 410 340
417 337 412 340
418 337 414 340
422 337 417 339
424 337 418 339
425 337 419 339
427 337 421 339
429 337 423 339
432 337 426 339
434 337 427 339
436 337 429 339
438 337 430 339
439 337 432 339
443 337 435 339
384 339 379 333
385 339 381 334
387 339 383 335
389 339 385 336
391 339 387 337
392 339 389 338
394 339 390 338
396 339 392 339
398 339 394 340
399 339 396 340
403 339 400 342
405 339 401 342
406 339 403 342
412 339 407 342
413 339 409 342
415 339 410 341
417 339 412 341
418 339 414 341
422 339 416 340
424 339 418 341
425 339 419 341
427 339 421 341
429 339 422 341
432 339 425 341
436 339 428 341
438 339 430 340
441 339 433 340
443 339 435 341
382 341 377 334
385 341 380 336
387 341 382 336
389 341 384 337
391 341 387 339
398 341 394 341
399 341 396 342
401 341 397 341
403 341 399 344
405 341 401 344
408 341 404 343
412 341 407 343
413 341 409 343
415 341 410 343
417 341 412 343
422 341 416 342
424 341 418 342
425 341 419 342
427 341 421 343
429 341 422 343
432 341 425 343
434 341 427 343
436 341 428 342
438 341 430 342
439 341 431 342
443 341 434 343
382 342 377 336
384 342 378 336
385 342 380 338
387 342 382 338
389 342 384 338
392 342 387 340
394 342 389 341
396 342 391 341
398 342 393 343
399 342 395 343
401 342 397 343
406 342 402 345
410 342 405 345
412 342 407 345
413 342 408 345
415 342 410 344
420 342 414 345
422 342 416 345
424 342 417 344
425 342 419 344
427 342 420 344
434 342 426 344
436 342 428 344
438 342 430 344
384 344 378 338
387 344 381 339
389 344 383 340
391 344 385 341
394 344 389 342
396 344 391 342
398 344 393 343
401 344 396 345
405 344 400 346
410 344 405 346
412 344 407 346
413 344 408 346
415 344 410 346
420 344 414 346
422 344 416 346
424 344 417 346
425 344 418 346
427 344 420 346
429 344 422 345
432 344 425 346
434 344 426 346
436 344 428 346
438 344 429 345
384 346 378 339
385 346 379 340
389 346 383 341
391 346 385 342
392 346 387 343
394 346 389 344
396 346 390 344
398 346 393 345
399 346 394 346
403 346 398 346
405 346 400 348
408 346 403 346
410 346 405 348
412 346 406 348
413 346 408 348
415 346 409 348
417 346 411 348
420 346 414 348
422 346 415 348
424 346 417 347
425 346 418 348
429 346 422 347
431 346 424 347
434 346 426 347
385 348 380 341
387 348 381 342
389 348 383 343
391 348 384 344
392 348 386 344
396 348 390 346
398 348 392 346
399 348 394 347
401 348 396 348
403 348 398 348
405 348 399 348
408 348 402 348
412 348 406 350
413 348 407 350
418 348 412 349
420 348 413 349
422 348 415 349
424 348 417 349
427 348 420 348
392 349 386 346
394 349 388 346
399 349 394 348
401 349 396 349
403 349 397 349
405 349 399 349
406 349 401 349
408 349 402 350
410 349 404 350
415 349 409 351
417 349 411 351
420 349 413 351
422 349 415 351
424 349 416 351
425 349 418 350
427 349 420 350
394 351 388 348
396 351 390 349
398 351 391 349
403 351 397 350
405 351 398 350
408 351 402 352
410 351 404 352
412 351 405 352
413 351 407 352
415 351 409 352
417 351 410 352
420 351 413 352
422 351 414 352
432 351 429 349
389 353 396 354
396 353 390 350
398 353 391 350
399 353 393 351
401 353 394 351
403 353 397 352
405 353 398 352
406 353 400 353
408 353 402 354
410 353 404 354
412 353 405 354
413 353 407 354
415 353 409 354
417 353 411 354
418 353 412 354
398 355 391 352
399 355 393 352
401 355 395 353
405 355 398 354
406 355 400 355
408 355 402 355
410 355 404 356
412 355 405 356
413 355 406 356
415 355 408 356
417 355 410 356
406 356 400 356
408 356 402 357
410 356 403 357
412 356 405 357
413 356 406 357
415 356 408 357
427 358 427 352
429 358 429 352
415 360 414 356
417 360 416 356
406 362 403 359
408 362 405 359
410 362 407 359
412 362 409 359
413 362 412 358
415 362 414 358
417 362 416 359
