420 315 416 323
434 315 427 321
418 316 415 324
420 316 416 324
424 316 418 323
425 316 420 324
424 318 418 325
425 318 419 325
422 320 416 326
424 320 417 327
429 320 422 326
432 320 424 326
422 322 416 328
424 322 417 328
425 322 419 328
429 322 421 328
420 323 414 330
422 323 415 330
424 323 417 330
432 323 423 328
420 325 413 331
422 325 415 331
431 325 421 330
432 325 423 330
378 327 372 319
380 327 375 321
418 327 412 333
425 327 416 332
378 329 373 321
424 329 414 334
425 329 416 334
378 330 373 322
420 330 412 335
424 330 414 335
434 330 422 334
378 332 373 324
380 332 374 324
382 332 376 325
420 332 411 337
434 332 422 335
436 332 423 335
380 334 374 326
382 334 376 327
384 334 377 328
401 334 396 339
429 334 417 337
432 334 420 337
434 334 421 336
401 336 396 341
403 336 397 341
427 336 416 338
429 336 417 338
432 336 419 338
438 336 423 337
439 336 424 337
427 337 415 340
429 337 417 340
432 337 419 339
434 337 420 339
427 339 414 341
429 339 416 341
434 339 420 340
432 341 418 342
417 342 406 345
422 342 410 342
431 342 416 344
415 344 404 347
417 344 406 347
422 344 410 346
415 346 403 349
420 346 407 348
422 346 409 347
415 348 403 350
420 348 407 349
