413 309 413 314
415 309 415 315
417 309 417 315
420 309 420 315
422 309 421 315
424 309 423 315
425 309 424 314
427 309 426 314
431 309 428 313
432 309 430 313
434 309 431 313
408 311 409 315
415 311 415 317
417 311 416 317
418 311 418 317
420 311 419 317
422 311 421 317
424 311 422 317
425 311 424 317
427 311 425 316
431 311 428 316
432 311 429 315
434 311 431 315
412 313 412 319
417 313 416 318
418 313 418 319
420 313 419 319
422 313 421 318
424 313 422 318
425 313 423 319
429 313 426 318
431 313 427 318
408 315 408 321
410 315 410 321
412 315 411 321
415 315 414 319
417 315 416 320
418 315 417 320
420 315 419 320
422 315 420 320
424 315 421 320
429 315 426 320
391 316 391 324
406 316 406 322
410 316 410 322
412 316 411 322
415 316 414 321
417 316 415 321
418 316 417 321
420 316 418 322
422 316 420 321
424 316 421 321
427 316 424 321
429 316 425 321
406 318 406 323
408 318 408 324
410 318 409 324
412 318 411 324
415 318 413 323
417 318 415 323
418 318 416 323
420 318 418 323
422 318 419 323
427 318 423 323
429 318 425 323
389 320 389 325
392 320 392 325
394 320 394 326
406 320 406 325
408 320 407 325
410 320 409 326
412 320 410 326
415 320 413 325
417 320 415 324
418 320 416 325
420 320 417 325
422 320 419 325
424 320 421 324
425 320 422 324
429 320 425 324
389 322 389 327
391 322 391 327
392 322 392 327
394 322 394 327
406 322 405 327
408 322 407 327
410 322 409 327
412 322 410 327
415 322 413 327
417 322 414 326
418 322 416 326
420 322 417 326
422 322 419 326
424 322 420 326
427 322 423 326
429 322 425 326
389 323 389 328
405 323 404 329
406 323 405 328
408 323 407 329
410 323 408 328
413 323 411 328
415 323 413 329
417 323 414 328
418 323 415 328
420 323 417 328
422 323 419 328
425 323 420 328
427 323 423 327
429 323 424 327
389 325 389 330
399 325 399 330
401 325 400 330
403 325 402 330
405 325 404 330
406 325 405 330
408 325 406 330
410 325 408 330
412 325 409 330
415 325 412 330
417 325 414 330
418 325 415 329
420 325 417 329
427 325 422 329
431 325 424 329
392 327 393 330
396 327 395 331
398 327 397 331
399 327 398 331
401 327 400 332
406 327 405 332
408 327 406 332
410 327 408 331
413 327 410 332
415 327 412 332
417 327 414 331
418 327 415 331
424 327 418 331
425 327 420 331
427 327 421 331
429 327 423 330
396 329 395 333
398 329 397 333
399 329 398 333
403 329 401 333
405 329 403 334
406 329 404 333
408 329 406 333
410 329 407 333
413 329 410 333
417 329 413 332
418 329 415 333
422 329 417 332
424 329 418 332
425 329 420 332
427 329 421 332
429 329 423 332
432 329 425 332
394 330 393 332
401 330 399 333
406 330 404 334
408 330 406 334
410 330 407 335
413 330 409 335
415 330 411 334
417 330 413 334
418 330 414 334
422 330 417 333
424 330 418 333
425 330 420 333
427 330 421 334
432 330 425 333
434 330 426 333
396 332 394 334
398 332 396 335
399 332 397 335
401 332 399 335
403 332 401 337
405 332 402 336
406 332 404 336
408 332 405 336
412 332 408 336
415 332 411 336
417 332 412 335
420 332 414 335
422 332 416 335
424 332 418 335
425 332 419 335
427 332 421 335
431 332 423 335
432 332 425 335
434 332 426 335
398 334 395 336
399 334 397 336
401 334 399 337
403 334 400 338
405 334 402 338
406 334 404 338
415 334 410 337
418 334 413 337
420 334 414 337
422 334 416 336
424 334 417 336
425 334 419 336
429 334 421 337
431 334 423 336
432 334 424 336
434 334 426 336
403 336 400 340
408 336 404 340
410 336 405 339
412 336 406 340
413 336 409 339
417 336 411 339
418 336 413 339
420 336 414 339
422 336 415 338
424 336 417 338
425 336 418 338
431 336 423 338
432 336 424 338
434 336 425 337
439 336 429 337
398 337 394 338
399 337 395 339
401 337 397 339
406 337 402 341
408 337 403 341
410 337 405 341
412 337 406 341
417 337 411 340
418 337 412 340
420 337 414 341
422 337 415 339
424 337 417 339
427 337 419 339
429 337 421 339
431 337 422 339
432 337 423 339
434 337 425 339
438 337 428 338
439 337 429 338
391 339 386 336
396 339 392 339
398 339 393 339
399 339 395 340
401 339 397 340
403 339 399 340
405 339 400 342
406 339 402 342
408 339 403 342
410 339 405 342
413 339 408 342
417 339 410 342
418 339 412 342
422 339 415 341
424 339 416 341
429 339 420 341
431 339 422 341
432 339 423 341
438 339 427 340
439 339 429 340
391 341 385 338
392 341 387 338
394 341 389 339
398 341 393 341
399 341 394 342
408 341 403 344
412 341 406 344
413 341 408 344
417 341 410 343
418 341 411 343
420 341 413 343
422 341 415 343
427 341 419 342
429 341 420 342
431 341 421 342
432 341 423 342
434 341 424 342
392 342 386 340
394 342 388 340
396 342 390 340
398 342 393 342
399 342 394 343
401 342 396 343
403 342 398 343
405 342 399 343
406 342 401 343
410 342 404 345
412 342 405 345
413 342 407 345
417 342 410 345
420 342 412 345
422 342 414 345
425 342 417 344
427 342 418 344
429 342 420 344
431 342 421 344
432 342 423 344
394 344 388 341
396 344 389 342
398 344 392 344
399 344 394 344
401 344 395 344
405 344 399 345
406 344 400 345
408 344 402 346
410 344 404 346
412 344 405 346
415 344 408 346
417 344 409 346
418 344 411 346
420 344 412 346
422 344 414 346
425 344 416 345
427 344 418 345
429 344 419 345
431 344 421 345
399 346 393 346
401 346 395 346
403 346 397 347
405 346 399 347
408 346 402 348
410 346 403 348
413 346 406 348
415 346 408 348
418 346 410 348
420 346 412 347
422 346 413 347
425 346 416 347
427 346 418 347
429 346 419 347
401 348 394 348
403 348 397 348
405 348 398 350
410 348 403 349
413 348 406 350
415 348 407 350
417 348 409 349
418 348 410 349
420 348 411 349
422 348 413 349
425 348 416 348
427 348 417 348
399 349 392 348
410 349 402 351
412 349 404 351
413 349 405 351
417 349 408 351
418 349 410 350
420 349 411 350
405 351 397 352
408 351 400 352
410 351 402 353
412 351 403 352
413 351 405 352
415 351 407 352
417 351 408 352
418 351 409 352
408 353 400 354
410 353 402 354
412 353 403 354
413 353 405 354
415 353 406 354
