410 309 410 311
412 309 412 311
413 309 413 312
415 309 415 312
417 309 417 312
418 309 419 311
420 309 420 311
422 309 422 311
424 309 423 311
425 309 425 312
427 309 427 312
431 309 430 312
432 309 431 311
434 309 433 311
436 309 434 311
408 311 408 313
410 311 410 313
413 311 413 314
415 311 415 314
417 311 417 313
418 311 418 313
420 311 420 313
422 311 422 313
424 311 423 313
425 311 425 314
429 311 428 314
432 311 431 314
434 311 433 314
436 311 434 314
408 313 408 315
410 313 410 315
412 313 412 315
415 313 415 315
417 313 417 315
418 313 418 315
420 313 420 315
422 313 421 315
424 313 423 315
427 313 426 315
429 313 428 315
431 313 430 315
432 313 431 316
408 315 408 317
410 315 410 317
412 315 411 317
417 315 416 317
418 315 418 317
420 315 419 317
422 315 421 317
425 315 424 317
427 315 426 317
429 315 428 317
431 315 429 317
434 315 432 317
384 316 384 318
385 316 386 318
389 316 389 318
391 316 391 318
392 316 392 319
394 316 394 318
396 316 396 318
406 316 406 318
408 316 408 318
410 316 410 318
412 316 411 319
415 316 414 318
417 316 416 318
422 316 421 319
424 316 423 318
425 316 424 319
427 316 426 319
429 316 428 319
431 316 429 319
432 316 431 319
434 316 432 319
384 318 384 320
385 318 385 320
387 318 387 320
389 318 389 320
391 318 391 320
392 318 392 320
394 318 394 320
396 318 396 320
406 318 406 320
408 318 408 320
410 318 410 320
412 318 411 320
417 318 416 320
418 318 418 320
424 318 423 320
425 318 424 320
427 318 426 320
429 318 428 320
431 318 429 320
432 318 431 320
436 318 434 320
385 320 385 322
387 320 387 322
389 320 389 322
391 320 391 322
392 320 392 322
394 320 394 322
396 320 396 322
406 320 406 322
408 320 408 322
410 320 409 322
412 320 411 322
413 320 413 322
417 320 416 322
418 320 418 322
420 320 419 322
422 320 421 322
424 320 422 322
425 320 424 322
427 320 426 322
429 320 428 322
431 320 429 322
432 320 431 322
434 320 432 322
389 322 389 323
391 322 391 323
392 322 392 323
394 322 394 323
396 322 396 324
406 322 406 323
408 322 408 323
410 322 409 324
412 322 411 324
413 322 412 324
418 322 418 324
420 322 419 324
422 322 420 324
424 322 422 324
425 322 424 324
427 322 426 324
429 322 427 324
431 322 429 324
432 322 430 324
434 322 432 324
389 323 389 325
391 323 391 325
392 323 392 325
394 323 394 325
396 323 396 325
398 323 398 325
405 323 404 325
408 323 407 325
410 323 409 325
413 323 412 325
415 323 414 325
417 323 416 326
418 323 417 326
420 323 419 325
422 323 420 325
424 323 422 325
425 323 423 325
427 323 425 326
429 323 427 326
431 323 429 325
432 323 430 325
387 325 387 327
389 325 389 327
391 325 391 327
392 325 393 326
394 325 394 327
396 325 396 327
398 325 397 327
399 325 399 327
401 325 400 327
405 325 404 327
406 325 405 327
410 325 409 327
412 325 410 327
413 325 412 327
415 325 414 327
417 325 415 327
418 325 417 327
420 325 418 327
422 325 420 327
424 325 422 327
425 325 423 327
427 325 425 327
429 325 427 327
431 325 428 327
432 325 430 327
378 327 378 325
394 327 394 328
396 327 395 328
398 327 397 329
399 327 398 328
401 327 400 328
403 327 402 329
406 327 405 329
408 327 407 329
410 327 409 329
412 327 410 329
413 327 412 329
415 327 414 329
417 327 415 329
418 327 417 329
420 327 418 329
422 327 420 329
424 327 421 329
425 327 423 329
427 327 425 329
429 327 427 329
431 327 428 329
432 327 430 329
382 329 380 327
384 329 382 327
392 329 392 330
394 329 394 330
398 329 397 330
401 329 400 330
403 329 402 330
406 329 405 331
408 329 407 331
410 329 409 331
412 329 410 331
415 329 413 331
417 329 415 331
418 329 417 331
420 329 418 331
422 329 420 330
424 329 421 331
425 329 423 331
429 329 427 331
432 329 429 331
434 329 431 331
380 330 378 327
384 330 382 328
391 330 389 330
398 330 397 332
401 330 400 332
403 330 402 332
406 330 405 332
408 330 407 332
410 330 408 332
413 330 411 332
415 330 413 332
417 330 415 332
418 330 417 332
420 330 418 332
422 330 420 332
424 330 421 332
427 330 424 332
429 330 426 332
431 330 428 332
432 330 429 332
434 330 431 332
438 330 435 333
380 332 378 329
382 332 380 329
385 332 383 330
389 332 387 331
396 332 395 333
398 332 397 334
399 332 398 334
401 332 400 334
403 332 402 334
405 332 403 334
406 332 405 334
408 332 406 334
410 332 408 334
412 332 409 334
413 332 411 334
415 332 413 334
417 332 415 334
418 332 416 334
422 332 420 334
425 332 423 334
427 332 424 334
429 332 426 334
431 332 428 334
432 332 429 334
434 332 431 334
436 332 433 334
438 332 434 334
382 334 381 332
384 334 382 332
385 334 383 332
389 334 387 333
391 334 389 334
396 334 395 335
401 334 400 335
403 334 402 336
405 334 403 336
406 334 405 336
408 334 406 336
410 334 408 336
412 334 409 336
413 334 411 336
415 334 413 336
417 334 414 336
418 334 416 335
425 334 422 335
427 334 424 336
429 334 426 336
431 334 428 336
432 334 429 336
434 334 431 336
436 334 432 336
438 334 434 336
385 336 383 333
392 336 390 335
396 336 394 336
398 336 396 336
399 336 397 336
401 336 400 337
403 336 401 337
405 336 403 337
406 336 405 337
408 336 406 337
410 336 408 337
412 336 409 337
413 336 411 337
415 336 412 338
417 336 414 337
418 336 416 337
422 336 419 337
425 336 422 337
427 336 424 337
429 336 426 337
431 336 427 337
432 336 429 337
434 336 431 337
436 336 432 337
438 336 434 337
439 336 435 337
380 337 378 334
389 337 387 336
392 337 390 337
394 337 392 337
396 337 394 337
398 337 395 338
399 337 397 338
401 337 399 339
403 337 401 339
405 337 403 339
406 337 405 339
408 337 406 339
412 337 409 339
413 337 411 339
415 337 413 339
417 337 414 339
420 337 417 339
422 337 419 339
424 337 421 339
427 337 424 339
429 337 426 339
431 337 427 339
432 337 429 339
434 337 431 339
436 337 432 339
438 337 434 339
439 337 435 339
441 337 437 339
387 339 385 337
391 339 388 338
392 339 389 338
394 339 392 339
396 339 394 339
398 339 395 339
403 339 401 341
405 339 403 341
406 339 404 341
408 339 406 341
410 339 407 341
412 339 409 341
413 339 411 341
417 339 414 341
420 339 417 341
422 339 419 341
424 339 421 341
425 339 422 341
427 339 424 341
429 339 425 341
431 339 427 341
432 339 429 341
434 339 430 341
436 339 432 340
438 339 434 340
439 339 435 340
385 341 382 338
389 341 386 339
392 341 389 340
394 341 392 341
396 341 393 341
398 341 395 341
399 341 397 341
401 341 399 342
405 341 402 342
406 341 404 342
408 341 406 342
410 341 408 342
412 341 409 342
413 341 411 343
417 341 414 342
418 341 415 343
420 341 417 343
422 341 419 343
425 341 422 342
427 341 423 342
429 341 425 342
431 341 427 342
432 341 429 342
434 341 430 343
436 341 432 342
385 342 382 340
387 342 384 340
389 342 386 340
391 342 388 341
394 342 391 342
398 342 395 343
408 342 406 344
412 342 409 344
413 342 410 344
415 342 412 344
417 342 414 344
418 342 415 344
420 342 417 344
422 342 419 344
424 342 420 344
425 342 422 344
427 342 423 344
429 342 425 344
431 342 427 344
432 342 429 344
434 342 430 344
385 344 382 341
387 344 384 341
391 344 388 343
394 344 391 343
396 344 393 343
398 344 395 344
399 344 396 344
401 344 398 344
403 344 400 344
405 344 402 345
412 344 409 346
413 344 410 346
415 344 412 346
417 344 414 346
420 344 417 346
422 344 418 346
424 344 420 346
425 344 422 346
427 344 423 346
431 344 427 345
432 344 428 345
436 344 432 346
385 346 382 343
387 346 384 343
389 346 385 343
391 346 388 345
392 346 389 345
394 346 391 345
396 346 393 345
398 346 395 346
399 346 396 346
401 346 398 346
403 346 400 346
405 346 402 346
406 346 403 347
410 346 407 347
412 346 409 347
413 346 410 347
415 346 412 347
418 346 415 347
420 346 417 347
385 348 382 344
387 348 384 345
389 348 385 345
392 348 389 346
394 348 391 347
396 348 393 347
399 348 396 348
401 348 398 348
403 348 400 348
406 348 403 348
412 348 408 349
413 348 410 349
415 348 412 349
417 348 413 349
418 348 415 349
422 348 418 349
424 348 420 349
425 348 422 348
385 349 382 346
387 349 383 346
389 349 385 346
392 349 389 348
394 349 391 348
396 349 392 348
398 349 394 349
401 349 398 349
403 349 400 350
405 349 402 350
406 349 403 350
408 349 405 350
410 349 407 350
417 349 413 350
418 349 415 350
420 349 417 350
389 351 385 348
391 351 387 348
392 351 389 349
394 351 390 349
396 351 392 350
398 351 394 350
399 351 396 350
403 351 399 351
405 351 401 352
406 351 403 352
408 351 405 352
410 351 406 352
412 351 408 352
413 351 410 352
415 351 411 352
417 351 413 352
418 351 414 352
420 351 417 352
389 353 385 350
391 353 387 350
392 353 389 351
394 353 390 351
396 353 392 351
398 353 394 352
399 353 396 352
401 353 397 352
403 353 399 353
405 353 401 353
412 353 408 354
413 353 410 354
415 353 411 354
394 355 390 353
396 355 392 353
398 355 394 353
399 355 396 354
401 355 397 354
403 355 400 355
405 355 401 355
406 355 402 355
399 356 396 355
401 356 398 355
405 356 401 356
406 356 403 357
408 356 404 357
410 356 406 357
413 356 409 357
415 356 411 357
406 358 402 358
408 358 404 358
410 358 406 359
