451 186 474 223
450 188 471 224
451 188 474 224
450 191 470 227
451 191 474 228
450 192 470 229
451 195 474 233
448 199 468 236
447 201 467 238
448 201 468 238
447 202 466 239
450 202 471 230
447 203 466 241
448 203 467 241
446 205 465 242
448 205 467 243
451 205 474 239
446 206 465 244
447 206 466 244
448 206 469 241
450 206 472 240
451 206 474 241
446 208 464 246
447 208 466 246
448 208 467 246
450 208 472 243
446 209 464 247
447 209 466 247
448 210 469 248
448 212 470 248
448 213 470 250
444 215 464 253
447 215 466 252
448 215 470 251
450 215 471 251
451 215 473 252
450 216 471 253
451 216 471 257
453 216 473 257
460 216 477 255
444 218 464 255
447 218 466 256
448 218 467 256
451 218 471 259
453 218 473 259
458 218 476 257
460 218 478 258
461 218 479 257
451 219 471 260
453 219 473 261
455 219 475 260
457 219 477 259
461 219 479 259
461 220 479 261
461 222 479 262
450 223 469 259
461 223 479 263
