451 186 471 239
451 188 471 240
450 191 468 242
450 192 470 243
451 193 471 244
447 195 464 248
451 203 471 252
441 205 459 258
451 205 471 254
451 206 471 255
445 208 459 261
443 209 457 262
443 210 457 264
444 210 459 264
445 210 460 264
443 212 457 265
444 212 459 265
444 213 459 266
445 213 460 266
448 213 469 268
447 215 467 269
448 215 469 270
451 215 471 270
453 215 472 270
455 215 479 272
457 215 481 272
443 216 459 270
444 216 461 269
447 216 463 271
458 216 478 272
451 218 471 274
443 219 460 272
450 219 469 274
451 219 471 276
453 219 472 275
453 222 472 277
450 223 469 277
451 223 471 276
