450 186 470 228
450 188 470 230
450 189 470 231
451 189 473 230
450 191 470 233
451 191 474 232
451 192 474 233
450 193 469 236
448 195 467 237
450 195 469 237
451 195 474 236
447 196 465 239
448 196 467 239
450 196 469 239
447 198 465 241
448 198 467 240
448 199 467 242
445 201 465 243
448 201 466 245
451 201 474 241
445 202 465 244
445 203 464 246
448 203 466 246
445 205 464 248
448 205 466 248
444 206 462 249
445 206 464 249
447 206 465 249
448 206 467 249
450 206 472 247
451 206 474 245
444 208 462 251
445 208 463 251
447 208 465 251
448 208 466 251
450 208 472 249
444 209 462 252
445 209 463 252
447 209 465 252
443 211 462 253
444 211 463 253
447 211 465 254
443 212 462 254
444 212 463 255
443 213 462 256
444 213 463 256
447 213 467 255
441 215 461 257
443 215 462 257
445 215 464 258
453 215 475 260
455 215 476 260
441 216 461 259
443 216 462 259
445 216 464 259
447 216 465 259
454 216 474 262
443 218 462 260
454 218 474 263
455 218 477 263
461 218 479 262
445 219 464 262
447 219 466 262
448 219 468 261
450 219 470 262
451 219 472 266
455 219 476 266
461 219 478 264
461 220 478 265
450 223 469 265
451 223 471 265
455 223 476 264
