415 314 414 315
416 314 415 315
415 316 414 316
416 316 415 317
418 316 416 317
420 316 407 303
421 316 408 303
423 316 421 317
425 316 423 317
427 316 425 318
414 317 412 318
415 317 414 318
416 317 415 318
418 317 416 318
420 317 419 318
421 317 420 318
423 317 421 318
425 317 423 318
409 318 372 311
412 318 410 320
414 318 412 319
415 318 414 319
416 318 414 320
419 318 417 319
420 318 419 319
421 318 420 320
424 318 422 320
427 318 424 320
409 319 372 313
411 319 408 321
412 319 410 321
414 319 412 321
415 319 413 321
416 319 414 321
420 319 418 321
425 319 423 321
414 321 412 323
415 321 413 323
434 321 432 323
412 322 410 323
416 322 414 323
419 322 417 323
420 322 418 323
421 322 420 323
423 322 421 323
425 322 423 324
430 322 428 323
435 322 433 325
410 323 408 324
414 323 412 325
415 323 413 325
419 323 417 325
420 323 419 324
421 323 420 325
424 323 422 325
425 323 423 325
428 323 426 325
430 323 430 323
409 324 407 326
412 324 410 326
414 324 412 326
415 324 413 326
416 324 414 326
419 324 417 326
420 324 418 326
421 324 420 326
424 324 422 327
425 324 423 326
430 324 428 326
434 324 433 323
410 326 408 327
412 326 410 328
414 326 412 328
415 326 413 328
425 326 423 328
427 326 425 328
428 326 426 328
409 327 407 328
410 327 408 328
416 327 414 328
419 327 417 328
421 327 420 328
423 327 421 328
407 328 405 330
409 328 407 330
410 328 408 329
411 328 409 330
414 328 412 330
415 328 413 330
416 328 414 330
419 328 416 330
420 328 418 330
421 328 420 330
423 328 421 330
425 328 423 330
427 328 425 330
428 328 426 330
433 328 432 331
434 328 433 331
393 330 393 329
402 330 400 330
403 330 402 331
405 330 403 331
407 330 405 331
410 330 408 331
411 330 409 331
414 330 412 331
415 330 413 331
418 330 415 332
420 330 418 331
421 330 420 331
424 330 422 331
425 330 423 331
427 330 424 331
434 330 433 328
437 330 435 332
396 331 393 331
397 331 395 331
398 331 396 332
400 331 398 332
402 331 400 332
414 331 412 333
415 331 413 333
416 331 415 333
419 331 416 333
420 331 418 333
421 331 419 333
424 331 422 333
425 331 423 333
428 331 426 332
433 331 431 329
434 331 433 330
397 332 395 333
398 332 396 333
400 332 398 333
402 332 400 333
403 332 402 333
409 332 407 333
410 332 408 333
411 332 409 333
427 332 425 333
396 333 393 333
397 333 395 334
398 333 397 334
400 333 398 334
402 333 400 335
403 333 402 335
405 333 403 335
407 333 405 335
409 333 407 335
410 333 408 335
411 333 410 335
414 333 412 335
415 333 413 335
416 333 414 335
418 333 416 335
420 333 418 335
421 333 419 335
424 333 422 335
425 333 423 335
427 333 425 335
432 333 430 331
396 335 394 335
398 335 397 336
400 335 398 336
402 335 400 336
403 335 401 336
406 335 404 336
409 335 406 336
410 335 408 336
411 335 409 336
414 335 412 336
415 335 413 336
416 335 414 336
419 335 417 336
420 335 418 336
421 335 419 336
424 335 422 336
425 335 423 336
427 335 425 336
428 335 426 336
432 335 431 334
397 336 395 337
398 336 396 337
410 336 408 337
411 336 409 338
414 336 411 338
415 336 413 338
416 336 414 338
419 336 417 338
420 336 418 338
421 336 419 338
424 336 422 338
425 336 423 338
427 336 424 338
430 336 429 338
432 336 431 336
396 337 394 338
397 337 395 338
400 337 398 338
402 337 400 338
403 337 402 338
407 337 406 338
409 337 406 339
425 337 423 339
427 337 425 339
430 337 429 338
396 339 394 339
397 339 395 339
398 339 396 340
400 339 398 340
402 339 400 340
403 339 402 340
405 339 403 340
406 339 404 340
410 339 408 340
411 339 409 340
414 339 412 340
415 339 413 340
416 339 414 340
419 339 417 340
420 339 418 340
421 339 419 340
393 340 391 341
398 340 396 341
400 340 398 341
402 340 400 341
403 340 402 341
405 340 403 341
406 340 404 341
409 340 407 341
410 340 408 341
411 340 409 341
414 340 412 341
415 340 413 341
416 340 414 341
419 340 416 342
420 340 418 342
421 340 419 342
423 340 421 341
425 340 423 341
427 340 425 341
393 341 391 342
402 341 400 342
403 341 402 342
405 341 403 342
407 341 405 342
409 341 407 342
410 341 408 342
411 341 409 342
414 341 412 343
415 341 413 343
416 341 414 343
419 341 416 343
421 341 419 343
398 342 396 343
400 342 398 343
402 342 400 344
421 342 418 345
423 342 420 345
425 342 423 343
393 344 391 345
396 344 393 345
397 344 395 344
403 344 402 345
405 344 403 345
406 344 404 345
409 344 407 345
410 344 408 345
411 344 409 345
412 344 411 345
415 344 413 345
416 344 415 345
418 344 417 345
421 344 418 346
393 345 391 346
396 345 394 346
397 345 395 346
398 345 396 346
400 345 398 346
402 345 400 346
403 345 402 346
405 345 403 346
406 345 404 346
409 345 407 346
410 345 408 346
411 345 409 346
415 345 413 346
416 345 415 346
421 345 417 348
393 346 391 348
396 346 394 348
397 346 395 348
398 346 396 348
400 346 398 348
402 346 400 347
403 346 401 348
405 346 403 348
406 346 404 348
409 346 407 347
410 346 408 347
411 346 409 348
396 348 394 349
397 348 395 349
398 348 396 349
405 348 402 349
407 348 405 349
409 348 407 349
414 348 412 349
416 348 416 348
410 349 408 350
411 349 410 350
412 349 411 350
415 349 413 350
397 350 394 351
398 350 396 351
400 350 398 351
402 350 400 351
403 350 402 351
405 350 403 351
406 350 404 351
409 350 407 351
410 350 408 351
411 350 409 351
