414 312 414 312
416 312 416 312
417 312 417 312
418 312 418 312
420 312 420 312
421 312 421 312
422 312 422 312
424 312 424 312
425 312 425 312
426 312 426 312
428 312 427 312
430 312 430 312
431 312 431 312
412 314 412 314
413 314 413 314
414 314 415 314
416 314 416 314
417 314 417 314
418 314 418 314
420 314 420 314
422 314 422 314
424 314 424 314
425 314 425 314
428 314 427 314
409 315 409 315
411 315 411 315
412 315 412 315
413 315 413 315
414 315 415 315
416 315 416 315
417 315 417 315
420 315 420 315
421 315 421 315
422 315 422 315
424 315 424 315
425 315 425 315
426 315 426 315
408 316 408 316
409 316 409 316
411 316 410 316
412 316 412 316
413 316 413 316
414 316 414 316
417 316 417 316
418 316 418 316
421 316 421 316
422 316 422 316
424 316 424 316
425 316 425 317
426 316 426 317
408 318 408 318
411 318 410 318
412 318 412 318
413 318 413 318
414 318 414 318
417 318 417 318
418 318 418 318
420 318 420 318
421 318 421 318
422 318 422 318
424 318 423 318
425 318 425 318
409 319 409 319
411 319 411 319
412 319 412 319
413 319 413 319
416 319 416 319
417 319 417 319
418 319 418 319
420 319 420 319
421 319 421 319
422 319 422 319
424 319 424 319
425 319 425 319
433 319 432 319
437 319 437 319
408 320 408 320
411 320 410 320
412 320 412 320
413 320 413 321
416 320 416 320
417 320 417 320
418 320 418 320
420 320 420 320
421 320 421 320
422 320 422 320
424 320 424 320
425 320 425 321
435 320 435 321
437 320 437 321
409 322 409 322
411 322 410 322
412 322 412 322
413 322 413 322
416 322 416 322
417 322 417 322
418 322 418 322
420 322 420 322
421 322 421 322
422 322 422 322
424 322 424 322
433 322 432 322
434 322 434 322
435 322 435 322
408 323 408 323
409 323 409 323
411 323 410 323
412 323 412 323
413 323 413 323
414 323 414 323
417 323 417 323
418 323 418 323
420 323 420 323
421 323 421 323
422 323 422 323
433 323 433 323
434 323 434 323
437 323 437 322
405 324 405 324
407 324 407 324
409 324 409 324
411 324 411 324
412 324 412 324
413 324 413 324
414 324 414 324
417 324 417 324
418 324 418 324
420 324 420 324
421 324 421 324
422 324 422 324
437 324 437 323
405 325 405 325
407 325 407 325
408 325 408 325
409 325 409 325
411 325 411 325
412 325 412 325
414 325 414 326
416 325 415 326
417 325 417 326
418 325 418 325
420 325 420 325
421 325 421 325
422 325 422 325
424 325 424 325
428 325 428 326
429 325 429 326
430 325 430 326
433 325 433 326
434 325 434 325
435 325 435 325
437 325 437 325
404 327 404 327
407 327 407 327
409 327 409 327
411 327 411 327
412 327 412 327
413 327 413 327
414 327 414 327
416 327 416 327
417 327 417 327
418 327 418 327
420 327 420 327
421 327 421 327
422 327 422 327
424 327 424 327
429 327 429 327
431 327 431 327
433 327 432 327
404 328 404 328
405 328 405 328
407 328 407 328
409 328 409 328
411 328 411 328
414 328 414 328
416 328 416 328
417 328 417 328
418 328 418 328
420 328 420 328
421 328 421 328
422 328 422 328
426 328 426 328
429 328 429 329
434 328 434 328
435 328 435 328
405 329 405 329
408 329 408 329
409 329 409 329
411 329 411 329
412 329 412 330
414 329 415 329
416 329 416 329
417 329 417 329
418 329 418 329
420 329 420 329
421 329 421 329
422 329 422 329
424 329 424 329
426 329 426 329
428 329 428 330
434 329 434 330
435 329 435 330
437 329 437 327
392 331 392 331
394 331 393 331
398 331 397 331
403 331 403 331
404 331 404 331
405 331 405 331
408 331 408 331
409 331 409 331
411 331 411 331
412 331 412 331
413 331 413 331
414 331 414 331
416 331 416 331
417 331 417 331
418 331 418 331
420 331 420 331
421 331 421 331
422 331 422 331
424 331 424 331
425 331 425 331
426 331 426 331
428 331 428 331
429 331 429 331
430 331 431 331
434 331 434 331
435 331 435 331
392 332 392 332
395 332 395 332
399 332 399 332
400 332 400 332
402 332 401 332
403 332 403 332
405 332 405 332
407 332 406 332
408 332 408 332
409 332 409 332
411 332 411 332
412 332 412 332
413 332 413 332
414 332 414 332
416 332 416 332
417 332 417 332
418 332 418 332
420 332 420 332
421 332 421 332
422 332 422 332
424 332 424 332
425 332 425 332
426 332 426 332
428 332 428 332
429 332 429 332
434 332 434 332
435 332 435 332
400 333 400 333
402 333 401 333
403 333 403 333
404 333 404 333
405 333 405 333
407 333 406 333
408 333 408 333
409 333 409 333
411 333 410 333
412 333 411 334
413 333 413 334
414 333 414 333
416 333 416 333
417 333 417 333
418 333 418 333
420 333 419 333
421 333 421 333
422 333 422 333
424 333 424 333
425 333 425 334
426 333 426 334
428 333 428 334
433 333 433 333
434 333 434 333
394 335 393 335
398 335 398 334
402 335 401 335
403 335 403 334
404 335 404 335
405 335 405 335
407 335 407 335
408 335 408 335
409 335 409 334
411 335 410 335
412 335 411 335
413 335 412 335
414 335 414 335
416 335 416 334
417 335 417 334
418 335 418 335
420 335 419 335
421 335 421 334
422 335 422 334
424 335 424 335
425 335 425 335
426 335 426 335
428 335 427 335
429 335 429 335
430 335 430 335
431 335 431 335
433 335 433 335
392 336 392 335
395 336 394 336
396 336 396 335
399 336 399 335
402 336 401 336
403 336 403 336
404 336 404 336
405 336 405 336
407 336 407 336
408 336 408 336
409 336 409 336
411 336 410 336
412 336 411 336
414 336 414 336
416 336 416 336
417 336 417 336
418 336 418 336
420 336 420 336
421 336 421 336
422 336 422 336
424 336 424 336
425 336 425 336
426 336 426 336
428 336 428 336
429 336 429 336
430 336 430 336
431 336 431 336
392 337 391 336
394 337 393 337
396 337 396 336
399 337 399 336
402 337 401 337
403 337 403 337
404 337 404 337
405 337 405 337
407 337 407 337
408 337 408 337
409 337 409 337
411 337 410 337
412 337 411 338
413 337 413 337
414 337 414 337
416 337 416 337
417 337 417 337
418 337 418 337
420 337 420 337
421 337 421 337
422 337 422 337
424 337 424 337
425 337 425 337
426 337 426 337
429 337 429 337
430 337 430 337
431 337 431 337
392 338 392 338
395 338 394 338
398 338 397 339
402 338 401 338
403 338 403 338
404 338 404 338
405 338 405 338
407 338 407 338
408 338 408 338
409 338 409 338
411 338 410 339
412 338 411 339
413 338 413 339
414 338 414 339
416 338 416 338
417 338 417 338
418 338 418 339
420 338 419 338
421 338 421 338
422 338 422 338
424 338 424 338
425 338 425 338
426 338 426 338
428 338 428 338
429 338 429 338
394 340 393 340
403 340 403 340
404 340 404 340
405 340 405 340
407 340 407 340
408 340 408 340
409 340 409 340
411 340 411 340
412 340 412 340
414 340 414 340
416 340 416 340
417 340 417 340
418 340 418 340
420 340 419 340
421 340 421 340
422 340 422 340
424 340 424 340
425 340 425 340
426 340 426 340
392 341 392 341
394 341 393 341
396 341 396 341
398 341 398 341
402 341 401 341
403 341 403 341
404 341 404 341
405 341 405 341
407 341 407 341
408 341 408 341
409 341 409 341
411 341 411 342
412 341 412 342
413 341 413 341
414 341 415 341
416 341 416 341
417 341 417 341
418 341 418 341
420 341 420 341
421 341 421 341
422 341 422 341
424 341 424 341
425 341 425 341
392 342 392 342
403 342 403 342
404 342 404 342
405 342 405 342
407 342 407 342
408 342 408 342
409 342 409 342
411 342 411 343
412 342 412 343
413 342 413 343
414 342 415 342
416 342 416 342
417 342 417 342
418 342 418 342
420 342 420 342
421 342 421 342
422 342 422 342
392 344 392 344
394 344 393 344
395 344 394 344
396 344 396 344
398 344 397 344
400 344 400 343
402 344 401 344
403 344 403 344
404 344 404 344
405 344 405 344
407 344 406 344
408 344 408 344
409 344 409 344
411 344 411 344
412 344 412 344
413 344 413 344
414 344 415 344
416 344 416 344
417 344 417 344
418 344 418 344
420 344 420 344
421 344 421 344
392 345 392 345
394 345 393 345
395 345 394 345
396 345 396 346
399 345 399 344
402 345 401 345
405 345 405 345
407 345 406 345
408 345 408 345
409 345 409 345
411 345 411 345
412 345 412 345
413 345 413 345
414 345 415 345
416 345 416 345
417 345 417 345
418 345 418 345
420 345 419 345
392 346 392 346
394 346 393 347
395 346 394 347
396 346 396 347
398 346 398 347
403 346 403 346
404 346 404 346
405 346 405 346
407 346 407 346
408 346 408 346
409 346 409 346
411 346 411 346
412 346 412 346
413 346 413 346
414 346 415 346
416 346 416 346
417 346 416 347
418 346 418 347
394 348 394 348
398 348 398 348
402 348 401 347
405 348 405 348
407 348 407 348
408 348 408 348
409 348 409 348
411 348 410 348
412 348 412 348
414 348 414 348
394 349 394 349
400 349 400 349
402 349 401 349
403 349 403 349
404 349 404 349
408 349 408 349
409 349 409 349
411 349 410 349
399 350 399 350
402 350 401 350
403 350 403 350
404 350 404 350
405 350 405 350
412 350 412 350
413 350 413 350
