414 314 413 315
422 314 421 315
426 314 425 315
409 315 384 300
414 315 414 316
417 315 417 315
420 315 420 315
424 315 423 315
408 316 372 308
416 316 415 317
418 316 418 317
422 316 422 317
424 316 423 317
428 316 427 316
409 318 409 318
411 318 410 318
412 318 412 318
414 318 413 319
416 318 415 318
417 318 417 318
422 318 422 318
424 318 423 318
409 319 408 320
411 319 410 320
412 319 411 320
414 319 413 320
416 319 415 320
418 319 418 319
421 319 420 320
422 319 422 319
409 320 408 321
411 320 410 321
412 320 411 321
414 320 414 321
416 320 415 321
417 320 416 321
421 320 420 321
424 320 423 321
426 320 425 322
407 322 402 325
408 322 403 325
409 322 408 323
418 322 418 322
422 322 421 322
431 322 431 323
411 323 410 324
416 323 415 323
417 323 416 324
418 323 418 324
421 323 420 323
422 323 421 324
424 323 423 324
430 323 430 324
409 324 408 325
411 324 410 325
414 324 414 325
416 324 415 325
417 324 416 325
420 324 419 325
421 324 420 325
422 324 421 325
424 324 423 325
425 324 425 325
428 324 427 325
430 324 430 325
431 324 431 325
407 325 405 326
408 325 407 326
409 325 408 326
411 325 410 326
414 325 414 326
416 325 415 326
417 325 416 326
420 325 419 326
421 325 420 326
422 325 421 326
424 325 423 326
425 325 424 326
405 327 404 328
408 327 407 328
411 327 410 328
412 327 411 328
414 327 414 328
416 327 415 328
421 327 420 328
422 327 421 328
429 327 428 326
437 327 435 330
417 328 416 328
424 328 423 329
425 328 425 328
428 328 427 328
429 328 428 328
431 328 430 328
404 329 403 330
405 329 404 330
409 329 408 330
411 329 410 330
412 329 411 330
414 329 414 330
416 329 415 330
417 329 416 330
418 329 418 330
421 329 420 330
422 329 422 330
424 329 424 330
428 329 427 329
429 329 428 329
394 331 398 329
400 331 399 330
403 331 402 331
404 331 403 331
405 331 404 331
409 331 408 331
411 331 410 331
412 331 411 331
414 331 414 331
416 331 415 331
417 331 416 331
420 331 419 332
421 331 420 331
422 331 422 331
424 331 423 331
425 331 424 331
430 331 430 330
398 332 397 332
403 332 402 333
404 332 403 333
405 332 404 333
408 332 407 333
409 332 408 333
411 332 410 333
412 332 411 333
414 332 414 333
416 332 415 333
417 332 416 333
420 332 419 333
421 332 420 333
422 332 422 333
424 332 423 333
425 332 424 333
430 332 430 332
431 332 431 332
396 333 395 333
398 333 397 333
399 333 398 333
420 333 419 334
421 333 420 334
426 333 425 334
429 333 429 333
431 333 432 333
396 334 395 335
398 334 397 336
399 334 398 335
404 334 403 335
405 334 404 335
411 334 410 335
412 334 411 335
414 334 414 335
417 334 416 335
422 334 422 335
424 334 423 335
429 334 428 335
430 334 430 334
431 334 432 335
392 336 391 335
399 336 398 336
402 336 401 336
403 336 402 337
404 336 403 337
405 336 404 337
407 336 406 336
409 336 408 337
411 336 410 337
412 336 411 336
414 336 414 336
416 336 415 336
417 336 416 336
420 336 419 337
421 336 420 337
422 336 422 337
424 336 423 337
426 336 425 336
428 336 427 337
429 336 428 337
430 336 430 336
399 337 398 338
402 337 400 338
403 337 402 338
404 337 403 338
405 337 405 338
409 337 408 338
411 337 410 338
412 337 411 338
414 337 414 338
416 337 415 338
417 337 417 338
420 337 419 338
421 337 420 338
422 337 421 338
424 337 423 338
426 337 425 338
428 337 427 338
429 337 428 338
395 338 394 338
396 338 395 338
404 338 403 339
407 338 407 338
411 338 410 339
414 338 414 339
416 338 415 339
417 338 416 339
420 338 419 339
421 338 420 339
422 338 421 339
428 338 426 339
429 338 428 339
430 338 431 338
392 340 391 340
396 340 395 339
398 340 397 340
400 340 399 340
405 340 405 340
407 340 406 340
408 340 408 340
424 340 423 340
425 340 424 340
394 341 393 341
398 341 397 341
399 341 398 341
400 341 399 341
403 341 402 341
404 341 403 342
405 341 405 341
407 341 406 341
409 341 409 341
411 341 410 342
413 341 413 341
416 341 415 342
417 341 416 342
424 341 423 341
425 341 425 341
426 341 426 341
392 342 391 342
398 342 397 342
399 342 398 343
400 342 400 343
404 342 403 343
405 342 405 343
407 342 406 343
409 342 408 343
411 342 410 343
412 342 411 343
414 342 414 343
416 342 415 343
417 342 416 343
420 342 419 343
422 342 422 342
424 342 424 342
392 344 391 344
395 344 394 344
396 344 395 345
403 344 402 344
404 344 403 344
405 344 404 344
408 344 407 344
409 344 408 344
411 344 410 344
412 344 411 344
414 344 413 345
416 344 415 345
417 344 416 345
418 344 418 345
394 345 393 346
398 345 397 346
400 345 399 345
403 345 401 346
414 345 414 346
416 345 415 346
420 345 420 345
392 346 391 346
396 346 395 348
398 346 397 348
399 346 398 347
404 346 403 347
405 346 405 347
407 346 406 347
409 346 408 347
411 346 410 347
418 346 416 348
394 348 393 349
396 348 395 349
398 348 397 349
400 348 399 348
403 348 402 348
404 348 403 348
405 348 405 348
408 348 407 348
409 348 408 348
411 348 410 348
412 348 411 348
413 348 413 348
399 349 398 350
403 349 402 350
404 349 403 350
405 349 404 350
408 349 407 350
409 349 408 350
411 349 410 350
412 349 412 349
413 349 413 349
396 350 395 351
398 350 397 351
399 350 398 351
400 350 399 351
403 350 402 351
404 350 403 351
405 350 404 351
408 350 407 351
409 350 408 351
412 350 410 351
413 350 411 351
