411 314 411 314
412 314 412 314
413 314 413 314
414 314 415 314
416 314 416 314
417 314 417 314
418 314 418 314
420 314 420 314
421 314 421 314
422 314 422 314
425 314 424 314
426 314 426 314
427 314 427 314
431 314 431 314
411 315 411 315
412 315 412 315
413 315 413 315
414 315 415 315
416 315 416 315
417 315 417 315
418 315 418 315
420 315 420 315
422 315 422 315
423 315 423 315
426 315 426 315
427 315 427 315
411 317 411 317
412 317 412 317
413 317 413 317
414 317 415 317
416 317 416 317
417 317 417 317
418 317 418 317
420 317 420 317
421 317 421 317
422 317 422 317
423 317 423 317
426 317 426 317
427 317 427 317
432 317 432 317
435 317 436 317
409 318 409 318
411 318 411 318
412 318 412 318
413 318 413 318
414 318 415 318
416 318 416 318
417 318 417 318
418 318 418 318
420 318 420 318
421 318 421 318
422 318 422 318
425 318 425 318
426 318 426 318
427 318 427 318
432 318 432 318
433 318 434 318
409 319 409 319
411 319 411 319
412 319 412 319
413 319 413 319
414 319 415 319
416 319 416 319
417 319 417 319
418 319 418 319
421 319 421 319
423 319 423 319
427 319 427 319
430 319 429 319
431 319 431 319
411 320 411 320
412 320 412 320
413 320 413 320
414 320 415 321
416 320 416 321
417 320 417 321
418 320 418 320
420 320 420 320
421 320 421 320
422 320 422 320
423 320 423 320
427 320 427 321
430 320 429 320
433 320 434 320
436 320 437 320
408 322 408 322
409 322 409 322
411 322 411 322
413 322 413 322
414 322 415 322
417 322 417 322
418 322 418 322
420 322 420 322
421 322 421 322
422 322 422 322
423 322 423 322
426 322 426 322
428 322 428 322
433 322 434 323
435 322 435 321
436 322 437 322
407 323 407 323
412 323 412 323
413 323 413 323
417 323 417 323
418 323 418 323
420 323 420 323
421 323 421 323
422 323 422 323
423 323 423 323
427 323 427 323
428 323 428 323
430 323 429 323
431 323 430 323
436 323 437 325
406 324 406 324
407 324 407 324
408 324 408 324
409 324 409 324
411 324 411 324
413 324 413 324
416 324 416 324
417 324 417 324
418 324 418 324
420 324 420 324
421 324 421 324
422 324 422 324
423 324 423 324
428 324 428 324
430 324 429 324
431 324 430 324
435 324 435 326
436 324 437 326
406 325 406 325
407 325 407 325
408 325 408 325
409 325 409 325
411 325 411 325
413 325 413 326
416 325 416 325
417 325 417 325
418 325 418 325
420 325 420 325
421 325 421 325
422 325 422 325
425 325 425 325
427 325 427 325
428 325 428 326
430 325 429 326
431 325 430 326
433 325 433 325
435 325 435 327
436 325 437 327
406 327 406 327
408 327 408 327
409 327 409 327
411 327 411 327
412 327 412 327
414 327 415 327
417 327 417 327
418 327 418 327
420 327 420 327
421 327 421 327
423 327 423 327
427 327 427 327
428 327 428 327
430 327 429 327
407 328 407 328
408 328 408 328
409 328 409 328
411 328 411 328
412 328 412 328
414 328 414 328
416 328 416 328
417 328 417 328
418 328 418 328
421 328 421 328
422 328 422 328
425 328 425 328
427 328 427 328
428 328 428 328
431 328 430 328
432 328 432 328
435 328 435 329
406 329 406 329
407 329 407 329
408 329 408 329
409 329 410 329
411 329 411 329
412 329 412 329
416 329 416 329
417 329 417 329
418 329 418 329
420 329 420 329
421 329 421 329
422 329 422 329
425 329 425 329
426 329 426 329
427 329 427 330
428 329 428 330
430 329 430 330
435 329 434 328
393 330 393 330
394 330 394 330
396 330 396 330
397 330 397 331
398 330 398 330
399 330 399 331
401 330 401 331
402 330 402 331
403 330 403 330
406 330 406 331
407 330 407 331
408 330 408 330
409 330 409 330
411 330 411 331
412 330 412 330
413 330 413 331
414 330 414 330
417 330 417 330
418 330 418 331
420 330 420 330
421 330 421 331
422 330 422 330
423 330 423 330
426 330 426 331
427 330 427 331
428 330 428 331
436 330 437 330
393 332 393 332
394 332 394 332
396 332 396 332
397 332 397 332
398 332 398 332
399 332 399 332
401 332 401 332
402 332 402 332
403 332 403 332
404 332 404 332
406 332 406 332
407 332 407 332
408 332 408 332
409 332 409 332
411 332 411 332
412 332 412 332
413 332 413 332
414 332 415 332
416 332 416 332
417 332 417 332
418 332 418 332
421 332 421 332
423 332 423 332
425 332 425 332
426 332 426 332
427 332 427 332
428 332 429 332
436 332 437 331
393 333 393 333
394 333 394 333
402 333 402 333
403 333 403 333
404 333 404 333
406 333 406 333
407 333 407 333
408 333 408 333
409 333 409 333
411 333 411 333
412 333 412 333
413 333 413 333
414 333 414 333
417 333 417 333
418 333 418 333
421 333 421 333
422 333 422 333
423 333 423 333
426 333 426 333
427 333 427 333
428 333 428 333
431 333 432 333
432 333 433 333
393 334 393 334
394 334 394 334
396 334 396 334
397 334 397 334
398 334 398 334
399 334 399 334
401 334 401 335
402 334 402 334
403 334 403 334
404 334 404 334
406 334 406 334
407 334 407 334
408 334 408 334
409 334 409 334
411 334 411 334
412 334 412 334
413 334 413 334
414 334 415 334
416 334 416 334
417 334 417 334
418 334 418 334
420 334 420 334
421 334 421 334
423 334 423 334
426 334 426 334
427 334 427 334
428 334 428 334
430 334 429 334
431 334 431 334
433 334 432 336
393 336 393 336
394 336 394 336
398 336 398 335
399 336 399 335
402 336 402 336
403 336 403 336
404 336 404 336
406 336 406 335
407 336 407 336
408 336 408 336
409 336 409 336
411 336 411 335
412 336 412 336
413 336 413 336
414 336 415 336
416 336 416 336
417 336 417 336
418 336 418 336
420 336 420 336
423 336 423 335
425 336 425 336
426 336 426 336
427 336 427 336
428 336 428 336
430 336 430 336
431 336 431 336
393 337 393 337
394 337 394 337
396 337 396 337
397 337 397 337
398 337 398 336
401 337 401 336
402 337 402 337
403 337 403 337
404 337 404 337
406 337 406 337
408 337 408 337
409 337 409 337
411 337 411 337
412 337 412 337
413 337 413 337
414 337 415 337
416 337 416 337
417 337 417 337
418 337 418 337
421 337 421 337
423 337 423 337
425 337 425 337
427 337 427 337
428 337 428 337
430 337 430 337
431 337 431 337
432 337 432 337
393 338 393 338
396 338 396 338
397 338 397 338
398 338 398 338
399 338 399 338
401 338 401 338
402 338 402 338
403 338 403 338
404 338 404 338
406 338 406 338
407 338 407 338
408 338 408 338
409 338 409 338
411 338 411 338
414 338 415 338
416 338 416 338
417 338 417 338
418 338 418 338
423 338 423 338
427 338 427 338
428 338 428 338
430 338 430 338
393 339 393 339
394 339 394 339
396 339 396 339
398 339 398 339
399 339 399 339
402 339 402 339
404 339 404 339
406 339 406 339
407 339 407 339
417 339 417 339
418 339 418 339
421 339 421 339
423 339 423 339
427 339 427 339
428 339 428 340
430 339 429 340
393 341 393 341
394 341 394 341
398 341 398 341
399 341 399 340
401 341 401 340
403 341 403 341
404 341 404 341
407 341 407 341
408 341 408 341
409 341 409 340
411 341 411 340
414 341 414 340
417 341 417 341
422 341 422 340
423 341 423 340
393 342 393 342
396 342 396 342
399 342 399 342
401 342 401 342
402 342 402 342
403 342 403 342
404 342 404 342
406 342 406 342
407 342 407 342
409 342 409 342
411 342 411 341
412 342 412 341
413 342 413 341
414 342 415 341
421 342 421 342
422 342 422 342
423 342 424 342
394 343 394 343
396 343 396 343
397 343 397 343
398 343 398 343
401 343 401 343
402 343 402 343
404 343 404 343
406 343 406 343
407 343 407 343
408 343 408 343
409 343 409 343
411 343 411 343
412 343 412 343
414 343 415 343
416 343 416 343
417 343 417 343
420 343 419 343
423 343 423 343
393 344 393 344
394 344 394 344
396 344 396 344
397 344 397 344
398 344 398 344
399 344 400 344
402 344 402 344
403 344 403 344
404 344 404 344
406 344 406 344
407 344 407 344
412 344 412 344
414 344 415 344
416 344 416 344
417 344 417 344
421 344 419 345
393 346 393 346
394 346 394 345
396 346 396 345
397 346 397 345
398 346 398 345
399 346 400 345
401 346 401 345
402 346 402 345
406 346 406 346
407 346 407 346
408 346 408 346
409 346 409 346
414 346 414 346
416 346 416 346
417 346 417 346
394 347 394 347
396 347 396 346
397 347 397 346
398 347 398 346
399 347 400 347
401 347 401 347
402 347 402 347
403 347 403 347
404 347 404 347
407 347 407 347
408 347 408 347
409 347 409 347
411 347 411 347
413 347 413 347
416 347 416 347
417 347 417 347
418 347 418 347
396 348 396 347
397 348 397 347
401 348 401 348
402 348 402 348
403 348 403 348
404 348 404 348
406 348 406 348
408 348 408 348
411 348 411 348
414 348 415 348
417 348 415 349
396 349 396 348
397 349 397 349
398 349 398 349
399 349 399 349
401 349 401 349
402 349 402 349
403 349 403 349
404 349 404 349
406 349 406 349
407 349 407 349
408 349 408 349
409 349 410 349
411 349 411 349
