467 241 458 291
463 243 452 293
464 243 454 293
456 254 429 307
453 260 426 314
453 262 425 318
454 262 427 318
453 263 425 320
456 263 431 320
453 266 429 322
454 266 431 322
459 266 441 321
453 268 427 324
454 268 430 324
456 268 433 324
467 268 471 334
453 269 428 326
454 269 430 326
457 269 435 326
454 270 430 328
456 270 434 328
457 270 436 328
453 272 428 330
454 272 430 330
456 272 434 330
453 273 430 333
454 273 431 333
456 273 434 332
463 273 458 337
464 273 460 338
453 275 430 335
454 275 431 335
456 275 433 335
454 276 431 337
456 276 433 337
466 276 450 339
453 278 422 322
454 278 423 322
456 278 425 322
457 278 427 322
470 281 438 325
472 281 440 325
