469 241 465 247
460 243 459 248
462 243 460 249
470 243 466 249
459 244 457 250
460 244 459 250
462 244 460 250
470 244 466 250
459 246 457 251
460 246 459 252
462 246 460 251
469 246 464 249
470 246 466 252
459 247 458 252
460 247 459 252
467 247 463 250
470 247 466 253
460 249 459 254
466 250 461 255
464 251 460 256
466 251 461 256
467 251 463 256
466 253 461 257
469 253 464 256
467 254 463 257
469 254 464 257
456 256 454 261
457 256 455 261
460 256 457 260
469 256 464 259
457 257 455 262
469 257 465 262
469 259 465 264
467 263 464 264
466 265 463 266
467 265 464 266
467 266 464 268
466 269 463 273
467 269 464 273
464 270 461 274
466 272 463 276
467 272 464 276
469 272 466 277
462 273 459 278
470 273 467 278
