466 241 429 306
464 243 418 310
466 244 419 312
459 247 404 306
460 247 406 306
459 249 404 307
457 250 401 307
462 250 409 311
457 251 400 309
456 253 397 309
457 253 399 310
459 253 402 312
456 254 396 310
457 254 398 311
460 254 405 315
456 256 395 312
457 256 397 313
456 257 394 313
470 257 435 332
457 259 393 315
453 260 389 314
460 260 398 319
453 262 388 316
459 262 393 319
460 262 398 321
453 263 387 318
454 263 389 319
457 263 408 313
459 263 394 322
460 263 396 323
453 265 387 319
454 265 389 321
456 265 391 322
457 265 394 324
453 266 385 320
454 266 388 322
456 266 391 324
457 266 393 325
456 268 391 327
467 270 413 330
453 272 382 326
454 273 383 328
453 275 381 329
456 275 384 330
453 276 381 330
454 276 382 331
456 276 384 332
457 276 385 333
454 278 381 333
456 278 383 333
457 278 385 334
459 278 386 335
467 278 392 338
469 279 393 342
466 281 390 342
467 281 391 343
470 281 394 331
472 281 395 345
