459 241 457 247
460 241 459 247
462 241 462 247
469 241 465 247
460 243 459 248
462 243 460 249
470 243 466 249
459 244 457 250
460 244 459 250
462 244 460 250
470 244 466 250
459 246 457 251
460 246 459 252
462 246 460 251
469 246 464 249
470 246 466 252
459 247 458 252
460 247 459 252
467 247 463 250
470 247 466 253
459 249 457 254
460 249 459 254
466 250 461 255
470 250 466 254
457 251 456 256
460 251 457 256
464 251 460 256
466 251 461 256
467 251 463 256
456 253 454 258
457 253 455 258
464 253 460 258
466 253 461 257
469 253 464 256
470 253 466 256
456 254 454 259
457 254 455 259
460 254 457 259
464 254 460 259
466 254 461 259
467 254 463 257
469 254 464 257
456 256 454 261
457 256 455 261
460 256 457 260
463 256 459 260
464 256 460 260
469 256 464 259
470 256 466 261
456 257 454 262
457 257 455 262
469 257 465 262
456 259 454 264
469 259 465 264
453 260 451 265
454 260 452 265
467 260 463 265
462 262 457 268
463 262 458 268
462 263 457 269
467 263 464 264
453 265 451 270
466 265 463 266
467 265 464 266
453 266 451 271
457 266 454 271
463 266 460 270
464 266 461 271
467 266 464 268
453 268 451 273
457 268 454 272
460 268 456 272
462 268 459 274
463 268 460 272
457 269 454 274
459 269 456 275
463 269 460 273
464 269 461 273
466 269 463 273
467 269 464 273
457 270 455 275
462 270 459 275
463 270 460 275
464 270 461 274
466 270 463 275
467 270 464 275
453 272 451 277
454 272 452 277
464 272 462 276
466 272 463 276
467 272 464 276
469 272 466 277
453 273 451 278
454 273 452 279
456 273 454 279
457 273 455 279
462 273 459 278
469 273 466 278
470 273 467 278
472 273 469 278
453 275 451 281
456 275 454 280
457 275 455 280
463 275 461 280
464 275 462 280
453 276 451 282
454 276 452 282
459 276 457 282
462 276 460 282
463 276 461 282
464 276 462 281
467 276 465 281
475 276 474 282
476 276 475 282
453 278 451 284
454 278 453 284
456 278 454 283
457 278 456 283
459 278 457 284
460 278 459 284
462 278 460 284
463 278 461 283
464 278 463 283
466 278 464 283
467 278 466 283
469 278 467 283
470 278 468 282
472 278 471 284
473 278 472 283
459 279 457 285
460 279 459 285
462 279 460 285
463 279 462 285
464 279 463 285
466 279 464 285
467 279 466 285
469 279 468 285
470 279 469 285
472 279 471 285
473 279 472 285
463 281 462 287
464 281 463 287
466 281 465 286
467 281 466 287
469 281 468 287
470 281 469 287
472 281 471 287
473 281 472 287
464 282 463 288
466 282 465 288
467 282 466 288
469 282 468 288
470 282 469 288
472 282 471 288
473 282 472 288
