466 241 452 255
470 241 458 255
467 243 454 257
469 243 456 257
470 243 458 257
470 244 458 259
469 251 456 260
464 253 450 267
470 254 458 270
470 256 458 271
467 257 456 265
470 257 458 273
462 260 450 271
464 260 453 270
463 263 451 278
459 265 448 277
460 265 449 277
466 266 455 276
467 266 457 275
466 268 455 277
467 268 457 277
460 269 451 280
462 269 452 279
463 269 454 279
466 269 456 279
467 269 457 279
459 270 450 282
466 270 456 280
467 270 457 281
453 272 448 285
454 272 449 285
462 272 455 284
466 272 456 282
467 272 457 282
469 272 460 283
453 273 448 287
454 273 449 287
456 273 451 287
460 273 454 286
462 273 455 286
463 273 457 285
467 273 461 286
470 273 460 284
472 273 463 284
473 273 464 284
456 275 451 288
457 275 452 288
459 275 453 288
463 275 457 287
464 275 458 287
476 275 473 289
479 275 476 286
454 276 450 290
456 276 452 290
457 276 453 290
460 276 455 290
462 276 456 290
464 276 458 289
466 276 460 289
475 276 472 290
476 276 473 291
478 276 475 291
479 276 477 291
480 276 478 288
456 278 451 292
457 278 453 292
459 278 455 292
462 278 457 291
463 278 458 291
464 278 459 291
466 278 461 291
467 278 463 292
469 278 465 292
470 278 466 292
472 278 468 292
459 279 455 293
460 279 456 293
463 279 458 293
464 279 459 293
466 279 461 293
467 279 463 293
469 279 465 293
470 279 466 294
472 279 468 294
464 281 460 295
466 281 462 295
469 281 465 295
470 281 466 295
473 281 470 295
464 282 461 297
466 282 462 297
467 282 464 297
469 282 465 296
470 282 466 296
472 282 468 297
473 282 470 297
