469 241 482 282
459 243 480 284
466 243 464 285
464 249 461 289
464 250 461 291
466 250 483 297
456 262 447 301
456 263 449 303
456 268 454 307
453 269 447 309
454 273 440 299
456 273 442 299
457 273 444 299
454 275 449 316
456 275 443 301
457 275 444 301
453 276 440 304
456 276 444 303
457 276 445 303
453 278 440 305
454 278 442 305
456 278 444 305
457 278 445 305
459 278 447 305
473 278 462 306
459 279 447 307
467 279 455 307
469 279 457 307
470 279 458 307
472 279 460 307
473 279 462 308
467 281 455 308
469 281 457 309
470 281 458 308
472 281 460 309
473 281 462 309
464 282 453 311
466 282 455 310
469 282 457 310
470 282 459 311
472 282 460 311
473 282 462 310
