467 241 447 270
470 241 451 270
467 243 447 271
469 243 449 271
470 243 451 271
460 244 477 282
470 246 451 274
470 247 451 276
466 250 444 277
466 251 444 279
456 262 453 294
464 269 448 281
466 269 450 282
453 272 445 290
454 272 446 290
456 272 448 291
469 272 453 286
453 273 445 292
454 273 446 292
456 273 448 292
453 275 445 294
454 275 446 294
456 275 448 294
457 275 449 294
459 275 451 294
462 275 452 292
453 276 445 296
454 276 446 295
456 276 448 295
457 276 450 295
463 276 454 294
464 276 455 294
466 276 457 294
467 276 459 294
453 278 446 297
454 278 447 297
456 278 449 297
459 278 452 297
460 278 454 297
464 278 456 296
466 278 458 297
467 278 460 297
469 278 462 297
470 278 463 297
472 278 465 297
473 278 467 298
459 279 452 299
460 279 454 299
464 279 457 299
466 279 459 299
467 279 460 299
469 279 462 299
470 279 463 299
472 279 465 299
473 279 467 299
463 281 457 301
466 281 459 300
467 281 461 300
469 281 462 300
470 281 464 301
472 281 465 301
473 281 467 301
464 282 458 302
466 282 460 302
469 282 462 302
470 282 464 302
472 282 466 303
473 282 467 302
