459 241 417 307
462 241 442 296
463 241 444 296
459 243 417 309
460 243 440 300
462 243 443 298
464 243 446 298
462 244 443 300
463 249 451 301
466 249 452 297
460 250 448 306
464 251 455 305
466 251 456 305
462 254 432 306
453 260 416 318
456 263 420 324
454 265 436 320
457 265 442 319
453 266 418 328
453 268 418 329
456 268 423 329
457 268 426 328
453 269 419 331
454 269 421 332
456 269 423 332
459 269 430 330
454 270 421 333
453 272 419 336
454 272 421 336
456 272 425 336
453 273 421 339
454 273 421 338
463 273 439 341
454 275 422 341
456 275 424 341
454 276 422 343
456 276 424 343
460 276 441 345
453 278 413 327
454 278 414 327
462 279 422 350
463 279 424 350
466 281 440 322
472 282 431 333
