460 241 459 244
462 241 460 244
463 241 461 244
466 241 463 244
467 241 464 244
469 241 467 244
470 241 468 244
466 243 463 246
467 243 465 245
469 243 467 246
470 243 468 246
459 244 458 247
460 244 460 247
469 244 467 247
470 244 468 247
459 246 458 249
460 246 459 249
462 246 460 248
463 246 462 248
464 246 463 247
466 246 464 247
469 246 467 248
470 246 468 248
459 247 457 250
460 247 459 250
462 247 460 249
464 247 463 249
467 247 466 249
469 247 467 249
470 247 468 249
459 249 457 251
460 249 459 251
462 249 460 251
463 249 462 250
464 249 463 250
466 249 464 250
469 249 467 251
470 249 468 251
460 250 459 252
463 250 461 252
464 250 462 252
466 250 464 252
469 250 467 252
470 250 468 252
456 251 455 254
457 251 456 254
459 251 457 254
463 251 461 254
464 251 463 254
466 251 464 253
467 251 465 253
469 251 467 254
470 251 468 254
456 253 455 256
457 253 456 255
459 253 457 255
460 253 458 255
463 253 461 255
466 253 464 255
467 253 465 255
469 253 467 255
470 253 468 255
456 254 455 257
457 254 456 257
459 254 457 257
460 254 459 257
464 254 462 257
467 254 465 257
469 254 467 256
470 254 468 257
456 256 455 259
457 256 456 259
459 256 457 258
462 256 460 258
463 256 461 258
466 256 463 258
467 256 464 258
469 256 467 258
470 256 468 258
456 257 455 260
457 257 456 260
459 257 457 260
460 257 458 260
462 257 460 260
463 257 461 260
467 257 465 260
469 257 467 260
470 257 468 260
456 259 455 262
457 259 456 261
459 259 457 261
460 259 458 262
462 259 459 263
466 259 464 262
467 259 466 262
469 259 467 262
456 260 455 263
457 260 456 262
459 260 458 263
462 260 459 264
463 260 460 264
464 260 463 263
466 260 464 263
467 260 466 263
469 260 467 263
454 262 453 264
456 262 455 264
459 262 457 264
463 262 461 264
464 262 463 264
466 262 464 264
467 262 466 265
469 262 467 265
453 263 452 265
454 263 453 265
456 263 454 265
457 263 456 266
459 263 457 266
460 263 458 266
462 263 460 265
466 263 464 266
467 263 465 266
453 265 452 267
456 265 454 267
459 265 457 267
460 265 458 267
463 265 460 269
467 265 465 268
453 266 452 268
454 266 453 268
456 266 454 269
457 266 455 269
459 266 457 269
466 266 464 269
467 266 465 269
453 268 452 270
454 268 453 270
456 268 454 270
457 268 455 270
459 268 457 270
462 268 460 270
464 268 463 270
466 268 464 270
467 268 465 270
454 269 453 272
456 269 455 272
457 269 456 272
459 269 457 272
460 269 458 272
462 269 460 272
463 269 461 272
464 269 463 271
466 269 464 271
467 269 465 271
456 270 455 273
457 270 456 273
459 270 457 273
460 270 459 273
462 270 460 273
463 270 461 273
464 270 462 273
466 270 464 273
467 270 465 273
459 272 458 275
460 272 459 275
462 272 460 275
464 272 463 274
466 272 464 274
467 272 465 274
469 272 467 274
470 272 468 274
453 273 452 276
454 273 453 276
459 273 458 276
462 273 460 276
463 273 462 276
464 273 463 276
467 273 466 276
469 273 467 275
472 273 470 275
473 273 471 275
453 275 452 277
456 275 455 278
457 275 456 278
462 275 460 278
464 275 463 277
467 275 466 277
469 275 468 277
470 275 469 277
473 275 473 277
476 275 476 278
453 276 452 279
454 276 453 279
456 276 455 279
457 276 456 279
459 276 458 279
463 276 462 279
464 276 463 279
466 276 465 279
467 276 466 279
475 276 474 279
453 278 452 280
464 278 464 280
469 278 468 280
473 278 473 280
463 279 463 282
464 279 464 282
466 279 465 282
467 279 467 282
470 279 470 283
472 279 471 282
464 281 464 284
466 281 465 284
467 281 467 284
469 281 468 284
470 281 470 284
472 281 471 283
464 282 464 285
466 282 465 285
469 282 468 285
