469 241 467 244
470 241 468 244
469 243 467 246
470 243 468 246
469 244 467 247
470 244 468 247
460 246 459 249
462 246 460 248
463 246 462 248
464 246 463 247
470 246 468 248
459 247 457 250
460 247 459 250
462 247 460 249
464 247 463 249
459 249 457 251
460 249 459 251
462 249 460 251
463 249 462 250
464 249 463 250
466 249 464 250
460 250 459 252
463 250 461 252
464 250 462 252
466 250 464 252
456 251 455 254
457 251 456 254
459 251 457 254
463 251 461 254
464 251 463 254
466 251 464 253
467 251 465 253
457 253 456 255
459 253 457 255
460 253 458 255
463 253 461 255
466 253 464 255
467 253 465 255
469 253 467 255
456 254 455 257
457 254 456 257
459 254 457 257
460 254 459 257
464 254 462 257
467 254 465 257
469 254 467 256
456 256 455 259
457 256 456 259
459 256 457 258
462 256 460 258
463 256 461 258
466 256 463 258
467 256 464 258
469 256 467 258
470 256 468 258
459 257 457 260
460 257 458 260
462 257 460 260
463 257 461 260
469 257 467 260
470 257 468 260
466 259 464 262
469 259 467 262
464 260 463 263
466 260 464 263
467 260 466 263
466 262 464 264
467 262 466 265
469 262 467 265
466 263 464 266
467 263 465 266
463 265 460 269
459 266 457 269
459 268 457 270
462 268 460 270
460 269 458 272
464 269 463 271
466 270 464 273
467 270 465 273
466 272 464 274
467 272 465 274
469 273 467 275
453 275 452 277
470 275 469 277
453 276 452 279
454 276 453 279
453 278 452 280
469 278 468 280
463 279 463 282
464 279 464 282
466 279 465 282
472 279 471 282
464 281 464 284
466 281 465 284
467 281 467 284
469 281 468 284
470 281 470 284
472 281 471 283
464 282 464 285
466 282 465 285
469 282 468 285
