462 241 429 298
467 241 466 285
463 243 460 286
464 243 462 286
457 253 428 300
459 253 430 300
463 253 454 294
453 262 435 312
454 262 437 312
453 263 436 313
454 263 438 313
456 265 443 316
453 268 437 317
454 268 440 317
453 269 438 319
454 269 440 319
456 269 443 319
457 269 445 319
454 270 440 321
453 272 438 323
453 273 439 326
454 273 440 325
456 273 443 326
453 275 439 327
454 275 440 327
456 275 433 310
453 276 431 313
456 276 433 313
453 278 431 315
454 278 433 315
456 278 434 315
457 278 436 315
459 278 438 315
472 279 450 317
469 281 447 318
470 281 448 318
472 281 451 319
473 281 452 319
466 282 445 321
467 282 446 320
