418 316 416 317
420 316 419 317
421 316 420 317
424 316 422 317
416 317 415 318
418 317 416 318
420 317 419 318
421 317 420 318
424 317 422 318
415 318 414 319
420 318 419 319
421 318 420 320
415 319 413 321
419 319 417 321
420 319 418 321
421 319 420 321
412 321 410 322
414 321 412 322
418 321 416 322
427 321 425 322
430 321 430 322
432 321 432 322
412 322 410 323
414 322 412 324
415 322 413 323
418 322 416 323
419 322 417 323
420 322 418 323
421 322 420 324
424 322 422 324
425 322 423 324
427 322 425 323
410 323 408 324
412 323 410 325
414 323 412 325
415 323 413 325
419 323 417 325
420 323 419 325
421 323 420 325
424 323 422 325
425 323 423 325
428 323 426 325
430 323 428 325
432 323 432 323
407 324 405 326
412 324 410 326
414 324 412 326
415 324 413 326
419 324 417 326
420 324 418 326
423 324 420 327
424 324 422 326
425 324 423 326
433 324 433 325
409 326 407 327
410 326 408 327
433 326 433 326
407 327 405 328
409 327 407 328
410 327 408 328
412 327 410 328
414 327 412 328
415 327 413 328
416 327 414 328
419 327 417 328
421 327 420 328
423 327 421 328
425 327 423 329
406 328 403 330
407 328 405 330
409 328 407 330
410 328 408 329
412 328 410 330
414 328 412 330
415 328 413 330
416 328 414 330
419 328 416 330
420 328 418 330
421 328 420 330
424 328 422 330
425 328 423 330
429 328 427 330
437 328 435 329
402 330 400 330
403 330 402 330
407 330 405 331
409 330 407 331
410 330 408 331
412 330 410 331
414 330 412 331
415 330 413 331
420 330 418 331
421 330 420 331
424 330 422 331
425 330 423 331
429 330 427 331
432 330 432 330
437 330 435 331
398 331 396 332
401 331 399 332
402 331 400 332
403 331 402 332
405 331 403 332
414 331 412 333
415 331 413 333
418 331 415 333
419 331 417 333
420 331 418 333
424 331 422 333
430 331 430 331
397 332 395 333
398 332 396 333
401 332 399 333
402 332 400 333
403 332 402 333
405 332 403 333
407 332 405 333
409 332 407 333
410 332 408 333
411 332 409 333
421 332 420 334
397 333 395 335
398 333 396 335
400 333 398 335
402 333 400 335
403 333 402 335
405 333 403 335
407 333 405 335
409 333 407 335
410 333 408 334
411 333 410 335
414 333 412 335
415 333 413 335
416 333 414 335
419 333 417 335
420 333 418 335
421 333 419 335
424 333 422 335
425 333 423 335
427 333 425 335
429 333 427 335
430 333 428 335
398 335 396 336
400 335 398 336
402 335 400 336
403 335 402 336
407 335 405 336
409 335 407 336
410 335 408 336
411 335 410 336
414 335 412 336
415 335 413 336
416 335 414 336
419 335 417 336
420 335 418 336
421 335 419 336
424 335 422 337
425 335 423 337
427 335 424 336
429 335 427 336
430 335 428 336
397 336 395 337
409 336 406 338
414 336 412 338
415 336 413 338
416 336 414 338
419 336 417 338
420 336 418 338
421 336 419 338
424 336 422 338
425 336 423 338
427 336 424 338
430 336 428 338
396 337 394 338
397 337 395 338
398 337 396 338
402 337 400 338
403 337 402 338
406 337 404 338
410 337 408 338
411 337 409 338
396 339 394 339
397 339 395 339
398 339 396 340
401 339 399 340
402 339 400 340
403 339 402 340
405 339 403 340
407 339 405 340
409 339 407 340
410 339 408 340
411 339 409 340
414 339 412 340
415 339 413 340
416 339 414 340
419 339 417 340
420 339 418 340
421 339 419 340
425 339 423 340
427 339 424 340
429 339 427 340
396 340 394 341
397 340 395 341
398 340 396 341
401 340 399 341
402 340 401 341
403 340 402 341
405 340 403 341
407 340 406 341
409 340 407 341
410 340 408 341
411 340 409 341
415 340 413 341
416 340 414 342
419 340 416 342
420 340 418 342
421 340 419 342
425 340 423 342
427 340 425 341
398 341 396 342
401 341 399 343
402 341 400 342
405 341 403 342
407 341 405 342
409 341 407 342
411 341 409 343
414 341 412 343
416 341 414 343
419 341 416 343
420 341 418 343
421 341 420 343
424 341 421 343
397 342 395 344
410 342 408 343
414 342 412 345
415 342 413 343
424 342 423 343
396 344 393 345
401 344 399 345
402 344 400 345
403 344 402 345
405 344 403 345
407 344 405 345
409 344 407 345
410 344 408 345
411 344 409 345
415 344 413 345
416 344 415 345
418 344 416 345
396 345 394 346
397 345 395 346
398 345 396 346
401 345 399 346
402 345 400 346
403 345 402 346
405 345 403 346
407 345 405 346
409 345 407 346
410 345 408 346
411 345 409 346
415 345 413 346
416 345 415 346
393 346 391 348
401 346 399 348
402 346 400 347
403 346 401 347
406 346 404 348
407 346 405 348
409 346 407 347
410 346 408 347
411 346 409 348
414 346 412 348
396 348 393 349
397 348 394 349
398 348 396 349
401 348 399 349
415 348 413 348
416 348 416 348
402 349 400 350
403 349 402 350
405 349 403 350
407 349 405 350
409 349 407 350
410 349 408 350
411 349 410 350
414 349 412 350
415 349 414 349
398 350 395 351
401 350 399 351
402 350 400 351
403 350 402 351
405 350 403 351
406 350 404 351
409 350 407 351
410 350 408 351
412 350 410 351
414 350 411 351
