407 302 406 301
408 302 407 301
410 302 410 301
412 302 412 301
413 302 413 301
415 302 415 301
417 302 416 301
418 302 418 301
420 302 420 301
405 304 403 305
407 304 407 303
408 304 408 303
410 304 410 304
412 304 412 304
413 304 413 304
415 304 415 304
417 304 417 304
420 304 420 303
422 304 422 303
423 304 423 304
425 304 426 305
427 304 429 305
405 305 405 305
407 305 407 305
408 305 409 305
410 305 410 305
412 305 412 305
413 305 414 305
415 305 415 305
418 305 419 305
420 305 420 305
422 305 422 305
423 305 423 305
425 305 425 305
427 305 426 305
428 305 428 305
405 307 405 307
407 307 407 307
408 307 409 307
410 307 410 307
412 307 412 307
417 307 417 307
418 307 419 307
420 307 420 307
422 307 422 307
423 307 423 307
425 307 425 307
427 307 427 307
428 307 428 307
430 307 430 307
405 309 405 309
407 309 407 309
408 309 409 309
413 309 414 309
415 309 415 309
417 309 417 309
418 309 418 309
420 309 420 309
422 309 422 309
423 309 423 309
425 309 425 309
427 309 427 309
428 309 428 309
430 309 430 309
402 310 402 310
404 310 404 310
408 310 408 310
410 310 410 310
412 310 412 310
413 310 414 310
415 310 415 310
417 310 417 310
418 310 419 310
420 310 420 310
422 310 422 310
423 310 423 310
425 310 425 310
427 310 427 310
428 310 428 310
430 310 430 311
372 312 372 312
382 312 382 311
385 312 385 311
402 312 402 312
404 312 403 312
405 312 405 312
407 312 407 312
410 312 410 312
412 312 412 312
413 312 414 312
415 312 415 312
417 312 417 312
418 312 419 312
420 312 420 312
422 312 422 312
423 312 424 312
425 312 425 312
427 312 427 312
428 312 428 312
430 312 430 312
372 314 372 314
374 314 374 314
375 314 375 314
377 314 377 313
385 314 385 313
390 314 390 313
394 314 393 313
402 314 402 313
404 314 404 313
405 314 405 313
407 314 407 314
408 314 409 314
410 314 410 314
412 314 412 314
413 314 414 314
415 314 415 314
417 314 417 314
418 314 418 314
420 314 420 314
422 314 422 314
423 314 423 314
425 314 425 314
427 314 427 314
428 314 428 314
372 315 372 315
374 315 374 315
375 315 375 315
377 315 377 315
385 315 385 314
387 315 386 314
389 315 388 314
390 315 390 314
392 315 391 315
394 315 393 315
400 315 400 315
402 315 402 315
404 315 404 315
405 315 405 315
407 315 407 315
408 315 409 315
410 315 410 315
412 315 412 315
413 315 414 315
415 315 415 315
417 315 417 315
418 315 419 315
420 315 420 315
422 315 422 315
423 315 423 315
425 315 425 315
427 315 427 315
428 315 428 315
430 315 430 315
372 317 372 317
374 317 374 317
375 317 375 317
377 317 377 317
384 317 383 316
387 317 386 316
390 317 389 316
392 317 392 317
394 317 394 317
395 317 395 317
397 317 397 317
399 317 399 317
400 317 400 317
402 317 402 317
404 317 404 317
405 317 405 317
407 317 407 317
408 317 409 317
410 317 410 317
412 317 412 317
413 317 413 317
415 317 415 317
417 317 417 317
422 317 422 317
423 317 423 317
425 317 425 317
427 317 427 317
428 317 428 317
372 319 372 319
374 319 374 319
375 319 375 319
379 319 379 319
384 319 383 318
385 319 385 318
389 319 388 318
390 319 389 318
392 319 392 318
394 319 394 319
395 319 395 319
397 319 397 319
402 319 402 319
404 319 404 319
405 319 405 319
408 319 409 319
410 319 410 319
412 319 412 319
413 319 414 319
415 319 415 319
417 319 417 319
418 319 418 319
420 319 420 319
423 319 423 319
425 319 425 319
372 320 372 320
374 320 374 320
375 320 375 320
377 320 377 320
379 320 379 320
385 320 385 320
390 320 389 319
395 320 395 320
397 320 397 320
399 320 399 320
400 320 400 320
402 320 402 320
404 320 404 320
405 320 405 320
407 320 407 320
412 320 412 320
413 320 414 320
415 320 415 320
417 320 417 320
418 320 418 320
420 320 420 320
422 320 422 320
423 320 423 320
425 320 425 320
375 322 375 322
377 322 377 322
379 322 379 322
380 322 380 322
384 322 384 322
389 322 387 321
390 322 389 321
394 322 394 322
395 322 395 322
397 322 397 322
399 322 399 322
400 322 400 322
402 322 402 322
405 322 405 322
407 322 407 322
408 322 408 322
410 322 410 322
412 322 412 322
413 322 414 322
415 322 415 322
417 322 417 322
418 322 419 322
420 322 420 322
422 322 422 322
423 322 423 322
372 324 372 324
374 324 374 323
377 324 377 324
379 324 379 324
380 324 380 324
384 324 384 324
385 324 385 323
389 324 389 324
390 324 390 324
392 324 392 324
394 324 394 324
395 324 395 324
397 324 397 324
399 324 399 324
400 324 400 324
402 324 402 324
404 324 404 323
405 324 405 324
407 324 407 324
408 324 409 324
410 324 410 324
412 324 412 324
413 324 414 324
417 324 417 324
418 324 419 324
420 324 420 324
422 324 422 324
423 324 423 324
425 324 425 324
374 325 374 325
375 325 375 325
377 325 377 325
379 325 379 325
380 325 380 325
382 325 382 325
387 325 387 325
390 325 390 325
392 325 392 325
394 325 394 325
395 325 395 325
397 325 397 325
399 325 399 325
400 325 400 325
402 325 402 325
404 325 404 325
405 325 405 325
407 325 407 325
408 325 408 325
410 325 410 325
412 325 412 326
413 325 414 326
415 325 415 325
417 325 417 325
418 325 418 325
420 325 420 325
422 325 422 325
423 325 423 325
425 325 425 325
427 325 427 325
428 325 428 325
372 327 372 327
374 327 374 327
375 327 375 327
377 327 377 327
379 327 379 327
380 327 380 327
382 327 382 327
384 327 384 327
385 327 386 327
387 327 387 327
389 327 389 327
390 327 390 327
392 327 392 327
394 327 394 327
395 327 395 327
397 327 397 327
399 327 399 327
400 327 400 327
402 327 402 327
404 327 403 327
405 327 405 327
407 327 407 327
408 327 408 327
410 327 410 327
412 327 412 327
413 327 414 327
415 327 415 327
417 327 417 327
418 327 419 327
420 327 420 327
422 327 422 327
423 327 423 327
425 327 425 327
427 327 427 327
428 327 428 327
430 327 430 327
432 327 432 327
433 327 433 327
372 329 372 328
375 329 375 329
377 329 377 329
379 329 379 329
380 329 380 329
382 329 382 329
384 329 384 328
385 329 385 329
387 329 387 329
389 329 389 328
390 329 390 328
392 329 392 329
394 329 394 329
395 329 395 329
397 329 397 328
399 329 399 329
400 329 400 329
402 329 402 329
404 329 404 329
407 329 407 329
410 329 410 329
412 329 412 329
413 329 413 329
415 329 415 329
417 329 417 329
418 329 418 329
420 329 420 329
422 329 422 329
423 329 423 329
428 329 428 329
430 329 430 328
432 329 431 329
433 329 433 329
435 329 435 329
374 330 374 330
375 330 375 330
377 330 377 330
379 330 379 330
380 330 380 330
384 330 384 330
385 330 385 330
387 330 387 330
389 330 389 330
390 330 390 330
392 330 392 330
394 330 394 330
395 330 395 330
397 330 397 330
399 330 399 330
400 330 400 330
402 330 402 330
404 330 404 330
405 330 405 330
407 330 407 330
408 330 408 330
410 330 410 330
412 330 412 330
413 330 413 330
418 330 418 330
420 330 420 330
422 330 422 330
423 330 423 330
425 330 425 331
427 330 427 330
428 330 428 330
430 330 430 330
375 332 375 332
377 332 377 332
379 332 379 332
382 332 382 332
389 332 389 332
390 332 390 332
392 332 392 332
394 332 394 332
395 332 395 332
397 332 397 332
399 332 399 332
400 332 400 332
402 332 402 332
404 332 404 332
405 332 405 332
407 332 407 332
408 332 408 332
410 332 410 332
412 332 412 332
413 332 413 332
415 332 415 332
417 332 417 332
418 332 418 332
420 332 420 332
422 332 422 332
423 332 423 332
427 332 427 332
428 332 428 332
430 332 430 332
432 332 432 332
433 332 433 332
435 332 435 333
375 334 375 334
377 334 377 334
380 334 380 334
382 334 382 334
384 334 384 334
387 334 387 333
389 334 389 333
390 334 390 333
394 334 394 334
395 334 395 334
397 334 397 334
399 334 399 334
400 334 400 334
402 334 402 333
404 334 404 334
405 334 405 334
407 334 407 334
408 334 409 334
410 334 410 334
412 334 412 334
413 334 414 333
415 334 415 334
417 334 417 333
418 334 418 334
420 334 420 334
422 334 422 334
423 334 423 334
425 334 425 334
428 334 428 334
430 334 430 334
432 334 432 334
377 335 377 335
379 335 379 335
380 335 380 335
382 335 382 335
384 335 384 335
385 335 385 335
390 335 390 335
392 335 392 335
395 335 395 335
397 335 397 335
399 335 399 335
400 335 400 335
402 335 402 335
404 335 404 335
405 335 405 335
407 335 407 335
408 335 408 335
410 335 410 335
412 335 412 335
413 335 413 335
417 335 417 335
418 335 418 335
420 335 420 335
422 335 422 335
423 335 423 335
425 335 425 335
427 335 427 335
428 335 429 335
430 335 430 335
433 335 434 335
377 337 377 337
380 337 380 337
382 337 382 337
385 337 385 337
387 337 387 337
389 337 389 336
394 337 394 336
395 337 395 337
397 337 397 337
399 337 399 337
400 337 400 337
402 337 402 337
404 337 404 337
405 337 405 337
407 337 407 337
408 337 408 337
410 337 410 337
412 337 412 337
413 337 414 337
415 337 415 337
417 337 417 337
418 337 418 337
420 337 420 337
422 337 422 337
423 337 423 337
425 337 425 337
427 337 427 337
428 337 429 337
382 338 382 339
384 338 384 339
385 338 385 338
389 338 389 339
390 338 390 338
392 338 392 338
394 338 394 339
397 338 397 338
399 338 399 339
400 338 400 338
402 338 402 339
404 338 404 339
405 338 405 338
407 338 407 338
408 338 408 338
410 338 410 339
412 338 412 339
413 338 414 338
415 338 415 339
417 338 417 339
418 338 418 339
420 338 420 338
423 338 423 339
425 338 425 339
427 338 427 339
428 338 429 339
430 338 431 338
382 340 382 340
384 340 384 340
385 340 385 340
387 340 387 340
389 340 389 340
392 340 392 340
397 340 397 340
399 340 399 340
402 340 402 340
404 340 404 340
405 340 405 340
407 340 407 340
408 340 408 340
410 340 410 340
413 340 414 340
415 340 415 340
417 340 417 340
418 340 418 340
422 340 422 340
423 340 423 340
425 340 425 340
427 340 427 340
428 340 430 339
384 342 384 342
389 342 389 342
392 342 392 342
394 342 394 341
395 342 395 341
397 342 397 342
399 342 399 342
400 342 400 342
402 342 402 342
404 342 404 342
405 342 405 342
407 342 407 342
408 342 408 342
410 342 410 342
412 342 412 341
413 342 414 342
415 342 415 342
417 342 417 342
420 342 420 342
423 342 423 342
390 343 390 343
395 343 395 343
397 343 397 343
400 343 400 344
402 343 402 343
404 343 404 343
405 343 405 344
407 343 407 343
408 343 408 344
412 343 412 343
413 343 414 344
415 343 415 343
417 343 417 343
418 343 419 343
420 343 420 344
422 343 422 344
390 345 390 345
392 345 392 345
394 345 393 345
395 345 395 345
397 345 397 345
399 345 399 345
400 345 400 345
402 345 402 345
405 345 405 345
407 345 407 345
408 345 408 345
410 345 410 345
412 345 412 344
413 345 414 345
415 345 415 345
417 345 417 345
390 347 390 347
392 347 392 347
394 347 393 346
395 347 395 346
400 347 400 347
402 347 402 347
404 347 403 347
405 347 405 347
407 347 407 347
408 347 408 347
410 347 410 347
412 347 412 347
413 347 414 347
417 347 418 346
392 348 392 349
394 348 394 348
400 348 400 348
402 348 402 348
404 348 404 348
405 348 405 348
407 348 407 348
408 348 409 348
410 348 410 348
412 348 412 348
413 348 413 348
394 350 394 351
395 350 395 349
397 350 397 349
399 350 399 350
400 350 400 350
402 350 402 350
407 350 407 350
408 350 409 350
410 350 410 350
412 350 412 350
413 350 413 350
