467 284 424 311
469 284 426 311
471 284 428 312
472 284 430 311
459 291 411 316
481 291 436 317
459 292 411 317
462 292 416 323
422 294 378 319
436 294 386 319
457 294 409 319
459 294 411 319
461 294 414 325
462 294 416 325
472 294 429 330
474 294 431 330
476 294 433 330
434 296 385 321
436 296 387 321
441 296 388 318
457 296 409 322
459 296 411 322
461 296 413 327
462 296 415 327
469 296 424 331
471 296 426 331
472 296 428 332
474 296 430 332
478 296 434 332
483 296 437 323
446 298 395 319
447 298 396 324
461 298 413 329
462 298 415 329
464 298 417 330
467 298 421 332
469 298 423 332
474 298 430 334
478 298 434 334
441 299 388 324
442 299 390 324
444 299 392 324
446 299 394 325
447 299 396 326
449 299 398 326
451 299 400 325
454 299 402 325
456 299 405 329
457 299 407 329
461 299 412 331
462 299 414 331
464 299 416 332
466 299 418 332
467 299 421 334
469 299 422 334
472 299 427 335
474 299 429 336
476 299 432 336
429 301 381 323
441 301 388 326
442 301 390 326
444 301 392 326
446 301 394 327
449 301 397 328
451 301 399 329
452 301 400 327
456 301 405 331
457 301 407 331
459 301 409 331
461 301 412 332
462 301 414 333
464 301 416 333
466 301 418 335
467 301 420 336
469 301 422 336
471 301 424 337
472 301 427 337
476 301 431 338
429 303 380 325
430 303 382 325
439 303 387 328
441 303 389 328
444 303 392 328
446 303 394 329
449 303 397 330
451 303 398 330
454 303 402 332
456 303 404 332
457 303 407 333
459 303 408 333
461 303 426 326
462 303 413 335
464 303 415 335
467 303 419 337
469 303 421 338
472 303 425 339
481 303 436 342
422 304 378 324
429 304 379 327
430 304 381 327
434 304 384 326
439 304 387 329
441 304 389 330
442 304 390 330
444 304 392 330
446 304 394 331
449 304 396 332
451 304 398 332
452 304 400 333
454 304 402 334
456 304 404 334
457 304 406 334
459 304 408 335
462 304 411 336
464 304 414 337
466 304 417 338
469 304 416 319
472 304 425 341
432 306 383 329
441 306 388 332
442 306 390 332
444 306 392 332
446 306 393 333
449 306 396 333
451 306 398 334
452 306 399 335
454 306 402 336
456 306 403 336
457 306 405 336
459 306 407 337
461 306 409 338
462 306 411 338
464 306 414 339
466 306 416 339
467 306 418 339
471 306 417 321
422 308 378 331
430 308 381 330
432 308 382 331
434 308 384 331
437 308 386 332
442 308 390 334
446 308 393 335
456 308 402 338
457 308 404 338
459 308 407 339
461 308 408 340
462 308 411 340
464 308 413 341
466 308 415 341
467 308 417 341
469 308 419 342
471 308 422 343
422 309 378 333
424 309 380 333
432 309 380 332
436 309 384 333
437 309 386 333
439 309 388 334
456 309 402 339
457 309 404 340
459 309 406 340
461 309 408 341
462 309 411 342
464 309 413 342
466 309 415 343
467 309 417 343
469 309 419 344
471 309 421 345
472 309 423 346
474 309 426 346
432 311 381 334
436 311 384 334
437 311 385 335
439 311 387 335
441 311 389 337
457 311 404 342
459 311 406 343
464 311 412 344
466 311 414 345
467 311 416 345
469 311 418 345
471 311 420 346
472 311 423 347
474 311 426 348
432 313 381 336
434 313 383 336
436 313 384 336
439 313 387 338
441 313 389 339
442 313 390 339
451 313 396 340
452 313 398 341
454 313 399 341
456 313 401 342
459 313 405 344
462 313 409 345
464 313 411 346
466 313 414 346
467 313 416 347
469 313 418 347
471 313 420 348
472 313 425 348
432 314 381 338
434 314 383 338
436 314 385 338
439 314 387 339
441 314 388 340
442 314 389 340
446 314 409 341
452 314 398 343
454 314 399 343
456 314 401 344
459 314 404 343
461 314 407 347
462 314 408 347
464 314 410 347
466 314 412 348
467 314 415 348
469 314 432 341
479 314 443 344
434 316 383 340
436 316 384 340
437 316 385 341
441 316 388 342
442 316 389 342
444 316 391 343
447 316 393 344
449 316 395 344
451 316 396 344
454 316 399 345
456 316 401 345
459 316 403 346
462 316 408 349
464 316 410 349
466 316 412 350
467 316 414 350
471 316 418 352
432 318 381 342
436 318 384 343
437 318 385 343
441 318 387 343
442 318 389 344
444 318 391 345
447 318 393 345
449 318 395 346
451 318 396 346
452 318 398 347
456 318 400 347
457 318 402 348
459 318 403 348
461 318 405 349
462 318 407 351
464 318 409 351
466 318 411 352
467 318 413 352
471 318 418 354
437 319 385 345
439 319 386 345
442 319 389 346
444 319 390 346
446 319 392 347
449 319 394 348
451 319 396 348
452 319 397 348
456 319 400 349
457 319 401 350
459 319 403 350
461 319 405 351
464 319 409 353
466 319 411 353
467 319 413 354
437 321 384 346
439 321 386 347
441 321 388 347
444 321 390 348
446 321 392 349
447 321 393 349
451 321 396 350
452 321 397 351
457 321 401 352
459 321 402 352
461 321 404 353
462 321 406 353
464 321 408 355
466 321 410 355
467 321 428 346
434 323 393 351
439 323 399 353
441 323 400 353
442 323 389 350
446 323 392 351
451 323 395 352
452 323 397 352
459 323 402 354
461 323 404 354
462 323 406 355
481 323 440 350
434 324 393 353
436 324 395 354
441 324 400 355
459 324 402 356
461 324 403 357
462 324 405 357
464 324 407 357
467 324 425 354
476 324 431 353
437 326 397 357
439 326 399 357
461 326 403 358
462 326 405 358
464 326 407 359
439 328 401 360
476 328 433 354
442 329 406 362
466 329 415 360
469 329 418 360
472 329 421 360
474 329 423 359
466 331 414 362
469 331 418 362
472 331 420 362
474 331 422 362
