462 284 458 285
464 284 459 285
469 284 465 289
471 284 465 285
472 284 467 285
476 284 469 285
462 286 458 289
464 286 460 290
466 286 462 291
467 286 463 291
469 286 465 291
471 286 467 291
472 286 469 291
474 286 472 289
461 287 455 289
462 287 458 292
464 287 460 292
466 287 462 292
467 287 463 292
469 287 465 293
471 287 467 292
472 287 469 293
459 289 453 292
462 289 458 294
464 289 460 294
466 289 462 294
467 289 463 294
469 289 465 294
471 289 467 294
472 289 469 295
474 289 470 295
476 289 472 295
459 291 453 294
462 291 458 296
464 291 460 296
466 291 462 296
467 291 463 296
469 291 465 296
471 291 467 296
472 291 469 296
474 291 471 296
457 292 452 296
461 292 456 297
462 292 458 297
464 292 460 298
466 292 462 297
467 292 463 298
469 292 465 298
471 292 467 298
472 292 469 298
474 292 471 298
476 292 473 298
478 292 475 296
422 294 416 298
424 294 418 298
429 294 424 298
430 294 425 298
432 294 427 298
434 294 429 298
436 294 430 298
437 294 432 298
457 294 452 299
459 294 454 299
461 294 456 299
462 294 458 299
464 294 460 299
466 294 462 299
467 294 463 299
469 294 465 299
471 294 467 299
472 294 469 299
474 294 471 300
476 294 473 300
478 294 474 300
422 296 416 300
424 296 418 300
425 296 420 300
434 296 429 300
436 296 431 300
437 296 432 299
439 296 434 299
442 296 437 300
456 296 451 300
457 296 452 300
459 296 454 300
461 296 456 301
462 296 457 301
464 296 460 301
466 296 462 301
467 296 463 301
469 296 465 301
471 296 467 301
472 296 469 301
474 296 471 301
476 296 473 302
478 296 474 301
479 296 476 301
422 298 416 302
424 298 418 302
425 298 420 302
427 298 422 302
437 298 432 301
439 298 433 301
442 298 436 301
444 298 438 301
446 298 439 301
447 298 441 301
454 298 449 302
456 298 451 302
457 298 452 302
459 298 454 302
461 298 456 303
462 298 457 303
464 298 459 303
466 298 462 303
467 298 463 303
469 298 465 303
471 298 467 303
472 298 469 303
474 298 471 303
476 298 473 303
478 298 474 303
479 298 476 303
422 299 417 303
424 299 419 304
425 299 420 304
427 299 422 303
430 299 425 304
439 299 433 303
442 299 436 303
446 299 440 303
447 299 441 303
449 299 444 303
451 299 445 303
452 299 447 303
454 299 449 303
456 299 451 303
457 299 452 304
461 299 456 304
462 299 457 304
464 299 460 304
466 299 462 304
467 299 463 304
469 299 465 304
471 299 467 304
472 299 469 305
474 299 471 305
476 299 473 305
478 299 474 305
479 299 476 305
481 299 477 305
483 299 479 306
422 301 416 305
424 301 419 306
425 301 420 306
427 301 422 306
429 301 424 306
430 301 425 305
434 301 428 305
436 301 430 305
439 301 433 305
442 301 436 305
444 301 438 305
446 301 440 305
447 301 441 304
449 301 443 304
451 301 445 305
452 301 447 305
459 301 454 305
462 301 458 306
464 301 460 306
466 301 462 306
467 301 463 306
469 301 465 306
471 301 467 306
472 301 469 306
474 301 470 307
476 301 473 307
478 301 474 307
479 301 476 307
481 301 478 307
483 301 479 307
422 303 416 307
424 303 419 308
425 303 420 308
427 303 422 307
429 303 424 307
430 303 425 307
432 303 427 307
434 303 428 307
436 303 430 307
437 303 432 307
439 303 433 307
442 303 436 307
444 303 438 307
446 303 440 307
447 303 441 306
449 303 443 306
451 303 446 307
452 303 447 307
456 303 451 307
457 303 453 307
461 303 456 307
462 303 457 308
464 303 459 308
466 303 462 308
467 303 463 308
469 303 465 308
471 303 467 308
472 303 469 308
474 303 470 308
476 303 472 308
478 303 474 308
479 303 476 308
481 303 477 310
483 303 479 310
422 304 416 308
424 304 419 309
425 304 420 309
429 304 424 309
430 304 425 309
432 304 427 309
434 304 428 308
436 304 430 309
437 304 432 308
439 304 434 309
441 304 435 309
447 304 441 308
449 304 444 309
456 304 451 309
457 304 452 308
461 304 456 309
462 304 457 309
464 304 459 309
466 304 462 310
467 304 463 310
469 304 465 309
471 304 467 310
472 304 469 309
474 304 470 310
476 304 472 310
478 304 474 310
479 304 476 310
481 304 477 312
422 306 416 310
427 306 422 311
429 306 424 311
430 306 425 311
432 306 427 310
434 306 428 310
436 306 430 310
437 306 432 310
439 306 434 310
441 306 435 311
444 306 438 310
446 306 440 310
447 306 442 310
454 306 448 310
457 306 453 310
459 306 454 311
461 306 456 311
462 306 457 311
464 306 459 311
466 306 461 311
467 306 463 311
469 306 465 311
471 306 467 311
472 306 469 311
474 306 470 312
476 306 472 312
478 306 474 312
479 306 476 312
422 308 416 311
424 308 419 312
425 308 421 312
427 308 422 312
430 308 425 312
432 308 427 312
434 308 429 313
436 308 430 312
437 308 432 313
439 308 434 313
441 308 435 313
442 308 437 313
444 308 439 313
446 308 440 312
447 308 442 312
452 308 446 312
456 308 451 313
459 308 454 313
461 308 456 313
462 308 457 313
464 308 459 313
466 308 461 313
467 308 463 313
469 308 465 313
471 308 467 313
472 308 468 313
474 308 470 314
476 308 472 313
422 309 416 315
430 309 425 314
432 309 427 314
434 309 429 314
436 309 430 314
439 309 434 314
441 309 435 314
446 309 440 314
447 309 442 314
449 309 444 314
452 309 446 314
457 309 452 314
459 309 454 314
461 309 456 314
462 309 457 314
464 309 459 314
466 309 461 314
467 309 463 314
469 309 465 315
471 309 467 315
472 309 469 315
474 309 471 315
425 311 420 316
430 311 426 316
434 311 429 316
436 311 431 316
437 311 432 316
441 311 436 316
442 311 437 316
444 311 439 316
446 311 440 316
447 311 442 316
449 311 444 316
451 311 446 316
454 311 448 315
456 311 450 315
457 311 452 316
459 311 454 316
461 311 456 316
462 311 457 316
464 311 459 316
466 311 461 316
467 311 463 316
469 311 465 316
471 311 467 317
472 311 469 317
474 311 471 316
481 311 481 311
425 313 420 318
430 313 425 318
432 313 427 318
434 313 429 318
436 313 430 318
437 313 432 318
439 313 434 317
442 313 437 318
444 313 439 318
446 313 441 318
447 313 442 318
449 313 444 318
452 313 447 318
454 313 448 317
456 313 450 317
457 313 452 317
459 313 454 318
461 313 456 318
462 313 457 318
464 313 459 318
466 313 461 318
467 313 463 318
469 313 465 318
471 313 467 318
472 313 469 318
474 313 471 318
481 313 481 313
425 314 420 320
427 314 422 320
429 314 424 320
430 314 426 320
432 314 427 320
434 314 429 319
436 314 431 319
437 314 432 319
439 314 434 319
441 314 436 319
442 314 437 319
444 314 439 319
446 314 441 319
447 314 442 319
449 314 444 319
451 314 446 319
452 314 447 319
454 314 449 319
456 314 451 320
457 314 451 318
459 314 454 319
461 314 456 319
462 314 457 319
464 314 459 319
466 314 461 320
467 314 463 320
469 314 465 320
471 314 467 320
472 314 469 320
478 314 478 314
479 314 479 314
481 314 481 314
427 316 422 322
429 316 424 322
430 316 426 322
432 316 427 321
434 316 429 321
436 316 431 321
439 316 434 321
441 316 436 321
442 316 437 321
444 316 439 321
446 316 441 321
447 316 442 321
449 316 444 321
451 316 446 321
452 316 447 321
454 316 449 321
456 316 451 321
459 316 453 320
461 316 456 321
462 316 457 321
464 316 459 321
466 316 461 322
467 316 463 321
469 316 465 321
476 316 476 317
478 316 478 316
479 316 479 316
429 318 424 323
430 318 426 323
432 318 428 323
434 318 429 323
436 318 431 323
437 318 432 323
439 318 434 323
441 318 436 323
442 318 437 323
444 318 439 323
446 318 441 323
447 318 442 323
449 318 444 323
451 318 446 323
452 318 447 323
454 318 449 323
456 318 451 323
457 318 453 323
459 318 453 322
461 318 455 322
462 318 457 323
464 318 459 323
466 318 461 323
467 318 463 323
469 318 465 323
472 318 468 324
476 318 476 319
478 318 478 318
432 319 428 325
434 319 429 325
436 319 431 325
437 319 432 325
439 319 434 325
441 319 436 324
442 319 437 325
444 319 439 325
446 319 441 325
447 319 442 325
449 319 444 325
451 319 446 325
452 319 447 325
454 319 449 325
456 319 451 325
457 319 452 325
461 319 455 323
462 319 457 325
466 319 461 325
467 319 463 325
476 319 475 320
432 321 427 327
434 321 429 327
436 321 431 327
437 321 433 327
439 321 434 327
441 321 436 327
442 321 438 327
444 321 439 327
446 321 441 326
447 321 442 326
449 321 444 326
451 321 446 327
452 321 447 327
454 321 449 327
456 321 451 326
457 321 452 326
459 321 454 327
461 321 455 325
462 321 457 326
464 321 459 326
466 321 461 327
476 321 476 322
432 323 426 329
434 323 429 329
436 323 431 328
437 323 433 329
439 323 434 329
441 323 436 329
442 323 438 329
444 323 439 328
446 323 441 328
447 323 442 328
449 323 444 328
451 323 446 328
452 323 447 328
454 323 449 328
457 323 453 329
459 323 454 328
462 323 458 328
464 323 459 328
434 324 429 331
436 324 430 330
437 324 432 330
439 324 434 330
441 324 436 330
442 324 437 330
444 324 439 330
446 324 441 330
447 324 443 330
451 324 446 330
452 324 448 330
456 324 451 329
467 324 463 330
476 324 470 333
478 324 476 327
437 326 433 332
439 326 435 332
442 326 437 332
444 326 439 332
446 326 441 332
449 326 444 332
451 326 446 332
454 326 450 331
457 326 453 331
459 326 454 331
461 326 456 331
462 326 458 331
466 326 461 332
472 326 472 326
476 326 470 334
439 328 436 334
441 328 437 334
444 328 439 334
446 328 440 334
447 328 442 334
449 328 444 334
451 328 446 334
452 328 448 333
454 328 449 334
456 328 451 334
457 328 453 334
459 328 455 333
461 328 456 333
462 328 458 333
464 328 460 333
476 328 471 336
442 329 438 335
444 329 439 335
447 329 441 335
449 329 442 335
451 329 444 335
452 329 445 336
456 329 448 335
459 329 455 335
461 329 457 335
466 329 461 335
457 331 449 337
459 331 452 337
462 331 458 337
466 331 462 337
467 331 463 337
469 331 465 337
471 331 466 337
474 331 469 337
