471 286 421 309
472 286 423 310
462 287 392 298
471 287 420 311
472 287 423 312
478 287 430 312
466 289 417 327
471 289 421 313
472 289 423 313
466 291 416 328
471 291 421 314
472 291 422 315
474 291 425 315
476 291 426 315
479 291 430 315
464 292 414 329
466 292 412 314
469 292 418 315
471 292 420 316
474 292 424 317
476 292 425 317
422 294 373 309
464 294 413 331
466 294 412 315
471 294 419 332
476 294 425 319
422 296 372 311
424 296 374 312
456 296 382 302
459 296 413 306
462 296 410 332
469 296 417 333
471 296 418 334
461 298 408 334
462 298 410 334
464 298 412 333
467 298 414 334
469 298 416 335
471 298 418 335
476 298 422 335
478 298 424 336
422 299 372 315
461 299 407 335
462 299 409 335
464 299 411 335
467 299 413 336
469 299 415 336
474 299 420 337
476 299 421 337
478 299 423 337
461 301 406 337
464 301 410 337
471 301 416 337
474 301 419 338
476 301 420 339
481 301 425 339
437 303 394 318
441 303 378 305
451 303 396 335
452 303 398 336
457 303 402 338
459 303 404 338
462 303 407 338
464 303 409 323
472 303 416 339
474 303 418 340
476 303 419 340
478 303 422 340
479 303 422 341
425 304 374 321
427 304 376 322
441 304 377 307
452 304 397 337
457 304 401 339
466 304 409 341
469 304 413 325
472 304 415 341
474 304 417 341
451 306 395 337
457 306 400 341
459 306 403 340
461 306 404 341
466 306 409 342
467 306 410 328
469 306 412 327
430 308 377 326
432 308 378 327
434 308 380 328
436 308 381 328
449 308 392 338
467 308 410 330
422 309 372 326
434 309 379 329
442 309 386 318
444 309 388 318
457 309 399 343
459 309 401 329
466 309 407 344
467 309 409 345
442 311 386 320
444 311 388 321
452 311 394 340
454 311 395 341
456 311 397 342
457 311 398 344
464 311 404 346
466 311 406 346
432 313 376 330
436 313 378 332
441 313 383 321
442 313 385 322
444 313 386 322
446 313 388 324
447 313 389 325
452 313 393 343
454 313 394 343
456 313 396 344
461 313 400 330
462 313 402 347
464 313 404 347
466 313 405 348
469 313 409 347
471 313 410 347
432 314 374 316
434 314 375 317
436 314 377 318
441 314 382 322
442 314 383 323
451 314 391 344
452 314 392 344
454 314 393 331
461 314 400 332
462 314 402 332
464 314 404 333
469 314 408 349
436 316 377 319
437 316 378 320
439 316 380 322
441 316 381 324
442 316 383 324
446 316 387 327
451 316 390 345
452 316 391 345
454 316 393 333
462 316 401 334
464 316 402 335
430 318 373 318
436 318 376 335
437 318 377 322
439 318 379 323
444 318 383 329
446 318 385 330
451 318 389 336
454 318 392 336
462 318 400 336
430 319 372 319
439 319 378 325
451 319 388 338
461 319 397 349
462 319 399 338
462 321 398 351
446 323 383 331
447 323 384 331
452 323 387 340
444 324 381 331
446 324 382 333
447 324 383 333
449 324 385 334
451 326 385 338
451 328 385 340
452 328 386 341
454 328 388 342
457 331 393 350
459 331 395 351
