462 284 445 291
464 284 451 291
466 284 452 291
469 284 455 291
471 284 457 291
474 284 459 291
476 284 461 291
464 286 452 297
466 286 454 297
467 286 456 298
469 286 458 298
471 286 460 298
464 287 452 299
466 287 454 299
467 287 455 299
469 287 458 299
472 287 461 300
459 289 443 298
464 289 452 301
466 289 454 301
467 289 456 300
472 289 461 302
474 289 463 302
459 291 444 300
461 291 446 300
464 291 452 303
466 291 454 303
467 291 456 302
472 291 461 304
461 292 447 303
462 292 449 304
464 292 451 304
466 292 453 304
467 292 455 304
469 292 458 305
472 292 461 306
474 292 463 305
476 292 465 305
422 294 406 304
424 294 408 303
430 294 415 303
432 294 417 303
434 294 419 303
436 294 421 303
437 294 422 303
457 294 442 305
459 294 445 305
461 294 447 305
462 294 449 305
464 294 451 306
466 294 453 306
467 294 455 306
469 294 458 306
471 294 459 306
474 294 463 307
476 294 465 307
478 294 467 307
422 296 406 306
424 296 408 307
425 296 410 306
427 296 412 306
434 296 419 306
436 296 421 306
437 296 423 305
459 296 445 307
461 296 447 307
462 296 448 307
464 296 451 308
466 296 453 308
467 296 455 308
469 296 457 308
471 296 459 309
472 296 462 309
476 296 465 308
478 296 467 308
479 296 468 310
422 298 406 309
424 298 409 308
425 298 410 308
427 298 412 308
429 298 414 308
441 298 423 307
444 298 427 307
446 298 429 307
447 298 432 307
454 298 438 308
456 298 441 308
457 298 442 308
459 298 445 309
461 298 447 308
462 298 449 309
464 298 450 309
466 298 454 310
467 298 455 310
469 298 457 310
471 298 459 310
472 298 461 311
474 298 463 311
476 298 465 310
478 298 467 310
422 299 407 310
424 299 409 310
425 299 411 310
427 299 412 310
429 299 414 310
430 299 415 310
441 299 423 309
442 299 425 309
444 299 427 308
446 299 429 308
447 299 430 309
449 299 432 309
451 299 435 309
452 299 437 309
454 299 438 310
456 299 441 310
457 299 442 310
461 299 446 311
462 299 448 311
464 299 451 311
466 299 454 312
467 299 455 312
469 299 457 312
471 299 459 312
472 299 461 312
474 299 463 312
476 299 465 312
478 299 467 313
422 301 408 312
425 301 411 312
427 301 412 312
429 301 414 312
430 301 415 312
432 301 417 312
436 301 419 311
441 301 424 310
442 301 425 310
444 301 427 310
446 301 429 310
449 301 433 311
451 301 435 312
452 301 437 311
454 301 439 312
456 301 441 312
457 301 442 312
459 301 444 312
461 301 458 302
462 301 448 313
464 301 450 313
466 301 453 313
467 301 455 314
469 301 457 314
471 301 459 314
472 301 461 314
474 301 463 314
478 301 468 315
479 301 469 315
481 301 471 315
422 303 408 314
424 303 409 314
427 303 412 314
429 303 414 314
430 303 416 314
432 303 417 314
436 303 419 313
437 303 420 312
439 303 422 312
441 303 424 313
444 303 427 313
446 303 429 312
447 303 431 313
449 303 433 313
451 303 435 313
452 303 437 313
454 303 439 314
456 303 440 314
457 303 442 314
459 303 444 314
462 303 448 315
464 303 450 315
466 303 453 315
467 303 455 315
469 303 457 316
471 303 459 316
472 303 461 316
474 303 463 316
476 303 465 317
478 303 468 317
479 303 469 317
481 303 471 317
483 303 473 317
422 304 408 315
424 304 410 316
425 304 411 316
429 304 414 316
430 304 416 315
432 304 417 315
434 304 419 315
436 304 419 314
437 304 421 314
439 304 423 315
441 304 425 315
444 304 428 315
446 304 430 315
447 304 431 315
449 304 433 315
451 304 435 315
452 304 437 315
454 304 438 315
456 304 440 315
457 304 442 315
459 304 444 315
461 304 446 316
462 304 448 316
464 304 450 316
466 304 453 317
467 304 455 317
469 304 457 318
471 304 459 318
472 304 461 317
474 304 463 318
476 304 465 318
478 304 467 319
479 304 469 319
483 304 473 319
422 306 408 318
424 306 410 318
425 306 411 318
427 306 413 318
430 306 416 317
432 306 417 317
434 306 419 317
436 306 421 317
441 306 425 317
442 306 426 316
444 306 428 316
446 306 430 317
447 306 431 317
449 306 433 317
451 306 435 317
452 306 436 317
454 306 438 317
456 306 440 317
457 306 442 317
459 306 444 317
461 306 446 318
462 306 448 318
464 306 450 318
466 306 452 318
467 306 455 318
469 306 457 319
471 306 459 319
472 306 461 319
474 306 463 320
478 306 467 320
422 308 406 317
424 308 410 320
425 308 412 320
427 308 413 320
430 308 416 320
432 308 417 319
434 308 419 319
436 308 421 319
437 308 422 319
442 308 427 319
444 308 429 319
446 308 430 319
447 308 432 319
449 308 433 319
451 308 435 319
452 308 436 319
454 308 438 318
456 308 440 319
457 308 442 319
459 308 444 319
461 308 446 320
462 308 448 320
464 308 450 320
466 308 452 320
467 308 455 320
469 308 457 320
471 308 459 321
472 308 461 321
474 308 463 322
476 308 465 322
422 309 408 321
424 309 410 322
425 309 412 322
427 309 414 321
429 309 415 321
432 309 417 321
434 309 419 321
436 309 421 321
437 309 422 321
439 309 424 321
441 309 426 320
444 309 429 320
446 309 430 320
447 309 432 320
449 309 433 320
451 309 435 320
452 309 436 320
456 309 440 320
457 309 442 320
459 309 444 321
461 309 446 321
462 309 448 321
464 309 450 321
466 309 452 322
467 309 455 322
469 309 456 322
471 309 459 323
472 309 461 323
474 309 463 323
425 311 411 323
427 311 414 323
429 311 415 323
432 311 418 323
434 311 419 323
436 311 421 323
437 311 422 323
439 311 424 323
441 311 426 323
442 311 428 323
446 311 430 322
447 311 432 322
449 311 433 322
451 311 435 322
452 311 437 322
454 311 438 322
457 311 442 322
459 311 444 323
461 311 446 323
464 311 450 323
466 311 452 324
467 311 455 324
469 311 456 324
471 311 458 324
472 311 461 325
474 311 463 325
425 313 411 325
427 313 414 325
429 313 415 325
430 313 417 325
434 313 419 325
436 313 421 325
437 313 423 325
439 313 424 325
441 313 426 325
442 313 428 325
446 313 430 324
447 313 432 324
449 313 433 324
451 313 435 324
452 313 437 324
454 313 438 324
456 313 440 324
457 313 442 324
459 313 444 325
462 313 448 325
466 313 452 326
467 313 455 326
469 313 456 326
471 313 459 326
472 313 461 327
474 313 463 327
425 314 411 327
427 314 413 327
429 314 415 327
430 314 417 327
432 314 418 327
434 314 420 327
437 314 423 327
439 314 425 327
441 314 426 327
442 314 427 326
444 314 429 326
449 314 434 326
451 314 436 326
452 314 437 326
454 314 439 326
456 314 440 326
457 314 442 326
461 314 446 326
462 314 448 326
464 314 450 327
466 314 452 327
467 314 454 327
469 314 456 328
471 314 459 328
472 314 461 328
474 314 463 328
427 316 413 329
429 316 415 329
430 316 417 329
432 316 418 329
434 316 420 329
436 316 422 329
439 316 425 329
441 316 426 329
442 316 428 328
444 316 429 328
446 316 431 328
449 316 434 328
451 316 436 328
452 316 437 328
454 316 439 328
456 316 441 328
457 316 442 329
459 316 444 328
461 316 446 328
462 316 448 328
464 316 450 329
466 316 452 329
467 316 454 329
469 316 456 329
471 316 458 330
429 318 415 331
430 318 417 331
432 318 419 331
434 318 420 331
436 318 422 331
437 318 423 331
441 318 426 331
442 318 428 331
444 318 429 330
446 318 431 330
447 318 433 330
451 318 436 330
452 318 437 330
454 318 439 330
461 318 446 329
462 318 447 330
464 318 450 331
466 318 452 331
467 318 454 331
469 318 456 331
471 318 458 331
430 319 417 332
432 319 419 333
434 319 420 333
436 319 422 333
437 319 423 332
439 319 425 332
442 319 428 332
444 319 430 332
446 319 431 332
447 319 433 332
449 319 435 332
451 319 436 332
454 319 439 332
456 319 441 332
457 319 442 332
459 319 444 331
461 319 445 331
462 319 447 331
466 319 452 332
467 319 454 333
469 319 456 333
474 319 462 332
432 321 419 336
434 321 420 335
436 321 422 335
437 321 423 335
439 321 425 335
442 321 428 334
444 321 430 334
446 321 432 334
447 321 433 334
449 321 435 334
451 321 437 334
452 321 438 334
456 321 441 334
457 321 442 334
459 321 444 334
461 321 446 334
462 321 447 334
464 321 450 334
469 321 455 335
432 323 418 338
434 323 420 337
436 323 422 337
437 323 424 337
439 323 425 337
441 323 427 337
444 323 430 336
446 323 432 336
447 323 433 336
449 323 435 336
451 323 437 336
452 323 438 336
454 323 440 336
457 323 443 336
459 323 444 336
461 323 446 335
462 323 448 336
464 323 449 336
467 323 453 336
434 324 420 340
436 324 422 338
437 324 424 338
439 324 426 338
441 324 427 338
444 324 430 338
446 324 431 338
447 324 433 338
449 324 435 338
451 324 436 338
452 324 438 338
454 324 440 338
459 324 444 337
461 324 446 337
462 324 448 337
464 324 450 337
466 324 452 337
467 324 453 337
437 326 424 340
439 326 426 340
441 326 428 340
444 326 431 340
447 326 433 340
449 326 434 340
451 326 436 340
452 326 438 340
459 326 444 339
461 326 446 339
462 326 448 339
464 326 450 339
466 326 452 339
476 326 470 334
444 328 431 342
446 328 433 342
449 328 435 342
451 328 437 342
452 328 438 342
456 328 442 342
461 328 446 341
462 328 448 341
464 328 450 341
444 329 433 344
452 329 440 344
466 329 451 344
474 329 460 343
461 331 446 345
462 331 448 345
464 331 450 345
466 331 451 345
467 331 453 345
469 331 455 345
471 331 457 345
472 331 459 345
474 331 461 345
