469 284 428 308
472 284 432 308
476 284 436 308
462 286 421 310
464 286 424 310
459 287 409 309
464 287 422 314
466 287 424 314
464 289 422 317
466 289 424 316
479 289 439 314
459 291 412 311
466 291 424 320
457 292 411 318
459 292 412 313
462 292 418 318
476 292 438 324
457 294 410 316
459 294 414 320
461 294 416 320
462 294 418 320
464 294 421 323
467 294 427 324
469 294 429 324
474 294 436 326
476 294 438 326
478 294 440 326
422 296 378 316
424 296 380 316
456 296 407 320
457 296 411 322
459 296 413 322
461 296 416 322
462 296 417 322
467 296 426 326
469 296 428 326
474 296 436 328
476 296 438 328
478 296 440 328
422 298 378 321
425 298 380 321
427 298 381 321
456 298 408 322
457 298 411 324
459 298 413 324
461 298 416 325
462 298 417 324
464 298 420 325
467 298 426 328
469 298 428 328
471 298 430 329
474 298 436 330
476 298 438 330
478 298 440 330
479 298 442 332
422 299 378 323
424 299 379 323
427 299 382 323
429 299 383 323
444 299 392 321
446 299 395 320
447 299 396 321
449 299 399 323
451 299 401 322
452 299 403 323
456 299 407 324
457 299 409 324
461 299 415 326
462 299 417 327
464 299 420 327
466 299 422 327
467 299 425 330
469 299 428 330
471 299 430 330
472 299 433 330
474 299 435 332
476 299 438 332
479 299 442 333
422 301 378 325
424 301 379 325
425 301 380 325
430 301 385 325
439 301 390 326
444 301 392 323
446 301 395 323
447 301 397 324
449 301 399 325
451 301 400 325
452 301 403 325
457 301 410 327
462 301 433 321
464 301 420 329
466 301 422 329
467 301 425 332
469 301 427 333
471 301 430 333
478 301 440 335
479 301 442 335
424 303 379 328
425 303 381 328
427 303 382 328
430 303 385 327
434 303 387 327
444 303 393 325
446 303 395 326
447 303 397 326
451 303 400 326
452 303 403 327
454 303 405 328
456 303 407 329
457 303 409 329
459 303 411 330
466 303 422 331
467 303 424 333
469 303 427 334
471 303 430 335
472 303 431 334
478 303 440 337
479 303 442 337
481 303 444 338
422 304 378 329
425 304 380 329
427 304 382 329
430 304 385 330
432 304 386 330
436 304 388 329
437 304 390 329
446 304 396 328
447 304 397 328
449 304 399 329
451 304 401 329
452 304 403 329
454 304 405 330
456 304 407 330
462 304 416 332
464 304 418 332
466 304 422 333
472 304 431 336
478 304 440 339
479 304 442 339
422 306 378 331
424 306 380 332
427 306 382 332
429 306 384 332
432 306 386 332
436 306 388 331
437 306 390 331
439 306 391 331
447 306 397 330
449 306 399 331
451 306 401 331
456 306 406 333
462 306 415 334
464 306 418 335
466 306 421 335
467 306 423 335
472 306 431 338
422 308 378 333
424 308 380 334
427 308 382 333
429 308 384 334
430 308 385 334
434 308 388 334
437 308 390 333
439 308 391 333
447 308 397 333
449 308 399 333
451 308 401 333
454 308 403 332
456 308 406 334
457 308 408 334
461 308 412 336
462 308 415 336
464 308 418 337
466 308 421 337
467 308 423 337
422 309 380 337
425 309 382 336
429 309 384 336
430 309 385 336
434 309 388 335
436 309 389 336
439 309 392 335
441 309 393 335
442 309 410 331
444 309 412 329
451 309 400 335
454 309 403 334
456 309 406 336
457 309 408 336
462 309 431 332
464 309 418 338
466 309 421 339
467 309 423 339
469 309 425 339
425 311 382 338
427 311 383 338
430 311 385 338
434 311 387 338
436 311 389 338
437 311 391 338
441 311 393 338
442 311 395 337
444 311 412 331
446 311 414 331
447 311 398 337
451 311 401 337
452 311 402 337
454 311 404 338
456 311 406 338
457 311 408 339
459 311 410 339
464 311 417 340
466 311 420 341
467 311 422 341
469 311 424 341
471 311 427 342
472 311 430 344
474 311 433 344
427 313 383 340
430 313 385 340
434 313 387 340
436 313 389 340
437 313 391 340
441 313 393 340
442 313 410 335
444 313 396 339
446 313 414 334
447 313 398 339
451 313 401 339
452 313 402 339
454 313 404 340
456 313 406 340
457 313 408 341
459 313 410 341
461 313 412 341
462 313 414 342
464 313 417 342
466 313 420 343
467 313 422 343
469 313 425 343
471 313 427 345
427 314 383 342
429 314 385 342
432 314 387 342
434 314 388 342
436 314 390 342
439 314 392 342
442 314 394 341
444 314 396 342
446 314 398 342
449 314 400 342
451 314 402 342
454 314 404 341
456 314 406 342
457 314 407 342
459 314 410 343
461 314 412 343
462 314 414 343
464 314 416 344
466 314 419 344
469 314 424 346
472 314 431 347
430 316 386 345
432 316 388 345
434 316 389 344
436 316 390 344
437 316 391 344
441 316 394 344
442 316 394 343
444 316 396 343
446 316 398 344
449 316 400 344
451 316 402 344
452 316 403 343
456 316 406 344
457 316 407 344
459 316 409 345
461 316 412 345
462 316 414 345
464 316 416 346
466 316 418 346
467 316 421 347
469 316 424 348
430 318 386 347
432 318 388 347
434 318 389 347
436 318 390 346
437 318 391 346
441 318 394 346
442 318 395 346
444 318 396 345
446 318 398 346
447 318 399 346
451 318 402 346
452 318 403 346
454 318 405 346
457 318 407 346
459 318 409 346
461 318 411 346
462 318 414 347
464 318 416 348
466 318 418 348
467 318 420 348
432 319 388 349
434 319 389 349
437 319 392 349
439 319 393 348
442 319 395 348
444 319 397 348
447 319 399 348
449 319 401 348
452 319 403 348
454 319 405 348
456 319 407 348
459 319 409 348
461 319 411 348
462 319 413 349
464 319 416 350
466 319 418 350
467 319 420 350
432 321 388 352
434 321 389 351
436 321 391 351
439 321 393 351
441 321 395 351
444 321 397 350
446 321 399 350
449 321 401 351
451 321 403 351
452 321 403 350
454 321 405 350
456 321 406 350
459 321 409 350
461 321 411 350
462 321 412 350
464 321 416 351
466 321 418 352
476 321 439 345
432 323 387 353
434 323 389 353
436 323 390 353
437 323 392 353
441 323 395 353
444 323 397 352
446 323 399 353
447 323 400 353
451 323 402 353
452 323 404 353
456 323 407 352
457 323 408 353
461 323 411 352
462 323 412 352
464 323 415 353
467 323 419 354
479 323 443 347
434 324 389 355
436 324 391 356
437 324 392 355
441 324 395 355
442 324 397 355
446 324 398 355
447 324 400 354
451 324 402 355
452 324 404 355
457 324 408 354
461 324 410 354
462 324 412 354
464 324 415 355
466 324 417 355
479 324 432 353
437 326 392 358
439 326 394 357
442 326 396 357
446 326 400 357
452 326 404 357
457 326 408 356
459 326 409 356
462 326 412 356
464 326 415 356
439 328 398 360
466 329 419 359
472 331 420 361
474 331 422 361
