469 284 427 309
471 284 429 309
472 284 431 309
474 284 416 309
476 284 435 309
471 286 429 311
464 287 422 318
466 287 424 318
464 289 421 320
466 289 423 320
466 291 423 322
459 292 411 315
464 292 421 323
466 292 423 324
467 292 425 324
478 292 417 315
479 292 419 313
430 294 384 316
436 294 386 316
437 294 387 317
457 294 408 317
459 294 411 317
464 294 420 325
466 294 423 325
467 294 425 326
476 294 436 329
427 296 380 318
436 296 387 319
456 296 406 321
457 296 410 320
459 296 412 320
461 296 415 325
464 296 420 327
466 296 422 328
467 296 424 328
469 296 426 329
471 296 429 329
422 298 378 320
425 298 379 320
429 298 382 320
456 298 407 324
459 298 412 322
461 298 414 327
462 298 416 327
467 298 423 330
469 298 425 331
474 298 433 333
476 298 435 332
478 298 437 332
425 299 379 322
427 299 380 322
444 299 392 323
446 299 394 324
447 299 396 325
449 299 398 325
451 299 400 324
456 299 407 326
461 299 414 328
462 299 416 328
464 299 418 330
467 299 423 332
469 299 425 332
471 299 428 333
476 299 435 335
425 301 379 324
427 301 380 324
429 301 382 324
432 301 384 324
436 301 405 326
442 301 390 325
444 301 392 325
446 301 394 326
447 301 396 326
449 301 398 327
451 301 399 327
452 301 401 326
456 301 406 329
466 301 420 332
467 301 423 335
469 301 425 334
471 301 427 335
476 301 434 337
424 303 378 325
427 303 380 326
429 303 382 326
439 303 387 326
444 303 392 327
446 303 395 328
447 303 396 328
451 303 399 329
454 303 403 330
466 303 420 335
471 303 427 337
472 303 429 337
481 303 441 340
424 304 378 327
427 304 380 328
429 304 382 328
432 304 384 328
437 304 388 329
441 304 389 328
442 304 391 329
444 304 393 330
446 304 394 330
447 304 396 330
452 304 402 332
456 304 405 333
457 304 407 333
466 304 419 337
469 304 424 338
471 304 427 339
472 304 428 339
483 304 442 343
422 306 378 329
425 306 379 330
429 306 382 330
430 306 383 331
434 306 385 330
436 306 387 331
437 306 388 331
439 306 406 330
442 306 391 331
444 306 393 331
446 306 394 332
447 306 396 332
449 306 398 333
454 306 402 333
456 306 405 334
459 306 409 335
462 306 413 337
466 306 418 338
472 306 428 341
424 308 379 333
429 308 392 334
430 308 383 333
432 308 384 333
436 308 387 333
437 308 388 333
447 308 396 334
449 308 398 334
452 308 400 335
454 308 401 335
456 308 405 337
457 308 422 329
464 308 416 339
467 308 420 339
469 308 422 340
471 308 426 342
422 309 378 335
432 309 384 334
434 309 386 334
437 309 388 335
441 309 407 334
444 309 394 335
449 309 398 336
452 309 400 337
454 309 401 337
456 309 404 338
461 309 410 340
464 309 430 335
466 309 418 341
467 309 420 341
469 309 422 342
472 309 427 344
474 309 430 344
432 311 384 336
434 311 386 336
437 311 388 337
439 311 390 337
441 311 391 338
442 311 393 338
447 311 397 338
451 311 399 339
457 311 406 341
467 311 420 344
469 311 422 343
471 311 423 344
472 311 426 346
474 311 430 346
427 313 380 338
432 313 384 338
434 313 385 338
436 313 387 339
439 313 390 339
441 313 391 340
442 313 393 340
449 313 397 340
451 313 399 340
452 313 400 340
454 313 401 339
457 313 406 343
459 313 408 344
467 313 419 346
469 313 422 345
472 313 429 346
429 314 382 340
434 314 386 341
436 314 387 341
437 314 389 341
441 314 391 341
442 314 392 342
446 314 412 339
449 314 415 339
451 314 399 342
452 314 400 343
454 314 402 343
457 314 404 343
461 314 410 346
462 314 411 345
464 314 414 346
467 314 419 347
471 314 424 347
427 316 381 341
430 316 383 342
432 316 385 343
434 316 386 343
436 316 387 343
437 316 388 343
441 316 390 343
442 316 392 344
444 316 409 342
446 316 412 342
447 316 396 344
449 316 398 344
452 316 400 345
454 316 402 345
456 316 403 345
459 316 407 346
462 316 411 347
464 316 413 348
466 316 415 348
471 316 444 343
429 318 382 345
430 318 384 345
434 318 386 345
437 318 388 345
442 318 392 345
444 318 409 344
447 318 396 346
449 318 398 346
451 318 399 347
454 318 402 347
456 318 403 347
457 318 405 347
459 318 406 348
461 318 408 348
462 318 411 350
471 318 424 351
434 319 386 347
436 319 387 347
439 319 390 347
442 319 392 347
444 319 394 348
446 319 395 348
449 319 398 348
451 319 399 349
452 319 400 349
456 319 403 349
457 319 404 349
459 319 406 350
461 319 408 350
434 321 385 349
436 321 387 349
437 321 389 350
439 321 390 349
441 321 391 349
444 321 394 350
446 321 395 350
447 321 396 350
451 321 399 350
452 321 400 351
456 321 403 351
457 321 404 351
459 321 406 352
461 321 408 352
462 321 409 352
464 321 412 353
436 323 387 351
437 323 389 351
441 323 392 351
442 323 393 351
446 323 395 352
447 323 397 352
449 323 414 351
452 323 400 353
454 323 402 353
456 323 403 353
459 323 406 354
461 323 407 354
462 323 409 354
464 323 411 355
479 323 430 356
481 323 435 355
434 324 388 353
441 324 391 353
442 324 393 354
444 324 394 354
454 324 401 355
456 324 403 355
459 324 406 356
461 324 407 356
462 324 409 356
464 324 411 357
471 324 434 351
478 324 429 357
479 324 432 356
442 326 392 355
444 326 394 355
449 326 412 360
457 326 404 357
459 326 406 358
462 326 409 358
464 326 411 358
476 326 437 352
439 328 395 359
457 328 405 359
459 328 406 359
476 328 437 354
467 329 416 361
459 331 408 362
461 331 410 362
467 331 416 362
471 331 419 362
472 331 421 362
474 331 423 362
