464 284 443 296
466 284 444 296
467 284 446 296
469 284 447 296
471 284 449 296
472 284 451 296
464 286 443 302
466 286 446 302
471 286 449 298
462 287 441 303
464 287 443 303
466 287 446 304
472 287 454 306
474 287 456 305
459 289 433 300
464 289 443 306
466 289 445 306
467 289 447 307
461 291 437 304
464 291 443 308
466 291 445 308
467 291 447 308
474 291 456 309
457 292 433 308
461 292 438 308
462 292 440 308
464 292 443 310
466 292 445 310
467 292 447 310
472 292 454 311
474 292 456 311
476 292 458 311
457 294 433 309
459 294 436 309
461 294 438 310
462 294 440 310
464 294 443 311
466 294 445 311
467 294 447 312
469 294 449 312
471 294 452 312
472 294 454 313
474 294 456 313
476 294 458 313
478 294 459 313
424 296 402 310
425 296 402 311
456 296 431 309
459 296 436 311
461 296 438 311
462 296 440 312
464 296 443 313
466 296 445 313
467 296 447 314
469 296 449 314
471 296 452 315
472 296 454 315
474 296 456 315
476 296 458 314
478 296 460 314
422 298 400 313
427 298 403 313
456 298 431 312
457 298 433 313
459 298 436 313
461 298 438 314
462 298 440 314
464 298 442 314
466 298 446 315
467 298 447 316
469 298 449 316
471 298 452 316
472 298 454 317
474 298 456 317
476 298 458 316
478 298 460 316
479 298 463 318
429 299 405 315
449 299 423 313
451 299 425 313
452 299 427 313
454 299 429 314
456 299 431 314
457 299 433 315
459 299 435 315
461 299 438 315
462 299 440 315
464 299 442 316
466 299 445 317
467 299 447 318
469 299 449 317
471 299 452 318
472 299 454 318
474 299 456 319
476 299 459 319
478 299 461 319
479 299 463 320
481 299 464 320
425 301 402 317
429 301 405 316
446 301 419 315
449 301 423 316
451 301 425 316
452 301 427 316
454 301 429 316
456 301 431 316
457 301 433 316
459 301 435 317
461 301 437 317
462 301 440 317
464 301 442 318
466 301 445 319
467 301 447 319
469 301 449 319
471 301 451 320
472 301 453 320
474 301 456 320
476 301 458 321
478 301 461 322
479 301 463 322
481 301 465 322
483 301 466 322
422 303 400 319
427 303 403 319
429 303 405 318
434 303 409 317
437 303 410 317
444 303 417 317
446 303 419 317
447 303 421 317
449 303 423 317
451 303 425 318
452 303 427 318
454 303 429 318
456 303 431 318
457 303 433 318
461 303 437 319
462 303 440 319
466 303 444 320
467 303 447 321
469 303 449 322
471 303 452 322
472 303 453 322
474 303 455 322
476 303 458 322
478 303 461 323
479 303 462 324
481 303 464 324
483 303 466 324
422 304 400 321
427 304 404 321
430 304 407 320
432 304 408 320
434 304 409 319
436 304 410 319
437 304 412 319
439 304 414 319
442 304 416 319
444 304 418 319
446 304 420 319
447 304 421 319
449 304 423 319
451 304 425 320
452 304 427 320
454 304 429 320
456 304 431 320
457 304 432 320
461 304 437 321
462 304 439 321
464 304 441 321
466 304 444 322
467 304 446 323
469 304 449 323
471 304 451 324
472 304 453 323
474 304 455 324
478 304 460 325
479 304 462 325
422 306 400 323
424 306 401 323
425 306 402 323
427 306 404 323
430 306 407 323
432 306 409 323
434 306 410 322
437 306 412 321
439 306 414 321
441 306 416 321
444 306 418 321
446 306 420 321
449 306 423 321
451 306 425 321
452 306 427 322
456 306 431 321
457 306 434 322
459 306 435 323
461 306 437 323
462 306 439 323
464 306 441 323
466 306 444 324
467 306 446 324
469 306 448 325
471 306 451 325
472 306 453 326
474 306 455 326
478 306 460 327
479 306 462 327
425 308 403 325
427 308 404 324
432 308 409 325
434 308 410 324
436 308 412 324
437 308 412 323
442 308 417 324
447 308 422 323
452 308 427 323
454 308 428 323
456 308 430 323
457 308 433 323
459 308 435 324
461 308 437 325
462 308 439 325
464 308 441 325
469 308 448 326
471 308 451 328
474 308 455 328
432 309 409 326
434 309 410 326
436 309 412 326
439 309 415 325
441 309 417 325
446 309 421 325
449 309 423 325
451 309 425 325
452 309 426 325
454 309 428 325
456 309 430 325
459 309 435 326
461 309 437 326
462 309 439 326
464 309 442 327
466 309 444 327
467 309 446 327
469 309 448 328
471 309 450 328
472 309 453 329
474 309 455 329
432 311 409 329
434 311 410 328
436 311 412 328
437 311 413 328
439 311 415 328
441 311 417 327
447 311 423 327
449 311 424 327
454 311 428 327
456 311 430 327
457 311 433 328
459 311 435 328
461 311 437 328
462 311 439 328
464 311 441 329
467 311 446 329
469 311 448 330
471 311 450 330
472 311 453 331
474 311 455 331
476 311 457 331
425 313 403 330
427 313 405 331
432 313 409 331
434 313 410 330
436 313 412 330
437 313 414 330
439 313 415 330
441 313 417 330
442 313 418 330
446 313 421 329
447 313 423 329
449 313 424 329
454 313 429 329
456 313 430 329
457 313 432 329
459 313 435 330
461 313 437 330
462 313 438 330
464 313 441 331
466 313 443 331
467 313 446 331
469 313 448 331
471 313 450 331
472 313 453 332
427 314 405 333
429 314 407 333
430 314 408 333
432 314 410 333
434 314 411 332
437 314 414 332
439 314 415 332
441 314 417 331
442 314 418 331
444 314 420 332
447 314 423 331
449 314 424 331
451 314 426 331
452 314 427 331
454 314 429 331
457 314 432 331
459 314 435 332
461 314 437 332
462 314 439 332
464 314 441 332
466 314 443 333
467 314 446 333
469 314 448 334
471 314 450 334
427 316 405 335
429 316 407 335
430 316 408 335
432 316 410 335
434 316 411 335
436 316 413 334
439 316 416 334
441 316 417 333
442 316 418 333
444 316 420 334
446 316 422 334
449 316 425 334
451 316 426 333
452 316 428 333
454 316 429 333
456 316 431 333
459 316 434 333
461 316 437 333
462 316 439 334
464 316 441 334
466 316 443 334
467 316 445 335
430 318 408 337
432 318 410 337
434 318 412 337
436 318 413 337
437 318 415 337
439 318 416 337
441 318 417 336
442 318 418 335
444 318 420 336
446 318 422 336
447 318 423 336
451 318 426 335
452 318 428 335
454 318 429 335
456 318 432 336
457 318 433 336
461 318 436 335
462 318 438 336
467 318 445 337
474 318 456 336
430 319 408 339
432 319 410 339
434 319 412 339
436 319 413 339
437 319 415 339
439 319 416 339
442 319 419 338
444 319 420 338
447 319 423 338
449 319 425 338
452 319 428 337
454 319 430 338
456 319 432 338
457 319 433 338
459 319 434 337
461 319 436 337
462 319 438 337
466 319 442 338
432 321 410 341
434 321 412 341
436 321 413 341
437 321 415 341
439 321 416 341
441 321 418 341
442 321 419 340
444 321 421 340
446 321 422 340
449 321 425 340
454 321 430 340
456 321 432 340
459 321 434 339
461 321 436 339
462 321 438 339
464 321 440 339
434 323 412 343
436 323 413 343
437 323 415 343
441 323 418 343
442 323 420 342
444 323 421 342
446 323 423 342
447 323 424 342
456 323 432 341
459 323 435 341
437 324 415 345
439 324 417 344
442 324 420 344
447 324 424 343
457 324 433 343
451 326 427 345
