466 289 417 327
466 291 416 328
464 292 414 329
464 294 413 331
471 294 419 332
424 296 374 312
462 296 410 332
469 296 417 333
471 296 418 334
461 298 408 334
462 298 410 334
464 298 412 333
467 298 414 334
469 298 416 335
471 298 418 335
476 298 422 335
422 299 372 315
461 299 407 335
462 299 409 335
464 299 411 335
467 299 413 336
469 299 415 336
476 299 421 337
461 301 406 337
464 301 410 337
471 301 416 337
474 301 419 338
476 301 420 339
451 303 396 335
452 303 398 336
457 303 402 338
459 303 404 338
462 303 407 338
472 303 416 339
474 303 418 340
476 303 419 340
478 303 422 340
479 303 422 341
425 304 374 321
427 304 376 322
452 304 397 337
457 304 401 339
466 304 409 341
472 304 415 341
474 304 417 341
451 306 395 337
457 306 400 341
459 306 403 340
461 306 404 341
466 306 409 342
430 308 377 326
432 308 378 327
434 308 380 328
434 309 379 329
457 309 399 343
466 309 407 344
467 309 409 345
454 311 395 341
456 311 397 342
457 311 398 344
464 311 404 346
466 311 406 346
436 313 378 332
454 313 394 343
456 313 396 344
462 313 402 347
464 313 404 347
466 313 405 348
469 313 409 347
471 313 410 347
451 314 391 344
452 314 392 344
451 316 390 345
436 318 376 335
461 319 397 349
462 321 398 351
