464 284 419 312
467 284 423 312
469 284 426 312
471 284 428 312
472 284 430 312
476 284 432 312
464 287 420 322
466 287 422 322
464 289 419 324
466 289 421 324
474 289 430 327
464 291 418 326
466 291 420 326
461 292 413 325
464 292 418 327
472 292 427 330
474 292 429 330
424 294 382 321
432 294 388 321
462 294 415 328
464 294 417 329
466 294 419 329
467 294 421 329
471 294 425 330
472 294 427 331
474 294 428 331
476 294 430 332
459 296 411 325
462 296 414 329
466 296 418 331
467 296 420 331
469 296 422 332
471 296 424 332
472 296 426 333
474 296 428 333
476 296 430 334
478 296 431 334
483 296 437 330
441 298 388 324
444 298 393 323
456 298 406 328
461 298 412 330
462 298 413 331
464 298 415 331
467 298 420 333
469 298 421 333
472 298 425 334
474 298 427 335
476 298 429 335
478 298 431 336
442 299 390 325
444 299 392 325
446 299 394 326
447 299 396 327
449 299 398 327
451 299 399 327
456 299 405 331
457 299 407 330
459 299 409 331
461 299 411 332
462 299 413 332
464 299 415 332
466 299 416 333
469 299 420 335
471 299 423 335
472 299 425 336
474 299 426 337
476 299 428 337
478 299 430 338
436 301 403 330
439 301 387 327
441 301 389 328
444 301 392 327
446 301 394 329
449 301 397 329
451 301 399 329
452 301 400 329
456 301 404 332
457 301 406 333
461 301 424 326
462 301 412 334
464 301 414 335
466 301 416 335
467 301 418 336
469 301 420 337
471 301 422 337
472 301 424 338
474 301 426 338
476 301 427 339
479 301 431 339
437 303 387 329
441 303 389 329
449 303 397 331
451 303 398 331
452 303 400 332
456 303 403 334
457 303 405 335
459 303 407 335
461 303 409 335
462 303 411 336
464 303 413 337
466 303 415 337
467 303 417 338
469 303 419 338
471 303 421 339
472 303 422 339
474 303 424 340
479 303 431 341
442 304 390 331
444 304 392 331
446 304 393 332
449 304 396 332
451 304 397 333
452 304 399 333
454 304 401 334
456 304 403 336
461 304 409 337
462 304 410 338
464 304 412 338
466 304 415 339
467 304 416 339
469 304 418 340
471 304 420 341
472 304 422 341
474 304 424 341
479 304 430 343
481 304 431 344
422 306 377 328
430 306 380 327
432 306 382 327
442 306 390 332
444 306 392 333
446 306 393 333
449 306 396 334
451 306 397 334
452 306 398 335
454 306 400 336
457 306 405 337
459 306 407 338
461 306 407 339
462 306 409 339
464 306 411 340
466 306 414 340
467 306 415 341
469 306 417 342
471 306 419 342
472 306 421 343
474 306 423 343
422 308 377 329
430 308 379 329
432 308 381 329
434 308 383 329
447 308 393 335
449 308 395 336
451 308 397 336
452 308 398 337
454 308 400 338
456 308 401 339
457 308 403 339
459 308 406 340
461 308 407 341
462 308 409 341
464 308 411 342
466 308 413 342
467 308 415 342
469 308 417 343
471 308 419 344
472 308 421 344
474 308 423 345
422 309 377 331
434 309 382 331
436 309 384 332
437 309 385 333
441 309 388 334
442 309 389 335
444 309 391 335
452 309 397 339
454 309 399 340
456 309 401 340
457 309 403 341
459 309 404 342
461 309 406 342
462 309 408 343
464 309 411 343
466 309 413 343
467 309 414 344
469 309 416 345
471 309 418 345
474 309 424 346
437 311 385 334
441 311 387 336
442 311 389 336
444 311 391 337
446 311 392 338
454 311 399 341
456 311 400 341
457 311 402 343
459 311 404 343
461 311 406 344
462 311 407 344
464 311 409 345
472 311 419 347
432 313 380 333
434 313 381 334
436 313 383 335
441 313 387 337
442 313 388 338
444 313 390 338
446 313 392 339
451 313 395 341
452 313 397 341
457 313 402 344
459 313 403 345
461 313 405 345
462 313 407 346
466 313 411 346
467 313 413 347
469 313 415 347
471 313 417 348
430 314 377 334
432 314 379 335
434 314 381 336
436 314 383 336
442 314 388 340
444 314 389 340
446 314 391 340
449 314 393 341
451 314 395 343
452 314 396 343
459 314 403 346
461 314 404 347
462 314 406 347
466 314 410 348
467 314 426 341
469 314 415 349
471 314 416 350
430 316 378 336
434 316 381 338
436 316 382 338
437 316 383 338
442 316 387 341
444 316 389 342
446 316 390 342
449 316 393 343
451 316 394 344
452 316 396 345
454 316 397 345
456 316 399 347
457 316 400 346
459 316 402 346
467 316 412 350
469 316 414 351
471 316 434 346
430 318 378 338
434 318 379 339
436 318 381 340
437 318 383 340
441 318 386 342
444 318 388 343
446 318 390 344
447 318 391 344
451 318 394 346
452 318 395 347
454 318 397 347
461 318 403 348
462 318 405 350
441 319 385 345
446 319 389 345
447 319 391 346
452 319 395 348
454 319 396 349
456 319 398 349
459 319 401 350
461 319 402 351
462 319 404 352
464 319 407 353
466 319 408 353
452 321 394 350
454 321 396 350
456 321 397 351
459 321 400 352
461 321 402 353
462 321 403 354
464 321 406 354
466 321 408 355
467 321 425 347
437 323 395 352
446 323 389 349
456 323 397 352
457 323 398 353
461 323 401 354
462 323 403 355
464 323 404 356
467 323 425 349
479 323 428 352
481 323 438 347
441 324 398 355
461 324 401 356
462 324 402 357
464 324 404 358
467 324 424 351
439 328 399 357
459 328 417 353
472 331 417 359
