462 284 460 286
464 284 462 286
466 284 464 286
467 284 466 286
469 284 467 286
471 284 469 286
472 284 471 286
474 284 472 286
462 286 460 288
464 286 462 288
466 286 464 288
467 286 466 288
469 286 467 288
471 286 469 288
472 286 471 288
474 286 472 288
476 286 474 288
461 287 458 289
462 287 460 290
464 287 462 290
466 287 464 290
467 287 465 290
469 287 467 290
471 287 469 290
472 287 471 290
474 287 472 290
476 287 474 290
459 289 456 290
461 289 458 291
462 289 460 291
464 289 462 292
466 289 464 292
467 289 465 292
469 289 467 292
471 289 469 292
472 289 471 292
474 289 473 292
476 289 475 292
459 291 456 292
461 291 458 293
462 291 460 293
464 291 462 293
466 291 464 293
467 291 465 294
469 291 467 294
471 291 469 294
472 291 470 294
474 291 472 293
476 291 474 293
457 292 455 294
459 292 456 294
461 292 458 294
462 292 460 295
464 292 462 295
466 292 464 295
467 292 466 295
469 292 467 295
471 292 469 295
472 292 470 295
474 292 472 295
476 292 474 295
478 292 476 295
422 294 420 296
430 294 427 296
432 294 429 296
434 294 432 296
436 294 433 296
437 294 435 296
457 294 455 296
459 294 457 296
462 294 460 296
464 294 462 296
466 294 464 296
467 294 466 297
469 294 467 297
471 294 469 297
472 294 471 297
474 294 472 296
476 294 474 296
478 294 476 297
479 294 477 296
481 294 480 295
422 296 420 298
424 296 422 298
425 296 423 298
434 296 431 298
436 296 433 298
437 296 435 298
439 296 437 298
457 296 455 298
459 296 457 298
461 296 459 298
464 296 462 298
466 296 464 298
467 296 466 298
469 296 467 299
471 296 469 299
472 296 471 299
474 296 472 298
476 296 474 298
478 296 476 298
481 296 480 297
483 296 481 298
422 298 420 300
424 298 421 300
425 298 423 300
427 298 425 300
429 298 427 300
437 298 435 300
439 298 437 300
444 298 441 300
446 298 443 299
456 298 453 300
457 298 455 300
459 298 457 300
462 298 460 300
464 298 462 300
466 298 464 300
467 298 465 300
469 298 467 300
471 298 469 300
472 298 471 300
474 298 473 300
476 298 474 300
478 298 476 300
481 298 479 300
422 299 420 301
424 299 421 301
425 299 423 301
427 299 425 301
429 299 427 302
430 299 428 302
439 299 436 301
441 299 438 301
442 299 439 301
444 299 441 301
446 299 443 301
447 299 444 301
449 299 447 301
451 299 449 301
454 299 451 301
456 299 453 301
457 299 455 301
459 299 456 301
462 299 460 301
464 299 462 301
466 299 464 302
467 299 465 302
469 299 467 302
471 299 469 302
472 299 471 302
474 299 473 302
476 299 474 302
478 299 476 302
479 299 478 302
481 299 480 302
483 299 481 302
422 301 420 303
424 301 421 303
425 301 423 303
427 301 425 303
429 301 427 304
430 301 428 304
432 301 430 304
436 301 433 303
439 301 436 303
441 301 438 303
442 301 439 303
444 301 441 303
446 301 443 303
447 301 444 303
451 301 449 303
452 301 450 303
456 301 453 303
457 301 455 303
459 301 457 303
461 301 458 304
462 301 460 303
464 301 462 303
466 301 464 303
467 301 465 303
469 301 467 303
471 301 469 304
472 301 471 304
474 301 472 304
476 301 474 304
478 301 476 304
479 301 478 304
481 301 480 304
483 301 481 304
422 303 420 305
424 303 421 305
425 303 423 305
427 303 425 305
429 303 427 305
430 303 428 305
432 303 430 305
434 303 432 305
437 303 434 305
441 303 438 305
442 303 439 305
444 303 441 305
446 303 443 304
447 303 444 304
449 303 446 304
451 303 448 304
454 303 451 305
456 303 453 305
457 303 455 305
459 303 456 305
461 303 458 305
462 303 460 305
464 303 462 305
466 303 464 305
467 303 465 305
469 303 467 305
471 303 469 306
472 303 471 306
474 303 472 305
476 303 474 306
478 303 476 305
479 303 478 305
481 303 480 305
483 303 481 305
422 304 420 306
424 304 422 306
425 304 423 307
427 304 425 307
429 304 427 307
430 304 428 307
432 304 430 307
436 304 433 307
437 304 435 306
439 304 437 306
442 304 439 306
444 304 441 306
446 304 443 306
447 304 444 306
449 304 446 306
451 304 448 306
452 304 449 306
454 304 451 306
456 304 453 306
457 304 455 307
459 304 456 307
462 304 460 307
464 304 462 307
466 304 464 307
467 304 466 307
469 304 467 307
471 304 469 307
472 304 471 307
474 304 472 307
476 304 474 307
478 304 476 307
479 304 478 307
422 306 420 309
424 306 422 308
425 306 423 309
427 306 425 309
429 306 427 309
430 306 428 309
432 306 430 309
434 306 432 309
436 306 433 309
437 306 435 308
439 306 437 308
442 306 439 308
444 306 441 308
446 306 443 308
447 306 444 308
449 306 446 308
451 306 448 308
452 306 449 308
454 306 451 308
456 306 453 308
457 306 455 308
459 306 456 309
461 306 458 309
462 306 460 308
464 306 462 308
466 306 464 309
467 306 465 309
469 306 467 308
471 306 469 308
472 306 471 309
474 306 472 309
476 306 474 309
478 306 476 308
422 308 420 310
424 308 422 310
425 308 423 310
427 308 425 310
429 308 426 310
432 308 430 310
434 308 432 310
436 308 433 310
437 308 435 310
439 308 437 310
442 308 439 310
444 308 441 310
446 308 443 310
447 308 444 310
449 308 446 310
451 308 448 310
452 308 450 310
454 308 451 310
456 308 453 310
457 308 455 310
459 308 456 310
461 308 458 310
462 308 460 310
464 308 462 310
466 308 464 310
467 308 466 310
469 308 467 310
471 308 469 310
472 308 470 310
474 308 472 311
476 308 474 310
478 308 476 310
479 308 478 308
481 308 481 308
422 309 420 313
424 309 422 312
427 309 425 312
430 309 427 312
432 309 429 312
434 309 432 311
436 309 433 311
439 309 436 311
441 309 438 311
442 309 440 311
444 309 442 312
447 309 444 311
449 309 446 311
451 309 448 311
452 309 449 311
454 309 451 311
456 309 453 311
457 309 455 312
459 309 457 311
461 309 458 312
462 309 460 312
464 309 462 312
466 309 464 312
467 309 465 312
469 309 467 312
471 309 469 312
472 309 471 312
474 309 472 312
476 309 474 312
478 309 478 310
479 309 479 310
481 309 481 309
425 311 422 313
427 311 425 313
430 311 427 313
432 311 429 313
434 311 432 313
437 311 434 313
439 311 436 313
441 311 438 313
442 311 440 313
444 311 442 314
447 311 444 313
449 311 446 313
451 311 448 313
452 311 450 313
454 311 451 313
456 311 453 313
457 311 455 313
459 311 457 313
461 311 458 313
462 311 460 314
464 311 462 314
466 311 464 314
467 311 465 314
469 311 467 314
471 311 469 314
472 311 471 314
474 311 473 313
478 311 478 312
479 311 479 311
481 311 481 311
425 313 423 315
427 313 425 315
429 313 427 315
430 313 428 315
432 313 430 315
434 313 432 315
436 313 433 315
437 313 435 315
441 313 438 315
442 313 440 315
444 313 442 315
446 313 443 315
449 313 447 315
452 313 450 315
454 313 451 315
456 313 453 315
457 313 455 315
459 313 456 315
461 313 458 315
462 313 460 315
464 313 462 315
466 313 464 315
467 313 465 315
469 313 467 315
471 313 469 315
472 313 471 315
474 313 471 317
478 313 478 313
479 313 479 313
425 314 423 317
427 314 425 317
429 314 427 317
430 314 428 317
432 314 430 317
434 314 432 317
436 314 433 317
437 314 435 317
439 314 437 317
441 314 438 317
442 314 440 317
444 314 442 317
446 314 443 317
447 314 445 317
449 314 447 317
452 314 450 317
454 314 451 316
456 314 453 317
457 314 455 317
459 314 456 317
461 314 458 317
462 314 460 317
464 314 462 317
466 314 464 317
467 314 465 317
469 314 467 317
474 314 473 315
476 314 475 315
478 314 478 315
479 314 479 315
481 314 481 314
429 316 427 319
430 316 428 319
432 316 430 319
434 316 432 319
436 316 433 319
437 316 435 319
439 316 437 319
441 316 438 319
442 316 440 319
444 316 442 319
446 316 443 319
447 316 445 319
451 316 448 319
452 316 450 319
454 316 452 319
457 316 455 318
459 316 456 318
461 316 458 318
462 316 460 319
464 316 462 319
466 316 464 319
467 316 465 319
469 316 467 319
471 316 469 319
478 316 478 316
479 316 479 316
429 318 427 320
430 318 429 320
432 318 430 320
434 318 432 320
436 318 433 321
437 318 435 321
439 318 437 321
441 318 439 321
442 318 440 321
444 318 442 321
446 318 444 320
447 318 445 320
449 318 447 320
451 318 449 321
452 318 450 321
454 318 452 321
456 318 454 321
459 318 456 320
462 318 460 321
464 318 462 321
467 318 465 321
476 318 476 318
478 318 478 318
432 319 430 322
434 319 432 322
436 319 434 322
437 319 435 322
439 319 437 322
441 319 438 322
442 319 440 322
444 319 442 322
446 319 444 322
447 319 445 322
449 319 447 322
452 319 450 322
454 319 452 322
456 319 454 322
457 319 455 322
461 319 458 322
462 319 460 322
464 319 462 322
466 319 463 322
467 319 465 322
476 319 476 320
432 321 431 324
434 321 432 324
436 321 433 324
437 321 435 324
439 321 437 324
441 321 439 324
442 321 440 324
444 321 442 324
446 321 444 324
447 321 445 324
449 321 447 324
451 321 449 324
452 321 450 324
454 321 452 324
456 321 454 324
457 321 455 324
459 321 457 324
462 321 460 324
464 321 462 324
466 321 464 324
467 321 465 324
471 321 470 320
434 323 432 326
436 323 433 326
437 323 435 326
439 323 437 326
441 323 439 326
442 323 440 326
444 323 442 326
446 323 444 326
447 323 445 326
449 323 447 326
451 323 449 326
452 323 450 326
454 323 452 326
456 323 454 326
457 323 455 326
461 323 458 325
462 323 460 325
464 323 462 325
467 323 466 326
472 323 473 323
479 323 478 324
481 323 480 324
434 324 432 327
436 324 434 327
437 324 435 327
439 324 437 327
441 324 438 327
442 324 440 327
444 324 442 327
446 324 444 327
447 324 445 327
451 324 448 327
452 324 450 327
454 324 451 327
456 324 453 327
457 324 455 327
461 324 458 327
462 324 460 327
464 324 461 327
466 324 463 327
478 324 476 326
437 326 434 329
439 326 437 329
441 326 439 329
442 326 440 329
444 326 442 329
446 326 444 329
447 326 445 329
451 326 448 329
452 326 450 329
454 326 451 329
457 326 455 329
459 326 457 329
464 326 462 329
466 326 464 329
471 326 470 326
472 326 471 326
474 326 473 326
439 328 438 331
444 328 440 330
446 328 444 331
451 328 447 331
452 328 449 331
454 328 451 331
456 328 454 331
457 328 456 331
459 328 457 331
461 328 459 331
462 328 460 331
464 328 462 331
472 328 472 328
474 328 474 327
476 328 476 327
449 329 444 332
451 329 446 333
452 329 447 332
454 329 449 332
456 329 454 333
457 329 456 332
459 329 457 332
461 329 459 332
462 329 461 333
466 329 463 333
469 329 466 332
471 329 468 332
457 331 451 334
459 331 457 334
461 331 459 334
462 331 460 334
464 331 462 334
466 331 464 334
469 331 466 334
471 331 468 334
472 331 469 334
474 331 471 334
