462 284 410 313
464 284 419 313
471 284 427 313
476 284 432 313
464 286 422 317
476 286 430 314
478 286 432 315
466 287 421 323
469 287 426 317
476 287 429 316
478 287 431 317
464 289 419 325
466 289 420 325
464 291 418 326
466 291 419 327
479 291 433 321
481 291 435 322
457 292 409 325
464 292 417 328
472 292 426 330
432 294 418 313
437 294 393 324
457 294 409 327
459 294 410 323
461 294 413 328
462 294 414 329
464 294 417 329
471 294 423 331
472 294 425 331
476 294 429 331
456 296 406 324
459 296 411 325
462 296 414 330
467 296 418 332
471 296 423 333
474 296 426 333
483 296 433 325
459 298 409 331
461 298 411 332
462 298 413 332
464 298 414 332
466 298 416 333
467 298 417 334
469 298 419 333
471 298 421 334
472 298 423 334
474 298 425 335
442 299 391 328
446 299 395 327
447 299 396 328
449 299 399 328
454 299 402 328
456 299 405 332
457 299 406 332
459 299 408 332
461 299 410 333
462 299 412 333
464 299 414 334
469 299 419 335
471 299 421 335
472 299 422 336
474 299 424 336
476 299 426 337
436 301 403 332
439 301 387 328
441 301 389 329
442 301 390 330
444 301 392 330
446 301 395 329
447 301 396 329
449 301 398 330
451 301 399 330
454 301 402 330
457 301 406 334
459 301 408 334
461 301 409 335
462 301 411 335
464 301 413 335
466 301 414 335
467 301 416 336
469 301 418 336
472 301 422 338
474 301 423 338
476 301 425 339
481 301 430 339
422 303 381 326
441 303 388 331
442 303 390 332
444 303 392 332
449 303 397 332
451 303 398 333
457 303 405 335
459 303 407 336
461 303 408 337
462 303 410 337
464 303 412 337
466 303 414 338
467 303 416 338
469 303 417 338
471 303 419 339
472 303 420 339
474 303 422 340
476 303 424 340
481 303 429 341
446 304 393 332
447 304 395 333
449 304 396 333
451 304 397 334
452 304 399 335
454 304 401 336
457 304 419 328
461 304 407 338
462 304 409 338
464 304 411 338
466 304 413 339
467 304 415 339
469 304 417 340
471 304 419 340
472 304 420 341
474 304 421 341
442 306 391 333
447 306 394 334
449 306 396 335
451 306 397 336
452 306 398 337
454 306 400 337
456 306 402 338
457 306 404 338
459 306 405 339
461 306 407 340
462 306 408 340
464 306 410 340
467 306 414 341
469 306 416 341
471 306 418 342
472 306 420 342
474 306 421 343
422 308 381 330
447 308 394 336
449 308 395 336
451 308 396 337
452 308 398 339
454 308 400 339
456 308 401 339
461 308 406 341
462 308 408 342
464 308 410 342
466 308 412 342
467 308 413 342
469 308 415 343
471 308 417 344
472 308 419 344
474 308 420 344
422 309 381 331
454 309 399 340
457 309 402 342
461 309 419 336
462 309 407 343
466 309 411 343
467 309 413 344
469 309 414 344
471 309 416 345
472 309 418 346
442 311 388 335
452 311 396 339
454 311 398 339
461 311 405 344
466 311 410 345
467 311 412 345
471 311 433 338
472 311 417 347
452 313 395 341
454 313 397 341
456 313 399 342
457 313 400 343
464 313 408 346
466 313 410 347
467 313 411 347
469 313 413 348
444 314 404 343
446 314 406 342
454 314 397 343
456 314 398 344
457 314 400 344
459 314 401 344
462 314 405 347
464 314 407 348
469 314 426 341
471 314 415 348
451 316 410 344
454 316 396 345
456 316 398 346
457 316 399 346
459 316 400 347
464 316 406 350
467 316 423 342
469 316 425 343
471 316 414 351
444 318 403 346
446 318 405 346
447 318 407 346
451 318 393 345
454 318 395 347
456 318 397 347
457 318 398 348
459 318 400 349
461 318 402 349
462 318 403 351
466 318 407 351
467 318 409 352
469 318 410 352
471 318 412 353
430 319 390 346
452 319 393 347
454 319 395 348
456 319 396 349
457 319 398 350
459 319 400 350
461 319 401 351
466 319 406 353
467 319 422 345
469 319 424 346
439 321 395 350
452 321 392 349
457 321 397 351
459 321 399 352
461 321 400 353
462 321 402 354
464 321 404 354
466 321 406 354
439 323 395 352
447 323 404 352
464 323 403 355
451 324 408 353
436 326 392 350
452 326 409 354
459 331 401 355
466 331 410 355
472 331 414 355
474 331 416 355
