426 306 418 301
411 308 391 297
418 308 408 301
420 308 410 301
435 308 428 307
426 310 415 305
422 311 415 325
413 313 385 305
411 315 383 306
426 315 416 327
427 315 417 327
437 315 424 326
444 315 433 322
424 317 414 329
426 317 416 329
427 317 417 329
435 317 422 327
438 317 424 328
406 319 378 303
424 319 414 330
426 319 415 331
435 319 422 329
438 319 424 329
440 319 425 329
442 319 427 329
407 320 376 305
416 320 389 308
424 320 413 332
426 320 412 316
427 320 414 316
429 320 401 325
435 320 420 316
438 320 423 331
444 320 429 331
411 322 386 308
447 322 432 328
409 324 383 310
411 324 385 310
416 324 404 320
427 324 414 334
442 324 427 334
446 324 430 329
447 324 431 330
382 326 373 317
406 326 397 338
413 326 387 311
415 326 402 321
422 326 410 321
424 326 411 337
426 326 412 336
427 326 413 336
442 326 424 335
382 328 373 319
384 328 375 322
387 328 379 324
398 328 377 324
406 328 397 340
409 328 381 313
411 328 382 314
422 328 409 323
437 328 419 336
438 328 421 336
382 330 373 320
426 330 411 326
438 330 420 338
449 330 427 336
413 331 384 320
415 331 387 323
429 331 413 324
435 331 417 339
437 331 418 340
447 331 425 338
449 331 427 338
384 333 373 324
409 333 380 320
411 333 382 321
413 333 383 322
435 333 416 341
442 333 421 339
444 333 422 339
447 333 424 340
411 335 382 323
413 335 383 323
416 335 389 331
438 335 418 342
442 335 420 341
444 335 422 341
447 335 424 341
451 335 427 340
413 337 383 325
424 337 407 345
437 337 416 343
442 337 420 343
446 337 422 343
386 339 373 311
387 339 372 312
433 339 413 345
437 339 415 345
440 339 407 337
387 340 372 314
389 340 374 315
422 340 405 348
391 342 375 317
411 342 379 326
413 342 381 327
415 342 382 327
422 342 404 349
426 342 406 334
431 342 411 334
391 344 374 319
424 344 404 336
426 344 406 336
449 344 418 347
391 346 374 334
393 346 376 335
415 346 398 350
418 346 383 329
424 346 403 338
395 348 377 336
398 348 381 337
400 348 383 337
404 350 385 340
415 351 383 339
422 351 392 343
