411 306 408 310
413 306 411 309
415 306 413 309
416 306 415 309
418 306 416 309
420 306 418 309
422 306 420 309
424 306 422 309
426 306 424 309
427 306 425 309
429 306 427 309
431 306 429 309
433 306 431 309
435 306 433 309
437 306 434 309
438 306 437 309
411 308 409 311
413 308 411 311
415 308 413 311
416 308 415 311
418 308 416 311
420 308 418 311
422 308 420 311
426 308 424 311
427 308 425 311
429 308 427 311
431 308 429 311
433 308 431 311
435 308 433 311
437 308 434 311
438 308 435 311
440 308 439 312
391 310 390 313
393 310 391 313
398 310 397 313
409 310 407 313
411 310 409 313
413 310 411 313
415 310 413 313
416 310 414 312
418 310 416 312
420 310 418 313
422 310 420 313
424 310 422 312
426 310 424 313
427 310 425 313
429 310 427 313
431 310 429 313
433 310 431 313
435 310 433 313
437 310 434 313
395 311 393 314
398 311 396 314
409 311 407 315
411 311 409 314
413 311 411 315
415 311 413 315
416 311 414 315
418 311 416 315
420 311 418 315
422 311 420 315
424 311 422 315
426 311 424 314
427 311 425 315
429 311 427 314
431 311 429 314
433 311 431 314
435 311 432 314
437 311 434 314
438 311 437 316
440 311 438 316
393 313 392 315
396 313 395 317
409 313 407 316
411 313 409 316
413 313 411 316
415 313 413 316
416 313 415 316
418 313 416 317
420 313 418 317
422 313 420 317
424 313 422 317
426 313 423 317
427 313 425 316
429 313 427 316
431 313 429 316
433 313 430 316
435 313 432 316
437 313 434 316
438 313 436 317
440 313 438 317
393 315 391 318
395 315 393 318
398 315 396 318
409 315 407 318
413 315 411 318
415 315 413 318
416 315 415 318
418 315 416 318
420 315 418 319
424 315 422 319
426 315 423 318
427 315 425 318
429 315 427 318
431 315 429 318
433 315 431 318
435 315 432 318
437 315 434 318
438 315 436 319
440 315 438 319
442 315 440 319
444 315 441 315
393 317 391 320
395 317 393 320
396 317 395 320
398 317 396 320
409 317 407 320
411 317 409 320
413 317 411 320
415 317 413 320
416 317 414 320
418 317 416 320
420 317 418 320
422 317 420 321
424 317 422 320
426 317 424 320
427 317 425 320
429 317 427 320
435 317 432 320
437 317 434 320
440 317 438 321
386 319 384 321
387 319 385 321
389 319 387 322
391 319 389 322
393 319 391 322
395 319 393 322
396 319 395 322
398 319 396 322
400 319 398 321
407 319 405 322
409 319 407 322
411 319 409 322
413 319 411 322
415 319 413 322
416 319 414 322
418 319 416 322
420 319 418 322
422 319 420 322
424 319 422 322
426 319 423 322
427 319 425 322
429 319 427 322
431 319 429 321
433 319 430 321
435 319 432 322
437 319 434 322
382 320 380 322
386 320 383 322
389 320 387 324
391 320 389 323
395 320 393 323
396 320 394 323
398 320 396 324
400 320 398 324
402 320 399 323
404 320 401 323
406 320 404 323
407 320 406 324
409 320 407 324
411 320 409 324
413 320 411 324
415 320 413 324
416 320 414 324
418 320 416 324
420 320 418 324
422 320 420 324
424 320 421 324
426 320 423 324
427 320 425 324
429 320 427 324
431 320 429 324
435 320 432 324
438 320 436 324
440 320 437 323
442 320 439 323
382 322 380 323
386 322 384 324
391 322 389 325
393 322 391 325
395 322 393 325
396 322 394 325
398 322 396 325
400 322 398 325
402 322 400 325
404 322 402 325
407 322 405 325
409 322 407 326
411 322 409 326
413 322 411 326
415 322 413 326
416 322 414 325
418 322 416 325
420 322 418 325
422 322 419 326
424 322 421 326
426 322 423 326
427 322 425 325
429 322 427 325
431 322 429 325
433 322 430 325
437 322 434 325
440 322 437 325
442 322 439 325
382 324 380 325
384 324 382 326
386 324 384 326
387 324 385 326
389 324 387 327
393 324 391 327
395 324 393 327
396 324 394 327
398 324 396 327
400 324 398 327
402 324 400 327
404 324 402 327
406 324 404 328
407 324 405 328
409 324 407 328
411 324 409 327
413 324 411 327
415 324 413 327
416 324 414 327
420 324 417 327
422 324 419 327
424 324 421 327
426 324 423 327
427 324 425 327
429 324 427 327
431 324 428 327
433 324 430 327
435 324 432 327
437 324 434 327
438 324 435 327
440 324 437 327
442 324 439 327
444 324 441 328
446 324 443 328
447 324 443 325
382 326 380 327
384 326 382 327
386 326 384 328
387 326 385 328
391 326 389 328
393 326 391 329
395 326 393 329
396 326 394 329
398 326 396 329
400 326 398 329
402 326 400 329
404 326 402 329
406 326 403 330
409 326 407 329
411 326 409 329
413 326 411 329
415 326 412 329
416 326 414 329
418 326 416 329
420 326 418 329
422 326 419 329
424 326 421 329
426 326 423 329
427 326 425 329
429 326 426 329
431 326 428 329
433 326 430 329
435 326 432 329
437 326 434 329
438 326 435 329
440 326 437 329
442 326 439 329
444 326 441 329
446 326 443 329
447 326 443 326
449 326 444 326
382 328 380 329
384 328 382 329
386 328 384 329
387 328 385 329
389 328 387 330
396 328 394 331
398 328 396 331
400 328 398 331
402 328 400 331
404 328 402 331
406 328 404 331
407 328 405 331
409 328 407 331
411 328 409 331
413 328 410 331
415 328 412 331
416 328 414 331
418 328 416 331
420 328 418 331
422 328 420 331
424 328 421 331
426 328 423 332
427 328 425 332
429 328 426 331
431 328 428 331
433 328 430 331
435 328 432 331
437 328 434 331
438 328 435 331
440 328 437 331
442 328 439 331
449 328 444 328
382 330 380 330
384 330 382 331
386 330 384 331
387 330 385 331
389 330 387 331
391 330 389 331
393 330 391 332
395 330 393 332
398 330 396 332
400 330 398 333
402 330 400 333
404 330 402 333
406 330 404 333
407 330 405 333
409 330 407 333
411 330 408 333
413 330 410 333
415 330 412 333
416 330 414 333
418 330 416 333
420 330 418 333
422 330 419 333
424 330 421 333
426 330 423 333
427 330 425 333
429 330 426 333
431 330 428 333
433 330 430 333
435 330 432 333
437 330 434 333
438 330 435 333
440 330 437 332
442 330 439 332
444 330 441 332
446 330 443 332
447 330 444 333
449 330 446 333
451 330 446 330
382 331 380 332
384 331 382 332
386 331 384 333
387 331 385 333
389 331 387 333
391 331 389 333
393 331 391 333
395 331 393 333
396 331 394 333
398 331 396 334
400 331 398 334
402 331 399 334
404 331 401 334
406 331 403 335
407 331 405 335
409 331 407 335
411 331 408 335
413 331 410 335
415 331 412 334
416 331 414 334
418 331 416 335
420 331 417 335
422 331 419 334
424 331 421 334
426 331 423 335
427 331 424 334
429 331 426 334
431 331 428 334
433 331 430 334
435 331 432 334
437 331 433 334
438 331 435 334
440 331 437 334
442 331 439 334
444 331 441 334
447 331 444 334
449 331 446 334
382 333 380 334
384 333 382 334
386 333 383 334
387 333 385 334
389 333 387 335
391 333 389 335
393 333 391 335
395 333 393 335
396 333 394 335
398 333 396 336
400 333 398 336
402 333 399 336
404 333 401 336
406 333 403 337
407 333 405 337
409 333 407 337
411 333 408 337
413 333 410 336
415 333 412 336
416 333 414 336
418 333 416 336
420 333 417 336
422 333 419 336
424 333 421 336
426 333 423 336
427 333 424 336
429 333 426 336
431 333 428 336
433 333 430 336
435 333 432 336
437 333 433 336
438 333 435 336
440 333 437 336
442 333 439 336
444 333 441 336
446 333 442 336
447 333 444 336
449 333 446 336
386 335 382 336
387 335 385 336
389 335 387 336
391 335 389 336
393 335 391 337
395 335 393 337
400 335 398 338
402 335 399 338
404 335 401 338
406 335 403 338
407 335 405 338
409 335 407 338
411 335 408 338
413 335 410 338
415 335 412 338
416 335 414 338
418 335 416 338
420 335 417 338
422 335 419 338
424 335 421 338
426 335 423 338
427 335 424 338
429 335 426 338
431 335 428 338
433 335 430 338
435 335 432 338
437 335 433 338
438 335 435 338
440 335 437 338
442 335 439 338
444 335 441 338
446 335 442 338
447 335 444 338
449 335 446 338
386 337 382 338
387 337 385 338
389 337 387 338
391 337 389 338
393 337 390 338
395 337 392 339
396 337 394 339
398 337 396 339
400 337 398 339
402 337 399 340
404 337 401 340
406 337 403 340
407 337 405 340
409 337 407 340
411 337 408 340
413 337 410 340
415 337 412 340
416 337 414 340
418 337 415 340
420 337 417 340
422 337 419 340
424 337 421 340
426 337 423 340
427 337 424 340
429 337 426 340
431 337 428 340
433 337 430 340
435 337 432 340
437 337 433 340
438 337 435 340
442 337 439 339
444 337 440 340
446 337 442 340
447 337 444 340
449 337 446 340
386 339 382 340
387 339 385 340
389 339 387 340
391 339 389 340
393 339 390 340
395 339 392 340
396 339 394 341
398 339 396 341
402 339 399 341
404 339 401 341
406 339 403 341
407 339 405 341
409 339 407 342
411 339 408 342
413 339 410 342
415 339 412 342
416 339 414 342
418 339 415 342
420 339 417 342
422 339 419 342
424 339 421 342
426 339 423 342
427 339 424 342
429 339 426 342
431 339 428 342
433 339 430 342
435 339 432 342
437 339 433 342
440 339 438 341
442 339 439 341
446 339 442 341
447 339 444 341
449 339 446 341
386 340 383 342
387 340 385 342
389 340 387 341
391 340 388 341
393 340 390 341
395 340 392 342
396 340 394 342
398 340 396 342
400 340 397 342
402 340 399 343
404 340 401 343
406 340 403 343
407 340 404 343
409 340 406 343
411 340 408 343
413 340 410 343
415 340 412 343
416 340 413 343
418 340 415 344
420 340 417 344
422 340 419 343
424 340 421 343
426 340 423 343
427 340 424 344
429 340 426 343
431 340 428 344
433 340 430 344
435 340 432 343
438 340 435 343
440 340 437 343
442 340 439 343
386 342 382 342
387 342 385 343
389 342 387 343
391 342 388 343
393 342 390 343
395 342 392 344
396 342 394 344
398 342 395 344
400 342 397 344
402 342 399 345
404 342 401 345
406 342 403 345
407 342 404 345
409 342 406 345
411 342 408 345
413 342 410 345
415 342 412 345
416 342 414 345
418 342 415 345
420 342 417 345
422 342 419 345
424 342 421 345
426 342 423 345
427 342 424 345
429 342 426 345
431 342 428 345
433 342 430 345
437 342 433 345
438 342 435 345
391 344 388 345
393 344 391 345
395 344 392 345
396 344 393 345
398 344 395 345
400 344 397 346
404 344 401 346
406 344 403 346
407 344 404 347
409 344 406 347
411 344 408 347
413 344 410 347
415 344 412 347
416 344 413 347
418 344 415 347
420 344 417 347
422 344 419 347
424 344 421 347
426 344 423 347
427 344 424 347
429 344 426 347
431 344 428 347
433 344 430 347
437 344 433 346
438 344 435 346
391 346 387 347
393 346 390 347
395 346 392 347
396 346 393 347
398 346 395 347
400 346 397 348
402 346 399 348
404 346 401 348
406 346 403 348
407 346 404 348
409 346 406 348
411 346 408 349
413 346 410 349
415 346 412 349
416 346 414 349
418 346 415 349
420 346 417 349
422 346 419 349
424 346 421 349
426 346 422 349
427 346 424 349
429 346 426 349
431 346 428 349
437 346 436 346
393 348 390 349
395 348 392 349
396 348 393 349
398 348 395 349
400 348 397 349
402 348 399 350
404 348 401 350
406 348 403 350
407 348 404 350
409 348 406 350
411 348 408 350
413 348 410 351
415 348 412 351
416 348 414 351
418 348 415 351
420 348 417 351
422 348 419 351
424 348 421 351
426 348 423 351
427 348 424 351
435 348 435 348
437 348 437 348
393 350 390 351
395 350 392 351
396 350 394 351
398 350 395 351
400 350 397 351
402 350 399 351
404 350 401 352
406 350 403 352
407 350 404 352
409 350 406 352
411 350 408 352
413 350 410 352
415 350 412 353
416 350 413 353
418 350 415 353
420 350 417 353
422 350 419 353
424 350 420 352
426 350 423 352
433 350 433 350
435 350 435 350
437 350 437 350
393 351 390 352
395 351 392 352
396 351 393 352
406 351 402 354
409 351 406 354
411 351 408 354
413 351 410 354
415 351 412 354
416 351 413 354
418 351 415 354
420 351 417 354
422 351 419 354
424 351 420 354
395 353 392 354
418 353 415 356
420 353 417 356
393 355 390 356
395 357 392 358
