411 306 408 311
413 306 411 312
415 306 413 312
416 306 415 311
418 306 416 312
420 306 418 312
422 306 420 312
424 306 422 312
426 306 423 312
427 306 425 311
429 306 427 311
433 306 430 311
435 306 431 311
411 308 409 313
413 308 411 314
415 308 413 314
416 308 414 314
418 308 416 313
420 308 418 313
422 308 419 313
424 308 421 314
426 308 423 314
429 308 426 314
433 308 430 313
435 308 432 313
437 308 433 313
438 308 436 313
391 310 390 316
409 310 407 315
411 310 409 315
413 310 411 315
415 310 413 315
416 310 414 315
418 310 416 315
420 310 417 315
422 310 419 315
424 310 421 316
427 310 424 316
433 310 430 315
435 310 431 315
437 310 433 315
438 310 435 314
387 311 385 316
391 311 390 317
393 311 391 317
395 311 393 317
396 311 394 317
398 311 396 317
411 311 408 317
413 311 410 317
415 311 412 317
416 311 414 317
420 311 417 317
422 311 419 317
424 311 421 317
427 311 424 317
429 311 426 317
431 311 428 317
433 311 429 317
435 311 431 317
437 311 433 317
438 311 434 317
391 313 389 319
395 313 393 318
396 313 395 319
398 313 396 319
413 313 410 319
415 313 412 319
416 313 413 319
418 313 415 319
420 313 417 319
422 313 419 319
424 313 421 319
427 313 424 319
429 313 425 319
431 313 427 319
433 313 429 319
435 313 431 319
437 313 433 319
438 313 434 319
391 315 389 320
393 315 391 320
395 315 393 320
396 315 394 321
398 315 396 321
409 315 406 320
411 315 408 321
413 315 410 321
415 315 412 321
416 315 413 321
420 315 417 320
422 315 419 321
424 315 421 321
427 315 424 321
429 315 425 321
431 315 427 321
433 315 428 321
435 315 431 321
437 315 433 320
438 315 434 321
440 315 436 321
395 317 393 322
396 317 394 323
398 317 396 323
409 317 406 322
411 317 408 322
413 317 410 323
415 317 412 323
416 317 413 323
418 317 415 323
420 317 417 323
422 317 419 323
426 317 422 323
427 317 424 323
429 317 425 323
433 317 429 323
435 317 430 323
437 317 433 322
438 317 434 322
440 317 436 322
382 319 379 319
396 319 394 324
398 319 396 325
407 319 404 324
409 319 406 324
411 319 408 325
415 319 411 324
416 319 413 324
418 319 415 324
424 319 420 324
426 319 421 325
427 319 423 324
433 319 428 324
435 319 430 325
437 319 433 324
438 319 434 324
440 319 436 324
384 320 381 321
404 320 400 324
406 320 402 325
407 320 404 326
409 320 406 326
411 320 408 326
413 320 410 326
415 320 411 326
416 320 413 326
418 320 415 326
424 320 420 326
426 320 421 326
427 320 423 326
429 320 425 326
431 320 426 326
433 320 428 326
435 320 429 326
437 320 432 326
438 320 434 326
440 320 435 326
442 320 437 327
444 320 439 326
391 322 389 327
393 322 391 326
395 322 392 326
400 322 397 328
402 322 399 327
406 322 403 328
407 322 404 328
409 322 406 328
411 322 408 328
413 322 409 328
415 322 411 328
416 322 413 328
418 322 415 328
420 322 416 328
424 322 419 328
426 322 421 328
427 322 423 328
429 322 425 328
431 322 427 328
433 322 428 328
435 322 430 328
437 322 431 328
438 322 433 327
440 322 435 328
442 322 437 329
382 324 379 324
386 324 382 324
387 324 383 324
389 324 387 328
395 324 392 327
396 324 393 328
398 324 395 329
400 324 397 330
402 324 399 330
404 324 400 328
406 324 403 331
407 324 404 330
409 324 406 330
411 324 407 330
416 324 413 330
418 324 415 330
422 324 417 330
424 324 419 330
426 324 421 330
427 324 423 330
429 324 424 330
431 324 426 330
433 324 428 330
435 324 430 330
438 324 433 329
440 324 435 329
444 324 438 329
382 326 379 325
386 326 382 326
387 326 383 325
389 326 386 329
391 326 388 329
393 326 390 329
395 326 391 329
396 326 393 329
398 326 395 330
400 326 397 332
402 326 399 332
404 326 401 332
407 326 403 331
411 326 407 332
416 326 413 331
418 326 415 331
422 326 417 332
424 326 419 332
426 326 421 332
427 326 423 331
429 326 424 331
431 326 426 331
433 326 428 331
437 326 431 331
438 326 433 331
440 326 435 331
442 326 436 331
382 328 379 327
386 328 382 328
387 328 383 327
393 328 390 330
395 328 391 331
396 328 393 331
398 328 395 331
402 328 398 333
404 328 400 333
406 328 402 333
407 328 403 333
409 328 405 334
415 328 410 333
416 328 413 333
420 328 415 334
422 328 417 334
424 328 419 334
426 328 421 333
427 328 422 333
429 328 424 333
431 328 426 333
433 328 428 333
435 328 430 333
437 328 431 333
438 328 433 333
440 328 434 333
442 328 436 333
384 330 380 329
386 330 382 329
387 330 383 330
391 330 387 331
396 330 393 332
398 330 395 333
400 330 396 334
406 330 402 335
407 330 403 335
411 330 406 336
416 330 413 335
420 330 415 336
422 330 417 335
424 330 419 335
426 330 421 335
427 330 422 335
429 330 424 335
431 330 426 335
433 330 428 335
435 330 429 335
437 330 431 335
438 330 433 335
440 330 434 335
442 330 436 335
384 331 380 330
386 331 381 331
387 331 383 331
389 331 385 331
393 331 389 333
395 331 390 334
398 331 395 335
400 331 396 335
404 331 399 336
407 331 403 337
411 331 406 337
413 331 408 337
415 331 411 336
418 331 413 337
420 331 415 337
422 331 417 337
424 331 419 337
426 331 421 337
427 331 422 337
429 331 424 337
431 331 425 337
433 331 427 337
435 331 429 337
437 331 430 337
438 331 432 337
440 331 434 337
442 331 436 337
384 333 379 332
386 333 381 332
387 333 383 333
389 333 385 333
395 333 390 335
400 333 396 337
404 333 399 337
406 333 401 337
407 333 402 337
415 333 410 339
416 333 412 339
418 333 413 339
420 333 415 339
422 333 417 339
424 333 419 339
426 333 420 339
427 333 422 339
429 333 423 338
431 333 425 338
433 333 427 338
435 333 429 339
437 333 430 338
438 333 432 338
440 333 434 338
442 333 436 338
384 335 378 335
386 335 379 334
387 335 382 335
389 335 384 335
393 335 388 336
395 335 390 337
396 335 392 337
398 335 395 338
400 335 396 339
402 335 398 339
406 335 401 339
407 335 402 339
409 335 404 340
411 335 406 340
413 335 408 340
415 335 410 340
416 335 412 340
418 335 413 340
420 335 415 341
422 335 417 341
424 335 418 340
426 335 420 340
427 335 421 340
429 335 423 340
431 335 425 340
433 335 427 340
435 335 429 340
437 335 430 340
438 335 432 340
440 335 434 340
442 335 436 340
387 337 382 336
389 337 384 336
391 337 386 337
393 337 388 338
395 337 390 339
396 337 392 339
400 337 396 340
404 337 399 341
406 337 401 341
407 337 402 341
409 337 404 341
411 337 406 342
413 337 408 342
415 337 410 342
416 337 411 342
418 337 413 342
420 337 415 342
422 337 416 342
424 337 418 342
426 337 420 342
427 337 421 342
429 337 423 342
431 337 425 342
433 337 427 342
435 337 428 342
437 337 430 342
438 337 432 342
386 339 380 338
387 339 382 338
389 339 384 338
391 339 386 339
395 339 390 340
396 339 392 341
398 339 393 341
400 339 395 341
402 339 397 342
404 339 399 342
406 339 401 343
407 339 402 343
409 339 404 343
411 339 406 343
413 339 408 344
415 339 410 344
416 339 411 344
418 339 413 344
420 339 414 344
422 339 416 344
424 339 418 344
426 339 420 344
427 339 421 344
429 339 423 344
431 339 425 344
433 339 427 344
437 339 430 344
438 339 432 344
386 340 381 340
387 340 382 340
389 340 384 340
391 340 386 340
393 340 388 341
396 340 391 342
398 340 393 343
400 340 395 343
404 340 399 344
406 340 400 344
407 340 402 345
409 340 404 345
411 340 405 345
413 340 407 345
415 340 409 345
416 340 411 345
418 340 413 346
420 340 414 346
422 340 416 346
424 340 418 346
426 340 420 346
427 340 421 346
429 340 423 346
431 340 424 346
435 340 429 345
437 340 430 345
387 342 382 341
389 342 384 342
391 342 386 342
393 342 388 342
395 342 389 343
396 342 391 344
398 342 393 345
400 342 395 344
402 342 397 345
406 342 400 346
407 342 402 346
409 342 403 346
411 342 405 347
413 342 407 347
415 342 409 347
416 342 411 347
418 342 412 347
420 342 414 347
422 342 416 347
424 342 418 347
426 342 419 347
435 342 429 347
391 344 386 344
393 344 388 344
395 344 389 344
398 344 393 346
400 344 395 346
402 344 396 346
404 344 398 347
407 344 401 348
409 344 403 348
411 344 405 349
413 344 407 349
415 344 409 349
416 344 410 349
418 344 412 349
420 344 414 349
422 344 416 349
391 346 385 346
393 346 387 346
395 346 389 345
396 346 390 346
400 346 394 347
402 346 396 348
404 346 398 348
406 346 400 349
407 346 401 349
409 346 403 350
411 346 405 350
413 346 407 351
415 346 409 351
416 346 410 351
418 346 412 351
420 346 414 351
393 348 387 347
395 348 389 347
396 348 390 348
398 348 392 348
400 348 394 349
402 348 396 350
404 348 398 350
406 348 400 351
409 348 403 352
411 348 405 352
413 348 407 353
415 348 408 353
416 348 410 353
418 348 412 353
393 350 387 349
395 350 389 349
396 350 390 349
398 350 392 350
402 350 396 351
404 350 398 352
406 350 400 352
407 350 401 352
411 350 405 354
413 350 407 354
415 350 408 354
416 350 410 355
418 350 412 355
393 351 387 350
395 351 388 351
396 351 390 351
400 351 394 352
402 351 396 353
404 351 397 353
406 351 399 354
407 351 401 354
409 351 403 354
