413 306 410 316
415 306 412 315
416 306 414 316
418 306 416 316
420 306 418 316
422 306 419 316
426 306 422 315
427 306 423 315
429 306 425 316
431 306 426 315
435 306 429 313
437 306 431 313
438 306 434 313
411 308 409 318
413 308 411 318
416 308 414 317
418 308 415 318
420 308 417 318
422 308 419 318
426 308 421 317
427 308 423 317
429 308 424 317
431 308 426 317
435 308 429 316
437 308 430 317
438 308 432 317
409 310 407 320
411 310 409 320
413 310 410 320
420 310 417 319
422 310 418 320
427 310 423 319
429 310 424 319
431 310 426 319
435 310 429 319
437 310 430 319
438 310 432 319
398 311 396 321
409 311 407 322
411 311 408 322
413 311 410 322
418 311 414 321
422 311 418 321
426 311 420 321
427 311 422 321
429 311 424 321
431 311 425 321
435 311 428 321
437 311 430 321
438 311 431 320
393 313 391 322
395 313 393 322
396 313 395 322
409 313 406 323
411 313 408 323
413 313 409 323
416 313 412 323
418 313 414 323
420 313 416 323
422 313 417 323
426 313 420 323
427 313 422 322
429 313 423 322
431 313 425 322
435 313 428 322
437 313 429 322
393 315 391 324
395 315 393 324
396 315 394 324
409 315 406 325
411 315 407 325
413 315 409 325
416 315 412 325
418 315 413 325
420 315 415 325
426 315 420 324
427 315 421 324
429 315 423 324
435 315 427 324
398 317 396 326
409 317 405 327
411 317 407 327
416 317 412 327
418 317 413 327
420 317 415 327
424 317 418 326
426 317 419 326
427 317 421 326
429 317 422 326
435 317 426 326
398 319 396 329
407 319 403 328
409 319 405 328
411 319 407 329
415 319 410 328
416 319 411 328
418 319 413 329
420 319 414 328
424 319 417 328
426 319 419 328
427 319 420 328
429 319 422 328
435 319 426 328
402 320 398 329
404 320 400 327
406 320 401 329
407 320 403 330
409 320 404 330
415 320 409 330
416 320 411 330
418 320 413 330
420 320 414 330
424 320 417 329
426 320 418 329
427 320 420 329
431 320 422 330
433 320 424 329
435 320 425 329
395 322 392 329
404 322 399 329
407 322 402 331
409 322 404 332
411 322 406 332
415 322 409 331
416 322 411 331
418 322 412 331
424 322 416 331
426 322 417 331
429 322 420 331
433 322 424 331
435 322 425 331
396 324 394 332
398 324 395 332
402 324 397 331
404 324 399 331
406 324 400 332
407 324 402 333
409 324 404 333
415 324 408 333
416 324 410 333
418 324 412 333
424 324 416 333
426 324 417 333
429 324 420 333
431 324 422 332
433 324 423 332
435 324 425 332
406 326 400 335
407 326 402 335
411 326 405 335
413 326 406 336
415 326 408 335
418 326 410 335
420 326 411 335
424 326 415 335
426 326 417 335
431 326 421 334
433 326 423 334
435 326 424 334
400 328 394 334
404 328 398 335
406 328 400 337
407 328 401 337
415 328 407 336
418 328 410 337
420 328 411 337
422 328 413 336
424 328 415 337
426 328 416 336
429 328 419 336
431 328 421 335
433 328 422 336
435 328 424 336
387 330 381 327
402 330 396 336
407 330 401 339
411 330 404 338
413 330 405 338
415 330 407 338
418 330 409 339
422 330 413 338
424 330 415 338
426 330 416 338
429 330 419 337
431 330 420 337
433 330 422 337
435 330 424 337
438 330 426 337
440 330 428 337
395 331 388 333
396 331 389 333
406 331 398 337
411 331 403 340
413 331 405 340
415 331 407 339
420 331 411 340
422 331 412 340
424 331 414 339
426 331 415 340
429 331 418 339
431 331 420 339
433 331 422 339
438 331 426 339
440 331 427 339
386 333 379 329
387 333 380 329
396 333 389 335
404 333 396 338
406 333 398 338
407 333 400 339
409 333 401 341
411 333 403 341
413 333 404 342
415 333 406 341
420 333 410 341
422 333 412 341
424 333 414 341
426 333 415 341
429 333 418 340
431 333 419 340
433 333 421 341
437 333 424 340
438 333 425 340
440 333 427 340
386 335 378 331
396 335 388 336
398 335 390 337
404 335 396 340
406 335 397 340
407 335 399 341
411 335 403 343
413 335 404 343
416 335 407 343
418 335 409 343
422 335 412 343
424 335 413 343
429 335 417 342
431 335 419 342
437 335 423 342
438 335 425 342
440 335 426 342
444 335 429 342
404 337 395 342
406 337 397 342
407 337 399 342
409 337 400 343
415 337 405 344
416 337 407 345
420 337 409 345
422 337 411 345
427 337 415 344
429 337 417 344
435 337 421 344
437 337 423 344
438 337 425 344
444 337 429 343
396 339 387 339
404 339 395 343
406 339 396 343
407 339 398 344
409 339 400 345
411 339 401 345
413 339 403 346
415 339 405 346
418 339 408 346
420 339 409 346
422 339 411 346
426 339 413 346
427 339 415 346
429 339 416 345
433 339 419 345
435 339 421 346
437 339 423 345
438 339 424 345
440 339 426 345
442 339 428 345
446 339 430 345
389 340 379 334
391 340 381 336
393 340 383 336
396 340 387 341
409 340 399 346
411 340 401 347
416 340 406 347
418 340 407 348
420 340 409 348
426 340 413 347
427 340 415 347
429 340 416 348
433 340 419 347
435 340 421 347
437 340 422 347
438 340 424 347
447 340 430 347
391 342 381 337
393 342 383 337
395 342 384 339
396 342 386 340
400 342 390 343
404 342 394 345
406 342 395 346
411 342 401 349
416 342 405 349
418 342 407 349
420 342 408 349
422 342 410 349
429 342 416 349
431 342 418 348
435 342 420 349
437 342 422 349
391 344 380 339
393 344 382 339
395 344 384 340
396 344 385 341
402 344 391 344
404 344 393 347
406 344 395 347
409 344 398 348
411 344 400 350
416 344 405 351
418 344 406 351
391 346 381 343
393 346 381 341
396 346 385 343
402 346 390 346
404 346 392 347
409 346 397 349
411 346 399 350
415 346 403 353
416 346 404 352
418 346 406 353
420 346 408 352
422 346 409 352
395 348 383 343
400 348 388 346
406 348 394 349
407 348 395 350
413 348 401 352
415 348 402 354
416 348 404 354
420 348 407 354
422 348 409 354
400 350 388 348
402 350 390 349
404 350 391 349
407 350 395 351
409 350 397 352
411 350 398 352
413 350 400 354
416 350 404 356
418 350 405 356
420 350 407 356
422 350 409 356
402 351 389 350
404 351 391 350
418 351 405 357
420 351 407 357
418 353 404 359
420 353 406 359
