411 306 409 315
413 306 411 314
415 306 412 314
416 306 414 314
420 306 416 314
422 306 419 317
424 306 421 317
427 306 423 317
429 306 424 317
431 306 426 317
433 306 427 314
435 306 429 314
438 306 432 314
440 306 434 314
413 308 411 320
415 308 413 320
416 308 414 317
418 308 415 318
420 308 417 319
422 308 419 319
424 308 420 319
427 308 422 319
429 308 424 319
431 308 425 318
437 308 429 318
409 310 406 321
411 310 409 321
413 310 410 322
415 310 412 322
416 310 413 319
418 310 415 319
420 310 416 320
422 310 418 321
424 310 419 321
427 310 422 320
429 310 423 320
431 310 425 320
435 310 427 320
437 310 429 320
438 310 431 317
411 311 408 323
413 311 410 323
418 311 414 322
420 311 416 321
422 311 417 322
424 311 419 322
427 311 421 321
429 311 423 322
431 311 424 322
435 311 427 322
437 311 428 321
438 311 430 322
396 313 393 326
409 313 406 324
411 313 408 325
413 313 409 325
416 313 412 324
418 313 413 324
420 313 415 323
422 313 417 324
426 313 419 324
427 313 421 324
429 313 423 323
431 313 424 323
433 313 425 323
438 313 429 323
391 315 390 325
409 315 406 326
411 315 407 326
413 315 409 326
416 315 412 326
418 315 413 326
420 315 414 324
422 315 416 325
426 315 419 325
427 315 420 325
429 315 422 325
431 315 423 325
435 315 426 325
437 315 428 325
438 315 429 325
389 317 388 326
391 317 390 327
393 317 391 327
396 317 395 326
398 317 397 327
409 317 405 328
411 317 407 328
413 317 408 328
416 317 411 328
418 317 413 328
420 317 414 328
424 317 417 327
426 317 419 327
427 317 420 327
429 317 421 327
431 317 423 327
437 317 427 326
438 317 428 326
391 319 389 328
393 319 391 328
395 319 393 328
409 319 405 330
411 319 406 330
413 319 408 329
416 319 411 329
418 319 412 329
420 319 414 329
422 319 415 328
426 319 418 329
427 319 419 329
433 319 423 328
435 319 425 328
437 319 426 328
438 319 428 328
440 319 429 328
387 320 385 330
389 320 386 331
391 320 389 330
393 320 391 330
395 320 393 329
402 320 398 328
404 320 400 329
406 320 401 328
409 320 405 331
416 320 410 331
418 320 412 331
420 320 413 331
422 320 415 330
426 320 417 330
431 320 421 330
433 320 423 330
435 320 424 329
437 320 426 329
438 320 427 330
440 320 429 330
387 322 384 332
389 322 386 332
395 322 393 331
396 322 394 330
402 322 398 331
404 322 399 331
406 322 401 331
409 322 404 333
411 322 405 333
413 322 407 333
416 322 410 332
418 322 412 332
420 322 413 332
422 322 414 332
426 322 416 332
429 322 419 331
431 322 421 331
433 322 422 331
435 322 424 331
437 322 425 331
442 322 431 330
389 324 384 325
391 324 386 325
396 324 394 333
402 324 397 332
404 324 399 333
406 324 400 333
407 324 402 334
409 324 403 334
411 324 405 334
413 324 407 334
418 324 411 334
424 324 414 333
426 324 416 334
429 324 419 333
431 324 420 333
433 324 422 333
435 324 423 333
440 324 427 333
444 324 430 332
389 326 384 327
400 326 395 333
402 326 396 334
404 326 398 334
406 326 400 335
407 326 401 336
409 326 403 336
411 326 405 336
416 326 409 336
422 326 412 335
424 326 414 335
426 326 415 335
427 326 417 335
431 326 420 335
435 326 423 334
437 326 424 334
440 326 427 334
442 326 428 333
447 326 434 333
449 326 436 333
400 328 394 334
402 328 396 335
404 328 398 336
406 328 399 336
407 328 401 337
416 328 408 337
420 328 410 337
422 328 412 337
424 328 414 337
426 328 415 337
429 328 418 336
431 328 419 336
433 328 421 336
435 328 422 336
438 328 425 336
447 328 432 335
449 328 433 335
406 330 399 338
407 330 400 339
415 330 406 339
416 330 408 339
420 330 410 339
422 330 412 339
424 330 413 339
426 330 414 339
429 330 417 337
431 330 418 337
433 330 420 337
435 330 422 337
438 330 424 337
440 330 426 337
442 330 427 337
446 330 430 336
447 330 431 336
449 330 433 336
407 331 400 340
409 331 401 340
411 331 404 339
413 331 404 341
415 331 405 340
416 331 407 340
420 331 409 340
424 331 413 340
426 331 414 340
429 331 417 339
431 331 418 339
433 331 420 339
437 331 422 339
438 331 424 339
440 331 425 338
442 331 427 338
446 331 429 338
447 331 431 338
449 331 432 338
404 333 395 339
406 333 397 339
409 333 401 342
413 333 403 342
415 333 405 342
416 333 406 342
422 333 411 341
424 333 412 342
426 333 413 342
429 333 416 340
431 333 417 340
433 333 419 340
437 333 422 340
440 333 424 340
446 333 429 339
447 333 430 339
449 333 432 340
407 335 399 339
415 335 405 343
416 335 406 343
418 335 408 343
422 335 410 343
424 335 411 343
429 335 416 342
433 335 419 342
437 335 421 342
438 335 423 341
440 335 424 341
446 335 428 341
447 335 430 341
406 337 396 342
407 337 398 341
409 337 399 342
413 337 402 345
415 337 404 345
416 337 406 345
422 337 409 345
424 337 411 344
427 337 414 344
429 337 415 344
431 337 417 343
435 337 419 343
437 337 420 344
438 337 423 343
440 337 424 343
446 337 428 342
447 337 430 342
402 339 409 342
407 339 397 344
409 339 399 343
415 339 404 347
416 339 405 347
420 339 408 346
422 339 409 346
427 339 413 346
429 339 414 345
431 339 416 345
435 339 419 345
437 339 420 345
438 339 422 344
440 339 424 344
442 339 426 344
446 339 428 344
447 339 429 344
398 340 388 340
409 340 399 345
413 340 401 345
415 340 403 348
420 340 407 348
422 340 409 348
426 340 411 347
427 340 413 347
429 340 414 347
435 340 418 347
437 340 420 347
438 340 421 347
444 340 427 345
451 340 431 345
389 342 385 339
404 342 392 345
406 342 394 345
407 342 396 346
409 342 397 346
411 342 399 346
413 342 401 347
415 342 402 348
418 342 405 349
420 342 407 349
422 342 408 349
426 342 411 349
427 342 412 349
429 342 414 349
431 342 415 348
435 342 418 348
437 342 420 349
446 342 428 346
451 342 437 339
391 344 386 341
393 344 388 342
406 344 393 347
407 344 395 348
409 344 397 348
411 344 399 348
413 344 400 349
415 344 402 350
416 344 403 350
418 344 405 351
420 344 406 351
422 344 408 350
427 344 412 350
429 344 414 350
431 344 416 350
437 344 419 352
449 344 428 348
391 346 385 343
409 346 396 349
411 346 398 350
415 346 401 352
416 346 402 352
418 346 404 352
420 346 406 352
422 346 407 352
424 346 409 351
427 346 412 352
409 348 396 351
411 348 398 352
415 348 400 354
416 348 402 354
418 348 403 354
420 348 405 354
422 348 407 354
424 348 409 353
426 348 411 353
437 348 426 347
418 350 403 355
437 350 426 349
396 351 395 352
426 357 416 355
