422 311 415 325
426 315 416 327
427 315 417 327
424 317 414 329
426 317 416 329
427 317 417 329
424 319 414 330
426 319 415 331
424 320 413 332
427 324 414 334
382 326 373 317
406 326 397 338
424 326 411 337
426 326 412 336
427 326 413 336
382 328 373 319
384 328 375 322
387 328 379 324
406 328 397 340
437 328 419 336
438 328 421 336
382 330 373 320
438 330 420 338
435 331 417 339
437 331 418 340
384 333 373 324
435 333 416 341
442 333 421 339
438 335 418 342
424 337 407 345
437 337 416 343
433 339 413 345
422 340 405 348
422 342 404 349
391 346 374 334
393 346 376 335
415 346 398 350
395 348 377 336
398 348 381 337
