413 306 411 314
416 306 413 312
418 306 416 314
420 306 418 314
422 306 419 312
424 306 421 314
426 306 422 313
427 306 424 314
429 306 426 314
431 306 427 314
433 306 428 312
435 306 430 312
437 306 432 312
440 306 436 312
411 308 409 315
415 308 412 316
418 308 415 314
420 308 417 316
424 308 420 316
426 308 422 316
427 308 424 316
429 308 425 316
431 308 427 316
433 308 429 316
435 308 431 316
437 308 431 314
438 308 433 314
411 310 409 318
413 310 410 317
415 310 412 317
416 310 413 318
418 310 414 315
420 310 416 315
424 310 420 318
426 310 422 318
427 310 423 317
429 310 425 318
431 310 427 318
433 310 428 318
438 310 433 316
440 310 434 316
409 311 406 319
411 311 408 319
413 311 410 320
415 311 412 319
420 311 416 318
422 311 418 319
424 311 420 319
426 311 422 320
427 311 423 319
429 311 425 319
431 311 426 319
433 311 428 319
438 311 432 318
440 311 434 318
393 313 391 320
395 313 393 320
398 313 396 321
415 313 412 321
416 313 413 321
420 313 416 320
422 313 418 321
424 313 420 321
426 313 421 321
427 313 423 321
429 313 424 321
431 313 426 321
433 313 428 321
437 313 431 321
438 313 432 320
440 313 434 320
391 315 389 321
393 315 391 322
395 315 393 322
396 315 394 322
398 315 396 323
409 315 406 322
411 315 408 323
413 315 409 323
415 315 411 323
416 315 413 323
420 315 415 322
422 315 417 323
424 315 419 323
426 315 421 323
427 315 422 323
429 315 424 323
431 315 426 323
433 315 427 323
438 315 432 322
440 315 433 322
442 315 435 323
444 315 437 323
393 317 391 323
395 317 393 324
396 317 394 324
398 317 396 324
409 317 405 324
411 317 408 325
413 317 409 325
415 317 411 325
416 317 412 325
418 317 414 325
422 317 417 324
424 317 419 325
426 317 420 325
427 317 422 325
429 317 424 325
431 317 425 325
438 317 432 325
440 317 433 324
442 317 435 325
444 317 437 325
391 319 389 325
395 319 393 325
396 319 394 325
398 319 396 326
407 319 404 325
409 319 405 326
411 319 407 326
413 319 409 327
415 319 410 327
416 319 412 327
420 319 415 326
422 319 417 326
424 319 419 327
427 319 422 327
429 319 423 327
431 319 425 326
435 319 428 326
437 319 429 327
438 319 431 327
440 319 433 327
442 319 435 327
391 320 389 327
395 320 392 327
398 320 395 327
402 320 398 326
404 320 400 326
406 320 401 327
407 320 403 328
409 320 405 328
411 320 407 328
413 320 408 328
415 320 410 328
416 320 412 328
420 320 415 328
422 320 417 328
424 320 418 329
426 320 420 328
427 320 421 328
429 320 423 328
433 320 426 328
435 320 428 328
437 320 429 328
438 320 431 328
384 322 379 321
396 322 394 328
402 322 398 328
404 322 399 328
406 322 401 328
409 322 405 330
411 322 406 330
413 322 408 330
415 322 410 330
416 322 411 330
420 322 414 330
422 322 416 330
424 322 417 330
426 322 419 330
427 322 421 330
431 322 424 330
433 322 426 330
435 322 427 330
437 322 429 330
438 322 431 330
391 324 388 330
395 324 392 329
396 324 394 329
402 324 397 330
404 324 399 330
407 324 402 331
409 324 404 332
411 324 406 332
413 324 408 332
415 324 409 332
418 324 412 332
420 324 414 332
422 324 416 332
426 324 419 331
427 324 421 332
431 324 424 332
433 324 425 332
435 324 427 331
438 324 430 332
442 324 434 333
384 326 379 324
387 326 383 325
395 326 389 329
400 326 395 332
402 326 397 332
404 326 399 332
406 326 400 332
407 326 402 333
411 326 406 334
413 326 407 334
415 326 409 334
418 326 412 334
420 326 413 334
422 326 415 334
424 326 417 333
426 326 419 333
427 326 420 333
431 326 423 333
433 326 425 333
435 326 427 333
437 326 429 333
440 326 432 333
384 328 379 325
386 328 380 325
395 328 389 331
398 328 393 333
402 328 397 334
404 328 399 334
406 328 400 334
407 328 402 335
409 328 404 335
411 328 406 335
415 328 408 335
416 328 410 335
418 328 412 335
420 328 414 335
422 328 415 336
424 328 417 335
426 328 418 335
429 328 422 335
431 328 423 335
433 328 425 335
435 328 426 335
437 328 428 335
438 328 430 335
440 328 431 335
384 330 379 327
386 330 380 327
389 330 384 329
391 330 385 329
393 330 388 332
395 330 389 332
396 330 391 333
400 330 395 335
404 330 398 336
406 330 400 337
407 330 402 337
409 330 403 337
413 330 406 337
416 330 410 337
418 330 412 337
420 330 413 337
422 330 415 338
424 330 417 337
427 330 419 337
429 330 421 337
431 330 423 337
433 330 424 337
437 330 428 337
438 330 429 337
386 331 380 329
387 331 381 329
409 331 403 339
411 331 405 339
416 331 410 338
418 331 411 339
420 331 413 339
424 331 416 338
429 331 421 338
431 331 422 338
433 331 424 338
435 331 426 338
437 331 427 339
438 331 429 339
386 333 380 331
387 333 382 331
389 333 383 331
404 333 396 338
406 333 399 337
407 333 401 338
409 333 403 340
411 333 404 341
415 333 408 340
416 333 409 340
418 333 411 340
422 333 414 340
424 333 416 340
426 333 417 340
427 333 418 339
431 333 422 340
433 333 424 340
435 333 425 340
437 333 427 340
440 333 430 340
442 333 432 340
389 335 382 333
391 335 385 336
395 335 387 336
396 335 389 336
398 335 391 337
400 335 394 339
402 335 395 339
406 335 398 340
409 335 403 342
413 335 406 342
415 335 407 342
416 335 409 342
420 335 412 342
422 335 414 342
424 335 416 342
427 335 418 342
429 335 420 341
435 335 425 342
437 335 427 342
440 335 430 342
442 335 431 342
444 335 433 341
396 337 390 338
400 337 394 340
402 337 395 341
404 337 397 341
407 337 400 342
409 337 401 342
415 337 407 344
416 337 409 344
418 337 410 344
420 337 412 344
422 337 413 344
424 337 415 344
427 337 418 344
429 337 419 343
431 337 421 343
433 337 423 344
435 337 425 344
438 337 428 344
440 337 429 343
442 337 431 343
444 337 433 343
389 339 381 335
398 339 391 340
400 339 392 341
402 339 395 343
406 339 398 343
407 339 399 343
409 339 401 344
411 339 403 344
413 339 405 344
418 339 410 345
420 339 411 346
422 339 413 346
424 339 415 346
427 339 418 345
429 339 419 345
431 339 421 345
433 339 423 345
435 339 425 345
438 339 428 345
440 339 429 345
442 339 431 345
391 340 383 338
393 340 385 338
395 340 387 340
398 340 390 342
400 340 392 342
402 340 394 343
406 340 398 344
407 340 399 345
409 340 401 346
411 340 403 346
413 340 405 346
415 340 406 347
416 340 408 347
418 340 409 347
420 340 411 347
422 340 413 347
424 340 415 347
427 340 417 347
429 340 419 347
431 340 421 347
391 342 383 339
393 342 385 340
395 342 386 341
400 342 392 344
402 342 394 344
404 342 395 345
407 342 399 347
409 342 401 347
411 342 403 348
413 342 404 348
415 342 406 348
416 342 408 349
418 342 409 349
420 342 411 349
422 342 413 349
424 342 414 349
393 344 384 341
396 344 387 343
398 344 389 344
402 344 393 346
404 344 395 346
406 344 397 347
409 344 400 348
411 344 402 349
413 344 404 350
415 344 406 350
416 344 407 351
418 344 409 351
420 344 411 350
422 344 412 350
393 346 384 343
395 346 386 344
398 346 389 346
400 346 391 346
402 346 393 347
404 346 395 348
406 346 396 348
407 346 398 349
411 346 402 351
413 346 404 352
415 346 405 352
416 346 407 352
418 346 408 352
420 346 410 352
422 346 412 352
393 348 384 345
395 348 385 345
396 348 387 345
398 348 389 347
400 348 391 348
406 348 396 350
407 348 398 350
409 348 399 351
413 348 403 354
415 348 405 354
416 348 407 354
418 348 408 354
400 350 390 349
402 350 392 350
404 350 394 350
406 350 396 352
407 350 397 352
409 350 399 353
411 350 401 353
400 351 390 351
402 351 392 351
404 351 394 352
407 351 397 354
