411 306 409 308
413 306 411 308
415 306 414 308
416 306 416 308
418 306 417 308
420 306 419 308
424 306 423 307
426 306 425 308
427 306 426 308
429 306 428 307
431 306 430 308
433 306 432 308
435 306 434 308
411 308 409 309
413 308 412 309
415 308 414 309
420 308 419 309
422 308 421 309
426 308 425 309
427 308 426 309
429 308 428 309
431 308 430 309
433 308 432 309
435 308 434 309
438 308 437 310
440 308 440 311
382 310 380 311
386 310 384 311
391 310 390 311
393 310 392 311
395 310 394 311
398 310 397 311
409 310 408 311
411 310 410 311
413 310 412 311
415 310 414 311
418 310 417 310
422 310 421 311
424 310 423 311
426 310 425 311
427 310 426 311
429 310 428 311
431 310 430 311
433 310 432 311
435 310 434 311
438 310 437 311
393 311 392 313
398 311 397 313
409 311 408 313
411 311 410 313
413 311 412 313
415 311 414 313
416 311 415 313
418 311 417 313
420 311 419 313
422 311 421 313
424 311 423 313
426 311 425 313
427 311 426 313
429 311 428 313
431 311 430 313
433 311 432 313
435 311 434 313
382 313 380 314
391 313 390 315
395 313 394 315
398 313 397 315
409 313 408 314
411 313 410 314
415 313 414 315
416 313 416 315
420 313 419 315
422 313 421 315
424 313 423 315
426 313 425 315
427 313 426 315
429 313 428 315
431 313 430 315
433 313 432 315
435 313 434 315
437 313 435 315
438 313 437 315
382 315 381 316
386 315 385 316
389 315 388 316
391 315 390 316
393 315 392 316
395 315 394 316
396 315 396 317
398 315 397 317
409 315 408 316
411 315 410 316
413 315 412 316
415 315 414 316
416 315 416 316
418 315 417 317
422 315 421 316
424 315 423 317
426 315 425 317
427 315 426 316
429 315 428 316
431 315 430 316
433 315 432 316
435 315 434 316
437 315 435 316
438 315 437 317
440 315 439 317
442 315 441 317
382 317 381 318
391 317 390 318
393 317 392 318
395 317 394 318
396 317 395 318
398 317 397 318
409 317 408 318
411 317 410 318
413 317 412 318
415 317 414 318
416 317 416 318
420 317 419 318
422 317 421 318
424 317 423 318
426 317 425 318
427 317 427 318
429 317 428 318
431 317 430 319
433 317 432 318
435 317 434 318
437 317 436 318
438 317 437 318
440 317 439 319
442 317 441 319
382 319 381 320
384 319 383 320
387 319 386 320
389 319 388 320
391 319 390 320
395 319 394 320
396 319 396 320
398 319 397 320
407 319 406 320
409 319 408 320
413 319 412 320
415 319 413 320
416 319 416 320
420 319 419 320
424 319 423 320
427 319 426 320
429 319 428 320
431 319 430 320
433 319 432 320
435 319 434 320
437 319 436 320
438 319 437 320
440 319 439 320
444 319 443 321
382 320 381 321
384 320 383 321
386 320 385 322
387 320 386 322
389 320 388 322
391 320 390 322
395 320 394 322
396 320 396 322
398 320 397 322
400 320 399 322
402 320 401 322
404 320 403 322
406 320 404 322
409 320 408 322
411 320 410 322
413 320 412 322
415 320 414 322
416 320 416 322
420 320 419 322
422 320 421 322
426 320 424 322
427 320 426 322
429 320 428 322
431 320 430 322
433 320 432 322
435 320 434 322
437 320 435 322
438 320 437 322
440 320 439 322
442 320 441 322
444 320 443 322
382 322 381 323
384 322 383 323
386 322 385 323
387 322 386 323
389 322 388 323
391 322 390 324
393 322 392 323
395 322 394 323
396 322 395 323
398 322 397 324
400 322 399 324
402 322 401 324
404 322 403 324
407 322 406 324
409 322 408 324
411 322 410 324
413 322 412 323
415 322 413 324
416 322 416 323
418 322 418 323
420 322 419 323
422 322 421 323
424 322 423 324
426 322 424 324
427 322 426 324
429 322 428 323
431 322 430 323
433 322 432 323
435 322 434 323
437 322 435 323
438 322 437 323
440 322 439 324
442 322 441 324
447 322 445 322
382 324 381 325
384 324 383 325
386 324 385 325
387 324 386 325
389 324 388 325
391 324 390 325
393 324 392 325
395 324 394 325
396 324 395 325
400 324 399 326
402 324 401 326
404 324 403 326
407 324 406 326
409 324 408 326
413 324 412 325
415 324 413 326
416 324 416 325
418 324 418 325
420 324 420 325
422 324 421 325
424 324 423 326
427 324 426 326
429 324 428 325
431 324 430 325
433 324 432 326
435 324 434 325
437 324 435 325
438 324 437 326
440 324 439 326
442 324 441 326
444 324 443 326
447 324 445 324
382 326 381 327
384 326 383 327
386 326 384 327
389 326 388 327
391 326 390 327
393 326 392 327
395 326 394 327
396 326 395 327
398 326 397 327
402 326 401 327
406 326 404 327
409 326 408 327
415 326 413 328
416 326 416 327
418 326 418 327
420 326 420 327
422 326 421 327
424 326 423 327
427 326 426 327
429 326 428 327
431 326 430 327
433 326 432 327
435 326 434 327
437 326 435 327
438 326 437 327
440 326 439 328
442 326 441 328
447 326 445 327
449 326 447 326
382 328 381 329
384 328 383 329
386 328 384 329
387 328 386 329
389 328 388 329
391 328 390 329
393 328 392 329
395 328 394 329
396 328 395 329
398 328 397 329
400 328 399 329
406 328 404 329
411 328 410 329
413 328 411 329
415 328 413 330
416 328 415 329
418 328 418 329
422 328 421 329
424 328 423 329
427 328 426 329
429 328 428 329
431 328 430 329
433 328 432 329
435 328 434 329
437 328 435 329
438 328 437 329
440 328 439 329
442 328 441 329
444 328 442 329
446 328 444 329
449 328 447 329
451 328 448 328
382 330 381 330
384 330 383 331
386 330 385 330
387 330 386 331
389 330 388 331
391 330 390 331
393 330 392 331
395 330 394 331
396 330 395 331
398 330 397 331
400 330 399 331
402 330 401 331
404 330 403 331
406 330 404 331
407 330 406 331
409 330 408 331
413 330 411 331
415 330 413 331
420 330 418 331
422 330 421 331
424 330 423 331
427 330 426 331
429 330 427 331
431 330 430 331
433 330 432 331
435 330 434 331
437 330 435 331
438 330 437 331
440 330 439 331
442 330 441 331
444 330 443 331
451 330 448 329
382 331 381 332
384 331 383 332
386 331 385 332
387 331 386 332
389 331 388 332
391 331 390 333
393 331 392 332
395 331 394 332
396 331 395 332
398 331 397 332
400 331 399 332
402 331 401 332
404 331 403 333
406 331 404 333
407 331 406 333
409 331 408 333
413 331 411 333
415 331 413 333
418 331 417 333
420 331 418 333
422 331 420 333
424 331 422 333
426 331 424 333
427 331 426 332
429 331 428 333
431 331 430 333
433 331 432 333
435 331 434 333
437 331 435 333
438 331 437 333
440 331 439 333
442 331 441 333
444 331 443 333
447 331 446 333
451 331 449 332
384 333 383 334
386 333 384 334
387 333 386 334
389 333 388 334
391 333 390 334
393 333 392 334
395 333 394 334
396 333 395 334
398 333 397 334
400 333 399 334
402 333 401 334
404 333 403 335
406 333 404 334
407 333 406 335
409 333 408 335
411 333 409 335
415 333 413 335
416 333 415 334
418 333 417 335
420 333 419 335
422 333 420 335
424 333 422 335
427 333 425 334
431 333 430 335
433 333 432 335
435 333 434 335
437 333 435 334
438 333 437 335
440 333 439 335
442 333 441 334
444 333 443 334
446 333 444 334
447 333 446 334
451 333 449 334
386 335 384 336
387 335 386 336
389 335 388 336
391 335 390 336
393 335 392 336
395 335 394 336
396 335 396 336
398 335 397 336
400 335 399 336
402 335 401 336
404 335 403 336
406 335 404 336
407 335 406 336
409 335 408 336
411 335 410 337
413 335 412 337
415 335 413 336
416 335 415 336
418 335 417 336
420 335 419 337
422 335 420 337
424 335 422 336
426 335 424 336
427 335 426 336
429 335 428 337
431 335 430 337
433 335 432 337
435 335 433 336
437 335 435 336
438 335 437 336
440 335 439 336
442 335 441 336
446 335 444 336
447 335 446 336
449 335 448 336
386 337 384 338
387 337 386 338
389 337 388 338
391 337 390 338
393 337 392 338
395 337 394 338
396 337 395 338
398 337 397 338
400 337 399 338
402 337 401 338
404 337 403 338
406 337 404 338
407 337 406 338
409 337 408 338
411 337 410 338
413 337 412 339
415 337 413 338
416 337 415 338
418 337 417 338
420 337 419 338
422 337 420 338
424 337 422 338
426 337 424 338
427 337 425 338
429 337 427 338
431 337 429 338
433 337 431 338
435 337 433 338
437 337 435 339
438 337 437 338
440 337 439 338
442 337 441 338
444 337 443 338
446 337 444 338
447 337 446 338
449 337 448 338
386 339 384 340
387 339 386 340
389 339 388 340
391 339 390 340
393 339 392 340
395 339 394 340
396 339 395 340
398 339 397 340
400 339 399 340
402 339 401 340
404 339 403 340
406 339 404 340
407 339 406 339
409 339 408 340
411 339 410 340
415 339 413 340
416 339 415 340
418 339 417 340
422 339 420 340
424 339 422 340
426 339 424 340
427 339 426 340
429 339 427 340
431 339 429 340
433 339 431 340
435 339 433 340
437 339 435 340
438 339 437 340
440 339 439 340
442 339 441 340
444 339 443 340
446 339 445 340
447 339 447 340
451 339 448 340
387 340 386 342
389 340 388 342
391 340 390 342
393 340 392 342
395 340 394 342
396 340 395 342
398 340 397 342
400 340 399 342
402 340 401 342
404 340 403 342
406 340 404 342
407 340 406 342
409 340 408 342
411 340 410 342
413 340 411 342
415 340 413 342
416 340 415 341
418 340 417 342
420 340 419 342
422 340 420 342
424 340 422 342
426 340 424 342
427 340 426 342
429 340 427 342
431 340 429 341
433 340 431 341
435 340 434 342
437 340 435 342
438 340 437 341
440 340 439 341
442 340 441 342
444 340 443 342
446 340 445 342
447 340 447 342
451 340 449 341
387 342 386 343
391 342 390 343
393 342 392 343
395 342 394 343
396 342 395 343
398 342 397 344
400 342 399 343
402 342 401 344
404 342 403 344
406 342 404 343
407 342 406 344
409 342 408 344
411 342 410 344
413 342 411 344
415 342 413 344
416 342 415 344
418 342 417 343
420 342 419 343
422 342 420 343
424 342 422 343
426 342 424 343
431 342 429 344
433 342 432 344
435 342 434 343
437 342 435 343
438 342 437 343
440 342 439 343
442 342 441 344
447 342 447 343
451 342 448 343
391 344 390 345
393 344 392 345
395 344 394 345
396 344 395 345
398 344 397 345
400 344 399 345
402 344 401 345
404 344 403 345
406 344 404 345
407 344 406 345
409 344 408 346
411 344 410 345
413 344 411 345
415 344 413 345
416 344 415 345
418 344 417 345
420 344 419 345
422 344 421 345
424 344 422 345
426 344 425 345
427 344 426 345
431 344 430 345
433 344 432 345
435 344 434 345
437 344 436 345
438 344 438 345
440 344 439 345
391 346 390 347
393 346 392 347
395 346 394 347
396 346 395 347
398 346 397 347
400 346 399 347
402 346 401 347
404 346 403 347
406 346 404 347
407 346 406 347
409 346 408 347
411 346 410 347
413 346 411 347
415 346 413 347
416 346 415 347
418 346 417 347
420 346 419 347
422 346 421 347
424 346 422 347
426 346 425 347
429 346 428 347
433 346 431 347
437 346 436 346
438 346 438 346
440 346 440 346
442 346 443 346
393 348 392 349
395 348 394 349
396 348 395 349
398 348 397 349
400 348 399 349
402 348 401 349
404 348 403 349
406 348 404 349
407 348 406 349
409 348 408 349
411 348 410 349
413 348 411 349
415 348 413 349
418 348 417 349
420 348 419 349
422 348 421 349
424 348 423 349
426 348 425 349
427 348 426 349
431 348 429 349
393 350 392 351
396 350 396 351
398 350 397 351
400 350 399 351
402 350 401 351
404 350 403 351
406 350 404 351
407 350 406 351
409 350 408 351
411 350 410 351
415 350 413 351
416 350 415 351
418 350 417 351
420 350 419 351
422 350 421 351
424 350 423 351
426 350 425 351
427 350 427 351
393 351 392 352
395 351 393 352
396 351 395 352
398 351 397 352
400 351 399 353
406 351 404 352
407 351 406 352
409 351 408 352
411 351 410 352
413 351 412 353
415 351 413 353
416 351 415 353
418 351 417 353
420 351 419 353
422 351 421 353
424 351 423 352
426 351 425 352
427 351 427 352
429 351 429 352
396 353 395 354
398 353 397 354
400 353 399 354
404 353 402 354
409 353 408 354
411 353 410 354
413 353 412 354
415 353 413 354
416 353 415 354
418 353 417 354
420 353 419 354
422 353 420 354
393 355 391 356
395 355 393 356
396 355 395 356
398 355 397 356
400 355 399 356
402 355 400 356
404 355 402 356
415 355 413 356
416 355 415 356
429 355 427 356
393 357 391 358
395 357 393 358
396 357 395 358
398 357 397 358
400 357 399 358
416 357 414 360
418 357 416 359
420 357 420 359
422 357 422 358
424 357 424 358
426 357 426 357
395 359 393 360
396 359 395 360
407 359 405 361
409 359 407 361
411 359 409 361
413 359 411 361
415 359 412 361
