473 221 470 238
474 221 471 238
470 223 468 238
474 223 471 239
474 225 471 243
470 227 468 241
474 227 471 244
470 228 467 243
471 234 469 248
473 234 470 248
474 234 471 246
468 235 464 252
470 237 466 253
471 241 467 260
474 241 471 255
467 243 462 258
465 246 459 262
471 246 469 263
467 247 461 262
471 247 469 265
465 248 459 265
467 248 461 264
470 248 467 267
471 248 469 267
465 250 460 267
471 250 469 269
473 250 471 269
467 251 461 268
467 254 464 270
468 254 467 270
473 254 467 269
478 256 472 270
468 257 468 274
470 257 469 273
478 257 472 271
468 259 468 275
470 259 470 275
471 259 471 275
468 260 469 277
470 260 470 277
471 260 472 277
473 260 473 277
470 261 471 279
471 261 472 279
473 261 474 279
