474 221 466 247
474 223 466 249
474 224 466 251
470 225 460 252
471 227 461 254
473 227 463 253
474 227 466 254
471 228 462 255
473 228 464 255
468 235 454 271
470 235 456 271
473 237 465 257
470 240 458 266
474 240 466 260
474 241 466 262
473 243 465 264
471 246 464 269
465 247 454 270
470 248 462 274
471 248 464 273
464 250 454 273
471 250 464 275
465 254 460 278
467 254 462 278
465 256 460 280
467 256 462 279
468 256 464 279
477 256 467 277
467 257 463 281
477 257 467 278
470 259 467 283
473 259 470 281
468 260 467 286
470 260 468 286
471 260 469 285
473 260 471 284
474 260 473 285
470 261 469 288
471 261 470 288
473 261 472 287
474 261 473 287
473 263 473 289
