470 221 453 255
471 221 454 255
473 221 456 255
473 223 456 257
474 223 458 256
471 224 453 257
474 225 458 257
473 227 456 259
474 227 458 259
473 230 457 263
474 234 458 267
470 235 451 267
473 237 456 271
474 237 458 271
468 240 450 272
470 240 452 272
474 241 458 273
471 244 457 274
471 246 457 276
471 247 457 277
470 248 456 279
471 248 457 279
470 250 455 281
473 250 458 281
473 257 468 289
470 259 465 293
471 259 466 291
473 259 468 291
476 259 474 295
468 260 465 295
471 260 467 294
474 260 472 295
476 260 474 296
470 261 467 297
471 261 468 297
473 261 470 297
474 261 472 297
473 263 470 299
474 263 472 298
