471 225 471 227
473 225 472 228
474 225 474 228
474 228 474 230
473 230 472 232
471 231 471 233
473 231 472 234
471 233 471 235
474 233 474 234
471 234 471 236
473 234 472 236
474 234 474 236
471 235 471 238
473 235 472 238
473 237 472 240
465 244 465 247
464 246 464 248
465 246 465 248
467 246 467 248
468 246 468 248
470 246 469 249
464 247 464 250
467 247 467 250
468 247 468 250
470 247 469 250
464 248 464 251
468 248 468 251
470 248 469 252
464 250 464 252
470 250 469 253
471 250 471 253
464 251 464 254
468 251 468 253
470 251 470 254
471 251 471 254
468 253 468 255
471 253 471 255
476 256 474 258
477 256 476 258
476 257 476 260
478 257 479 260
476 260 476 263
477 260 477 263
478 260 479 262
477 263 478 264
478 263 478 265
