470 221 470 224
471 221 471 224
473 221 472 224
474 221 474 224
470 223 470 225
471 223 471 225
473 223 473 225
474 223 474 226
473 224 473 227
474 224 474 227
470 225 470 227
471 225 471 227
473 225 472 228
474 225 474 228
470 227 470 229
471 227 471 229
473 227 473 229
470 228 470 230
471 228 471 231
474 228 474 230
473 230 472 232
474 230 474 232
471 231 471 233
473 231 472 234
471 233 471 235
474 233 474 234
471 234 471 236
473 234 472 236
474 234 474 236
470 235 470 237
471 235 471 238
473 235 472 238
467 237 467 240
473 237 472 240
465 240 465 243
467 240 467 243
474 240 474 242
464 241 464 244
465 241 465 244
467 241 467 244
468 241 468 243
470 241 469 242
471 241 471 242
473 241 472 243
464 243 464 245
468 243 468 245
470 243 470 244
471 243 471 244
473 243 473 245
465 244 465 247
467 244 467 247
471 244 471 247
464 246 464 248
465 246 465 248
467 246 467 248
468 246 468 248
470 246 469 249
471 246 471 248
464 247 464 250
467 247 467 250
468 247 468 250
470 247 469 250
471 247 471 250
464 248 464 251
468 248 468 251
470 248 469 252
471 248 471 251
464 250 464 252
467 250 467 251
470 250 469 253
471 250 471 253
473 250 473 253
464 251 464 254
465 251 465 254
468 251 468 253
470 251 470 254
471 251 471 254
473 251 473 254
464 253 464 255
465 253 465 255
468 253 468 255
470 253 470 256
471 253 471 255
464 254 464 257
465 254 465 257
467 254 467 257
468 254 468 257
471 254 471 257
474 254 473 256
465 256 465 258
467 256 467 258
468 256 468 259
470 256 470 259
473 256 473 259
474 256 473 258
476 256 474 258
477 256 476 258
467 257 467 260
468 257 468 260
470 257 470 260
473 257 473 260
476 257 476 260
478 257 479 260
468 259 469 261
471 259 471 261
473 259 473 261
474 259 474 262
470 260 470 263
471 260 471 263
473 260 473 263
474 260 474 263
476 260 476 263
477 260 477 263
478 260 479 262
473 261 473 264
474 261 474 264
477 263 478 264
478 263 478 265
