473 223 472 228
474 223 473 228
471 224 471 229
473 224 472 229
474 224 473 229
470 225 470 230
471 225 471 231
473 225 472 231
474 225 473 231
470 227 470 232
471 227 470 232
473 227 472 232
474 227 474 232
471 228 471 234
474 228 474 235
471 230 470 235
474 230 474 236
474 231 474 238
468 235 467 241
470 235 469 241
467 237 466 242
468 237 467 242
470 237 469 242
470 238 469 244
467 240 466 245
468 240 467 245
470 240 469 245
471 240 471 241
465 241 465 246
467 241 466 246
468 241 467 247
470 241 469 247
471 241 471 247
467 243 466 248
468 243 467 248
470 243 469 248
473 243 473 247
464 244 463 249
468 244 467 250
464 246 463 251
468 246 467 251
464 247 463 252
465 247 464 252
471 247 471 252
464 248 463 254
465 248 464 254
464 250 464 255
464 251 464 256
468 251 466 256
470 251 468 256
474 251 472 255
464 253 464 258
467 253 465 258
468 253 466 257
470 253 469 257
473 253 471 257
474 253 472 257
464 254 464 259
467 254 465 259
468 254 468 260
470 254 469 259
473 254 471 258
474 254 472 258
465 256 465 261
467 256 467 261
468 256 468 261
470 256 470 261
471 256 471 261
473 256 473 261
474 256 473 260
476 256 474 260
478 256 476 260
467 257 467 263
468 257 469 263
470 257 470 263
471 257 471 263
473 257 473 263
478 257 477 262
468 259 469 264
470 259 470 264
471 259 472 264
473 259 473 264
474 259 474 264
476 259 476 264
470 260 470 266
471 260 472 266
473 260 474 266
474 260 475 266
478 260 477 264
478 261 477 266
