411 304 411 303
412 304 412 303
414 304 413 303
419 304 417 303
420 304 419 303
422 304 421 303
424 304 424 303
425 304 425 303
427 304 427 303
411 305 411 306
412 305 412 305
415 305 416 305
417 305 417 305
419 305 419 305
422 305 422 305
425 305 425 305
427 305 427 305
429 305 428 305
407 307 408 307
409 307 409 307
411 307 411 307
412 307 412 307
414 307 414 307
415 307 416 307
417 307 417 307
419 307 419 307
422 307 422 307
424 307 424 307
425 307 425 307
427 307 427 307
429 307 429 307
407 309 407 309
409 309 409 309
414 309 414 309
415 309 416 309
417 309 417 309
419 309 419 309
422 309 422 309
424 309 424 309
425 309 425 309
427 309 427 309
429 309 429 309
409 310 409 310
411 310 411 310
412 310 412 310
414 310 414 310
417 310 417 310
420 310 420 310
427 310 427 310
429 310 429 310
430 310 430 311
406 312 406 312
407 312 407 312
409 312 409 312
414 312 414 312
417 312 417 312
419 312 419 312
420 312 420 312
422 312 422 312
424 312 424 312
425 312 425 312
427 312 427 312
430 312 430 312
404 314 404 314
406 314 406 314
407 314 407 314
409 314 409 314
411 314 411 314
412 314 412 314
414 314 414 314
415 314 415 314
417 314 417 314
419 314 419 314
420 314 420 314
422 314 422 314
424 314 424 314
425 314 425 314
427 314 427 314
429 314 429 314
430 314 430 314
373 315 373 315
374 315 374 315
376 315 376 315
384 315 384 315
386 315 386 315
388 315 388 315
389 315 389 315
391 315 391 315
404 315 404 315
406 315 406 315
407 315 407 315
409 315 409 315
411 315 411 315
415 315 415 315
417 315 417 315
419 315 419 315
420 315 420 315
422 315 422 315
424 315 424 315
425 315 425 316
427 315 427 316
430 315 430 315
373 317 373 317
374 317 374 317
376 317 376 317
378 317 378 317
379 317 379 317
384 317 384 317
386 317 386 317
388 317 388 317
389 317 389 317
391 317 391 317
393 317 393 317
394 317 394 317
406 317 406 317
407 317 407 317
411 317 411 317
414 317 414 317
415 317 415 317
417 317 417 317
419 317 419 317
420 317 420 317
422 317 422 317
424 317 424 317
425 317 425 317
432 317 432 317
434 317 434 317
373 319 373 319
374 319 374 319
376 319 376 319
378 319 378 319
379 319 379 319
381 319 381 319
383 319 383 319
384 319 384 319
386 319 386 319
388 319 388 319
389 319 389 319
391 319 391 319
393 319 393 319
394 319 394 319
396 319 396 319
406 319 406 319
407 319 407 319
409 319 409 319
412 319 412 319
414 319 414 319
415 319 416 319
417 319 417 319
419 319 419 319
420 319 420 319
422 319 422 319
424 319 424 319
373 320 373 320
376 320 376 320
379 320 379 321
384 320 384 320
388 320 388 320
389 320 389 320
391 320 391 320
393 320 393 320
394 320 394 320
396 320 396 320
397 320 397 320
399 320 399 320
401 320 401 320
404 320 404 320
406 320 406 320
407 320 407 320
411 320 411 320
414 320 414 320
415 320 416 320
417 320 417 320
419 320 419 320
420 320 420 320
422 320 422 320
427 320 427 320
430 320 430 321
373 322 373 322
374 322 375 322
376 322 376 322
378 322 378 322
379 322 379 322
381 322 381 322
383 322 383 321
386 322 386 322
388 322 388 322
389 322 389 322
391 322 391 322
393 322 393 322
394 322 394 322
396 322 396 322
397 322 398 322
399 322 399 322
402 322 402 322
404 322 404 322
406 322 406 322
407 322 407 322
409 322 409 322
411 322 411 322
412 322 412 322
414 322 414 322
415 322 415 322
417 322 417 322
419 322 419 322
420 322 420 322
422 322 422 322
427 322 427 322
429 322 429 322
373 324 373 324
374 324 374 324
376 324 376 324
378 324 378 324
379 324 379 324
381 324 381 324
384 324 384 324
386 324 386 324
388 324 388 323
389 324 389 324
391 324 391 324
394 324 394 324
396 324 396 324
399 324 399 324
401 324 401 324
404 324 404 323
406 324 406 323
407 324 407 324
409 324 409 324
411 324 411 324
412 324 412 324
414 324 414 324
415 324 415 324
417 324 417 324
419 324 419 324
420 324 420 324
422 324 422 324
424 324 424 324
425 324 425 324
429 324 429 324
434 324 434 323
373 325 373 325
379 325 379 325
381 325 381 326
383 325 383 325
384 325 384 325
386 325 386 325
388 325 388 325
389 325 389 325
391 325 391 325
393 325 393 325
394 325 394 325
396 325 396 325
397 325 397 325
404 325 404 325
406 325 406 325
407 325 407 325
409 325 409 325
411 325 411 325
414 325 414 325
415 325 415 325
417 325 417 325
419 325 419 325
420 325 420 325
422 325 422 325
425 325 425 325
427 325 427 326
373 327 373 327
374 327 375 327
376 327 376 327
378 327 378 327
381 327 381 327
386 327 386 327
388 327 388 327
389 327 389 327
391 327 391 327
393 327 393 327
394 327 394 327
396 327 396 327
399 327 399 327
401 327 401 327
402 327 402 327
404 327 404 327
406 327 406 327
407 327 407 327
409 327 409 327
411 327 411 327
412 327 412 327
414 327 414 327
415 327 415 327
417 327 417 327
419 327 419 327
420 327 420 327
422 327 422 327
424 327 424 327
425 327 425 327
427 327 427 327
373 328 373 328
374 328 374 328
376 328 376 328
378 328 378 328
379 328 379 329
381 328 381 329
383 328 383 329
384 328 384 329
386 328 386 328
388 328 388 328
389 328 389 328
391 328 391 328
394 328 394 328
396 328 396 328
402 328 402 328
404 328 404 329
406 328 406 328
407 328 407 328
409 328 409 329
411 328 411 329
412 328 412 329
414 328 414 329
415 328 416 328
417 328 417 328
419 328 419 328
420 328 420 328
422 328 422 328
424 328 424 328
425 328 425 329
427 328 427 329
429 328 429 328
430 328 430 328
432 328 432 328
434 328 434 328
435 328 435 328
373 330 373 330
374 330 374 330
376 330 376 330
378 330 378 330
379 330 379 330
381 330 381 330
383 330 383 330
386 330 386 330
388 330 388 330
393 330 393 330
394 330 394 330
396 330 396 330
397 330 397 330
399 330 399 330
401 330 401 330
402 330 402 330
407 330 407 330
409 330 409 330
411 330 411 330
412 330 412 330
414 330 414 330
415 330 416 330
417 330 417 330
419 330 419 330
420 330 420 330
422 330 422 330
424 330 424 330
425 330 425 330
427 330 427 330
430 330 430 330
435 330 435 329
374 332 375 332
376 332 376 332
378 332 378 332
379 332 379 332
381 332 381 332
383 332 383 332
384 332 384 332
386 332 386 332
388 332 388 332
389 332 389 332
391 332 391 332
393 332 393 332
394 332 394 332
396 332 396 332
397 332 397 332
399 332 399 332
401 332 401 332
402 332 402 332
404 332 404 332
406 332 406 332
407 332 407 332
409 332 409 332
411 332 411 332
412 332 412 332
414 332 414 332
415 332 416 332
417 332 417 332
419 332 419 332
420 332 420 332
422 332 422 332
424 332 424 332
425 332 425 332
427 332 427 332
432 332 432 331
376 333 376 333
378 333 378 333
379 333 379 333
384 333 384 333
386 333 386 333
388 333 388 333
389 333 389 333
391 333 391 333
393 333 393 333
394 333 394 333
396 333 396 333
397 333 397 334
399 333 399 334
401 333 401 333
402 333 402 333
404 333 404 333
406 333 406 333
407 333 407 333
409 333 409 333
411 333 411 333
412 333 412 333
414 333 414 333
415 333 416 333
417 333 417 333
419 333 419 333
420 333 420 333
422 333 422 333
424 333 424 334
425 333 425 334
427 333 427 333
429 333 429 333
430 333 430 333
432 333 432 333
435 333 435 332
376 335 376 335
378 335 378 335
379 335 379 335
383 335 383 335
386 335 386 335
388 335 388 335
389 335 389 335
391 335 391 335
394 335 394 335
396 335 396 336
397 335 397 336
399 335 399 335
401 335 401 335
402 335 402 335
404 335 404 335
406 335 406 335
407 335 407 335
409 335 409 335
411 335 411 335
412 335 412 335
414 335 414 335
415 335 415 335
417 335 417 335
419 335 419 335
420 335 420 335
422 335 422 335
424 335 424 335
425 335 425 335
427 335 427 335
429 335 429 334
430 335 430 335
432 335 432 335
378 337 378 337
379 337 379 337
381 337 381 337
384 337 384 337
386 337 386 337
389 337 389 337
391 337 391 337
393 337 392 336
394 337 394 337
396 337 396 337
397 337 397 337
399 337 399 337
401 337 401 337
402 337 402 337
404 337 404 337
406 337 406 337
407 337 407 337
409 337 409 337
411 337 411 337
412 337 412 337
414 337 414 337
415 337 415 337
417 337 417 337
419 337 419 337
420 337 420 337
422 337 422 337
424 337 424 337
425 337 425 337
427 337 427 337
429 337 429 337
430 337 430 337
379 338 379 338
381 338 381 338
383 338 383 338
384 338 384 338
386 338 386 338
388 338 388 338
389 338 389 338
391 338 391 338
393 338 393 338
394 338 394 339
396 338 396 339
397 338 397 339
399 338 399 338
401 338 401 338
402 338 402 338
404 338 404 338
406 338 406 338
407 338 407 338
409 338 409 338
411 338 411 338
412 338 412 338
414 338 414 338
415 338 415 338
417 338 417 338
419 338 419 338
420 338 420 338
422 338 422 338
424 338 424 338
425 338 425 338
427 338 427 338
429 338 429 338
383 340 383 340
384 340 384 340
386 340 386 340
388 340 388 340
389 340 389 340
391 340 391 340
393 340 392 340
394 340 394 340
396 340 396 340
397 340 397 340
399 340 399 340
401 340 401 340
402 340 402 340
404 340 404 340
406 340 406 340
407 340 407 340
409 340 409 340
411 340 411 340
412 340 412 340
414 340 414 340
415 340 415 340
417 340 417 340
419 340 419 340
420 340 420 340
422 340 422 340
424 340 424 340
425 340 425 340
427 340 427 340
386 342 386 342
388 342 388 342
389 342 389 342
393 342 392 342
396 342 396 341
397 342 397 342
399 342 399 342
401 342 401 342
402 342 402 342
404 342 404 342
406 342 406 342
407 342 407 342
409 342 409 342
411 342 411 342
412 342 412 342
414 342 414 342
415 342 415 342
417 342 417 342
419 342 419 342
420 342 420 342
422 342 422 342
424 342 423 342
386 343 386 343
388 343 388 343
389 343 389 343
391 343 391 343
393 343 392 343
394 343 394 343
397 343 397 343
399 343 399 343
401 343 401 343
402 343 402 343
404 343 404 343
406 343 406 343
407 343 407 343
409 343 409 343
414 343 414 343
415 343 416 343
417 343 417 343
419 343 419 343
420 343 420 343
388 345 388 345
389 345 389 345
391 345 391 345
394 345 394 344
396 345 396 345
397 345 397 345
399 345 399 345
401 345 401 345
402 345 402 345
404 345 404 345
406 345 406 345
407 345 407 345
409 345 409 345
411 345 411 344
412 345 412 344
414 345 414 345
415 345 415 345
417 345 417 345
419 345 419 345
391 346 391 346
393 346 392 347
394 346 394 346
397 346 397 346
399 346 399 346
401 346 401 347
402 346 402 346
404 346 404 346
406 346 406 346
407 346 407 346
409 346 409 346
411 346 411 346
412 346 412 346
414 346 414 347
415 346 416 346
417 346 417 347
391 348 391 348
393 348 392 348
394 348 394 348
396 348 396 348
399 348 399 348
401 348 401 348
402 348 402 348
404 348 404 348
406 348 406 348
407 348 407 348
409 348 409 348
411 348 411 348
412 348 412 348
414 348 414 348
415 348 415 348
396 350 396 350
397 350 397 350
399 350 399 350
401 350 401 350
402 350 402 350
404 350 404 350
406 350 406 350
407 350 407 350
409 350 409 350
411 350 411 350
412 350 412 350
399 351 399 351
401 351 401 351
402 351 402 351
404 351 404 351
406 351 406 351
407 351 407 351
409 351 409 351
411 351 411 351
