396 294 395 295
400 294 400 295
401 294 402 295
403 294 404 295
405 294 405 295
406 294 407 295
408 294 409 295
410 294 410 295
411 294 412 295
393 295 393 295
396 295 396 296
398 295 398 295
410 295 410 296
411 295 412 296
392 297 392 297
393 297 393 297
395 297 395 297
396 297 396 297
398 297 398 297
400 297 400 297
401 297 401 297
403 297 403 297
405 297 405 297
406 297 406 297
408 297 408 297
413 297 413 298
414 297 416 298
387 299 387 299
388 299 388 299
390 299 390 299
392 299 392 299
393 299 393 299
395 299 395 299
396 299 396 299
398 299 398 299
400 299 400 299
401 299 401 299
403 299 403 299
405 299 405 299
406 299 406 299
408 299 408 299
410 299 410 299
411 299 411 299
383 300 384 300
385 300 385 300
387 300 387 300
388 300 388 300
390 300 390 300
392 300 391 300
393 300 393 300
395 300 395 300
396 300 396 300
398 300 398 300
400 300 400 300
401 300 401 300
403 300 403 300
405 300 405 300
406 300 406 300
408 300 408 300
410 300 410 300
411 300 411 300
413 300 413 300
416 300 416 300
418 300 417 300
419 300 419 300
380 302 381 302
382 302 382 302
383 302 383 302
385 302 385 302
387 302 387 302
388 302 388 302
390 302 390 302
392 302 392 302
393 302 393 302
395 302 395 302
396 302 396 302
398 302 398 302
400 302 400 302
401 302 401 302
403 302 403 302
405 302 405 302
406 302 406 302
408 302 408 302
410 302 410 302
411 302 411 302
413 302 413 302
416 302 416 302
418 302 417 302
419 302 419 302
375 304 375 304
377 304 378 304
378 304 379 304
380 304 380 304
382 304 382 304
383 304 383 304
385 304 385 304
387 304 387 304
388 304 388 304
390 304 390 304
392 304 391 304
393 304 393 304
395 304 395 304
396 304 396 304
398 304 398 304
400 304 400 304
401 304 401 304
403 304 403 304
405 304 405 304
406 304 406 304
408 304 408 304
410 304 410 304
411 304 411 304
413 304 413 304
414 304 414 304
418 304 417 304
419 304 419 304
423 304 423 303
424 304 425 303
426 304 427 304
373 305 373 305
375 305 375 305
377 305 377 305
378 305 378 305
380 305 380 305
382 305 382 305
383 305 383 305
385 305 385 305
387 305 387 305
388 305 388 305
390 305 390 305
392 305 391 305
393 305 393 305
395 305 395 305
396 305 396 305
398 305 398 305
400 305 400 305
401 305 401 305
403 305 403 305
405 305 405 305
406 305 406 305
408 305 408 305
410 305 410 305
411 305 411 305
413 305 413 305
414 305 415 305
416 305 416 305
419 305 419 305
421 305 421 305
423 305 423 305
424 305 424 305
426 305 426 305
372 307 372 307
373 307 373 307
375 307 375 307
377 307 377 307
378 307 378 307
380 307 380 307
382 307 382 307
383 307 383 307
385 307 385 307
387 307 387 307
388 307 388 307
390 307 390 307
392 307 391 307
393 307 393 307
395 307 395 307
396 307 396 307
398 307 398 307
400 307 400 307
401 307 401 307
403 307 403 307
405 307 405 307
406 307 406 307
408 307 408 307
410 307 410 307
411 307 411 307
413 307 413 307
414 307 414 307
416 307 416 307
418 307 418 307
419 307 419 307
421 307 421 307
423 307 423 307
424 307 424 307
426 307 426 307
428 307 428 307
429 307 429 307
372 309 372 309
373 309 373 309
375 309 375 309
377 309 377 309
378 309 378 309
380 309 380 309
382 309 382 309
383 309 383 309
385 309 385 309
387 309 387 309
388 309 388 309
390 309 390 309
392 309 391 309
393 309 393 309
395 309 395 309
396 309 396 309
398 309 398 309
400 309 400 309
401 309 401 309
403 309 403 309
405 309 405 309
406 309 406 309
408 309 408 309
410 309 410 309
411 309 411 309
413 309 413 309
414 309 415 309
416 309 416 309
418 309 418 309
419 309 419 309
421 309 421 309
423 309 423 309
424 309 424 309
426 309 426 309
428 309 428 309
429 309 429 309
372 310 372 310
373 310 373 310
375 310 375 310
377 310 377 310
378 310 378 310
380 310 380 310
382 310 382 310
383 310 383 310
385 310 385 310
387 310 387 310
388 310 388 310
390 310 390 310
392 310 391 310
393 310 393 310
395 310 395 310
396 310 396 310
398 310 398 310
400 310 400 310
401 310 401 310
403 310 403 310
405 310 405 310
406 310 406 310
408 310 408 310
410 310 410 310
411 310 411 310
413 310 413 310
414 310 415 310
416 310 416 310
418 310 418 310
419 310 419 310
421 310 421 310
423 310 423 310
424 310 424 310
426 310 426 310
428 310 428 310
429 310 429 310
372 312 372 312
373 312 373 312
375 312 375 312
377 312 377 312
378 312 378 312
380 312 380 312
382 312 382 312
383 312 383 312
385 312 385 312
387 312 387 312
388 312 388 312
390 312 390 312
392 312 392 312
393 312 393 312
395 312 395 312
396 312 396 312
398 312 398 312
400 312 400 312
401 312 401 312
403 312 403 312
405 312 405 312
406 312 406 312
408 312 408 312
410 312 410 312
411 312 411 312
413 312 413 312
414 312 415 312
416 312 416 312
418 312 418 312
419 312 419 312
423 312 423 312
424 312 424 312
426 312 426 312
428 312 428 312
429 312 429 312
431 312 431 312
372 314 372 313
373 314 373 314
375 314 375 314
377 314 377 314
378 314 378 314
380 314 380 314
382 314 382 314
383 314 383 314
385 314 385 314
387 314 387 314
388 314 388 314
390 314 390 314
392 314 392 314
393 314 393 314
395 314 395 314
396 314 396 314
398 314 398 314
400 314 400 314
401 314 401 314
403 314 403 314
405 314 405 314
406 314 406 314
408 314 408 314
410 314 410 314
411 314 411 314
413 314 413 314
414 314 415 314
416 314 416 314
418 314 418 314
419 314 419 314
421 314 421 313
424 314 424 314
426 314 426 314
428 314 428 314
429 314 429 314
431 314 431 313
372 315 372 315
373 315 374 315
375 315 375 315
377 315 377 315
378 315 378 315
380 315 380 315
382 315 382 315
383 315 383 315
385 315 385 315
387 315 387 315
388 315 388 315
390 315 390 315
392 315 392 315
393 315 393 315
395 315 395 315
396 315 396 315
398 315 398 315
400 315 400 315
401 315 401 315
403 315 403 315
405 315 405 315
406 315 406 315
410 315 410 315
411 315 411 315
413 315 413 315
414 315 415 315
416 315 416 315
418 315 418 315
421 315 421 315
428 315 428 315
372 317 372 317
373 317 374 317
375 317 375 317
377 317 377 317
378 317 378 317
380 317 380 317
382 317 382 317
383 317 383 317
385 317 385 317
387 317 387 317
388 317 388 317
390 317 390 317
392 317 391 317
393 317 393 317
395 317 395 317
396 317 396 317
398 317 398 317
400 317 400 317
401 317 401 317
403 317 403 317
405 317 405 317
406 317 406 317
408 317 408 317
410 317 410 317
411 317 411 317
413 317 413 317
414 317 415 317
416 317 416 317
418 317 418 317
423 317 423 317
372 318 372 318
373 318 374 318
375 318 375 318
377 318 377 318
378 318 378 319
380 318 380 319
382 318 382 318
383 318 383 318
385 318 385 319
387 318 387 319
388 318 388 318
390 318 390 318
392 318 392 318
393 318 393 318
395 318 395 318
396 318 396 318
398 318 398 318
400 318 400 318
401 318 401 318
403 318 403 318
405 318 405 318
406 318 406 318
408 318 408 318
410 318 410 318
411 318 411 318
413 318 413 318
414 318 415 318
416 318 416 318
418 318 418 318
419 318 419 318
423 318 423 318
372 320 372 320
373 320 374 320
375 320 375 320
377 320 377 320
378 320 378 320
380 320 380 320
382 320 382 320
383 320 383 320
385 320 385 320
387 320 387 320
388 320 388 320
390 320 390 320
392 320 392 320
393 320 393 320
395 320 395 320
396 320 396 320
398 320 398 320
400 320 400 320
401 320 401 320
403 320 403 320
405 320 405 320
406 320 406 320
408 320 408 320
410 320 410 320
411 320 411 320
413 320 413 320
414 320 414 320
416 320 416 320
418 320 418 320
419 320 419 320
423 320 423 320
424 320 424 320
372 322 372 322
373 322 374 322
375 322 375 322
377 322 377 322
378 322 378 322
380 322 380 322
382 322 382 322
383 322 383 322
385 322 385 322
387 322 387 322
388 322 388 322
390 322 390 322
392 322 392 322
393 322 393 322
395 322 395 322
396 322 396 322
398 322 398 322
400 322 400 322
401 322 401 322
403 322 403 322
405 322 405 322
406 322 406 322
408 322 408 322
410 322 410 322
411 322 411 322
413 322 413 322
414 322 415 322
418 322 418 322
419 322 419 322
421 322 421 322
423 322 423 322
431 322 431 322
433 322 433 322
372 323 372 323
373 323 374 323
375 323 375 323
377 323 377 323
378 323 378 324
380 323 380 323
382 323 382 323
383 323 383 323
385 323 385 323
387 323 387 323
388 323 388 323
390 323 390 323
392 323 392 323
393 323 393 323
395 323 395 323
396 323 396 323
398 323 398 323
400 323 400 323
401 323 401 323
403 323 403 323
405 323 405 323
406 323 406 323
408 323 408 323
410 323 410 323
411 323 411 323
413 323 413 323
414 323 414 323
416 323 416 323
418 323 418 323
419 323 419 323
421 323 421 323
423 323 423 323
424 323 424 323
429 323 429 323
431 323 431 323
433 323 433 323
372 325 372 325
373 325 374 325
375 325 375 325
377 325 377 325
378 325 378 325
380 325 380 325
382 325 382 325
383 325 383 325
385 325 385 325
387 325 387 325
388 325 388 325
390 325 390 325
392 325 391 325
393 325 393 325
395 325 395 325
396 325 396 325
398 325 398 325
400 325 400 325
401 325 401 325
403 325 403 325
405 325 405 325
406 325 406 325
408 325 408 325
410 325 410 325
411 325 411 325
413 325 413 325
414 325 414 325
416 325 416 325
418 325 418 325
419 325 419 325
421 325 421 325
423 325 423 325
424 325 424 325
428 325 427 325
429 325 429 325
431 325 431 325
433 325 433 325
372 327 372 327
373 327 373 327
375 327 375 327
377 327 377 327
378 327 378 327
380 327 380 327
382 327 382 327
383 327 383 327
385 327 385 327
387 327 387 327
388 327 388 327
390 327 390 327
392 327 391 327
393 327 393 327
395 327 395 327
396 327 396 327
398 327 398 327
400 327 400 327
401 327 401 327
403 327 403 327
405 327 405 327
406 327 406 327
408 327 408 327
410 327 410 327
413 327 413 327
414 327 414 327
416 327 416 327
418 327 418 327
419 327 419 327
421 327 421 327
423 327 423 327
424 327 424 327
429 327 429 326
431 327 430 326
433 327 433 327
372 328 372 328
373 328 374 328
375 328 375 328
377 328 377 328
378 328 378 328
380 328 380 328
382 328 382 328
383 328 383 328
385 328 385 328
387 328 387 328
388 328 388 328
390 328 390 328
392 328 392 328
393 328 393 328
395 328 395 328
396 328 396 328
398 328 398 328
400 328 400 328
401 328 401 328
403 328 403 328
405 328 405 328
406 328 406 328
408 328 408 328
410 328 410 328
411 328 411 329
413 328 413 328
414 328 414 328
418 328 418 328
419 328 419 328
421 328 421 328
423 328 423 328
424 328 424 328
428 328 427 328
429 328 429 328
431 328 430 328
433 328 433 328
434 328 435 328
372 330 373 330
373 330 374 330
375 330 375 330
377 330 377 330
378 330 378 330
380 330 380 330
382 330 382 330
383 330 383 330
385 330 385 330
387 330 387 330
388 330 388 330
390 330 390 330
392 330 391 330
393 330 393 330
395 330 395 330
396 330 396 330
398 330 398 330
400 330 400 330
401 330 401 330
403 330 403 330
405 330 405 330
406 330 406 330
408 330 408 330
410 330 410 330
411 330 411 330
413 330 413 330
414 330 415 330
416 330 416 330
418 330 418 330
419 330 419 330
421 330 421 330
423 330 423 330
426 330 426 330
431 330 430 330
433 330 432 330
434 330 435 330
373 332 373 332
375 332 375 332
377 332 377 332
378 332 378 332
380 332 380 332
382 332 382 332
383 332 383 332
385 332 385 332
387 332 387 332
388 332 388 332
390 332 390 332
392 332 391 332
393 332 393 332
395 332 395 332
396 332 396 332
398 332 398 332
400 332 400 332
401 332 401 332
403 332 403 332
405 332 405 332
406 332 406 332
408 332 408 332
410 332 410 332
411 332 411 332
413 332 413 332
414 332 415 332
416 332 416 332
418 332 418 332
419 332 419 332
421 332 421 332
423 332 423 332
426 332 426 332
428 332 427 332
429 332 430 331
433 332 432 331
375 333 375 333
377 333 377 333
378 333 378 333
380 333 380 333
382 333 382 333
383 333 383 333
385 333 385 333
387 333 387 333
388 333 388 333
390 333 390 333
392 333 391 333
393 333 393 333
395 333 395 333
396 333 396 333
398 333 398 333
400 333 400 333
401 333 401 333
403 333 403 333
405 333 405 333
406 333 406 333
408 333 408 333
410 333 410 333
411 333 411 333
413 333 413 333
414 333 415 333
416 333 416 333
418 333 418 333
419 333 419 333
421 333 421 333
423 333 423 333
426 333 426 333
429 333 429 333
431 333 431 333
434 333 435 332
375 335 375 335
377 335 377 335
378 335 378 335
380 335 380 335
382 335 382 335
383 335 383 335
385 335 385 335
387 335 387 335
388 335 388 335
390 335 390 335
392 335 391 335
393 335 393 335
395 335 395 335
396 335 397 335
398 335 398 335
400 335 400 335
401 335 401 335
403 335 403 335
405 335 405 335
406 335 406 335
408 335 408 335
410 335 410 335
411 335 411 335
413 335 413 335
414 335 414 335
416 335 416 335
418 335 418 335
419 335 419 335
421 335 421 335
423 335 423 335
426 335 426 335
428 335 427 335
429 335 429 334
431 335 431 334
433 335 434 333
377 336 377 337
378 336 378 337
380 336 380 336
382 336 382 336
383 336 383 336
385 336 385 336
387 336 387 337
388 336 388 336
390 336 390 337
392 336 391 336
393 336 393 337
395 336 395 337
396 336 396 337
398 336 398 336
400 336 400 336
401 336 401 337
403 336 403 336
405 336 405 336
406 336 406 336
408 336 408 337
410 336 410 336
413 336 413 336
414 336 414 337
416 336 416 336
418 336 418 337
419 336 419 336
421 336 421 336
423 336 423 336
424 336 424 336
428 336 427 336
429 336 429 336
431 336 432 335
380 338 380 338
382 338 382 338
383 338 383 338
385 338 385 338
387 338 387 338
388 338 388 338
390 338 390 338
392 338 391 338
393 338 393 338
395 338 395 339
396 338 396 338
398 338 398 338
400 338 400 338
401 338 401 338
403 338 403 338
405 338 405 338
406 338 406 338
408 338 408 338
410 338 410 338
411 338 411 338
413 338 413 338
414 338 415 338
416 338 416 338
418 338 418 338
419 338 419 338
423 338 423 338
428 338 427 338
429 338 429 338
431 338 431 338
382 340 382 340
383 340 383 340
385 340 385 340
387 340 387 340
388 340 388 340
390 340 390 340
392 340 391 340
393 340 393 340
395 340 395 340
396 340 396 340
398 340 398 339
400 340 400 340
401 340 401 340
403 340 403 340
405 340 405 340
406 340 406 340
408 340 408 340
410 340 410 340
411 340 411 340
413 340 413 340
414 340 414 340
416 340 416 340
419 340 419 340
421 340 421 340
423 340 423 340
424 340 424 340
426 340 426 340
428 340 428 340
383 341 383 341
385 341 385 341
387 341 387 341
388 341 388 341
390 341 390 341
392 341 391 341
393 341 393 342
395 341 395 342
396 341 397 342
398 341 398 341
400 341 400 341
401 341 401 341
403 341 403 341
405 341 405 341
406 341 406 341
408 341 408 341
411 341 411 342
413 341 413 341
414 341 415 341
416 341 416 341
419 341 419 341
421 341 421 341
423 341 423 341
424 341 424 341
385 343 385 343
387 343 387 343
388 343 388 343
390 343 390 343
392 343 392 343
393 343 393 343
398 343 398 343
400 343 400 343
401 343 401 343
403 343 403 343
405 343 405 343
406 343 406 343
408 343 408 343
410 343 410 343
411 343 411 343
413 343 413 343
414 343 414 343
418 343 418 343
419 343 420 343
421 343 421 343
423 343 423 343
387 345 387 345
388 345 388 345
390 345 390 345
392 345 392 345
393 345 393 345
395 345 395 345
396 345 397 345
398 345 398 345
400 345 400 345
401 345 401 345
403 345 403 345
405 345 405 345
406 345 406 345
408 345 408 345
411 345 411 345
413 345 413 345
416 345 416 345
418 345 418 345
419 345 419 345
421 345 421 344
390 346 390 346
392 346 392 346
393 346 393 346
395 346 395 346
396 346 397 346
398 346 398 346
400 346 400 346
401 346 401 346
403 346 403 346
405 346 405 346
406 346 406 346
408 346 408 346
411 346 411 346
413 346 413 346
414 346 415 346
416 346 416 346
418 346 418 346
392 348 392 348
393 348 393 348
396 348 397 348
398 348 398 348
400 348 400 348
401 348 401 348
403 348 403 348
405 348 405 348
406 348 406 348
408 348 408 348
410 348 410 348
413 348 413 348
414 348 414 348
416 348 416 348
393 350 393 349
395 350 395 349
396 350 397 349
398 350 398 349
400 350 400 350
401 350 401 350
403 350 403 350
405 350 405 350
406 350 406 350
408 350 408 350
410 350 410 350
411 350 411 350
395 351 394 351
396 351 396 351
398 351 398 351
400 351 400 351
401 351 401 351
403 351 403 351
405 351 405 351
406 351 406 351
408 351 408 351
410 351 410 351
411 351 411 351
