427 312 427 312
412 314 413 314
419 314 419 314
420 314 420 314
426 314 425 314
427 314 427 314
411 315 412 315
414 315 414 315
415 315 415 315
416 315 417 315
420 315 420 315
422 315 422 315
423 315 423 315
427 315 427 315
410 316 410 317
411 316 411 317
414 316 414 317
415 316 415 317
416 316 417 316
419 316 419 316
420 316 420 316
422 316 422 316
423 316 423 316
426 316 425 316
415 318 415 318
416 318 416 318
427 318 427 317
410 319 410 319
412 319 412 319
414 319 414 319
422 319 422 319
423 319 423 319
426 319 425 318
409 320 408 320
410 320 410 320
414 320 414 320
415 320 415 320
416 320 416 320
419 320 419 320
420 320 420 320
422 320 422 320
423 320 423 320
427 320 427 320
432 320 432 320
433 320 433 320
409 322 408 322
410 322 410 322
411 322 411 322
414 322 414 322
415 322 415 322
416 322 416 322
419 322 419 321
420 322 420 322
422 322 422 321
423 322 423 321
428 322 428 321
432 322 432 321
433 322 433 321
407 323 407 323
409 323 408 323
410 323 410 323
411 323 411 323
415 323 415 323
416 323 416 323
419 323 419 323
420 323 420 323
422 323 422 323
423 323 423 323
426 323 425 323
432 323 432 323
433 323 433 323
427 324 427 324
428 324 428 323
431 324 430 324
433 324 433 324
411 325 411 325
414 325 414 325
415 325 415 325
416 325 416 325
419 325 419 325
420 325 420 325
422 325 422 325
423 325 423 325
426 325 425 325
427 325 427 325
428 325 428 325
431 325 430 325
432 325 432 325
405 327 405 327
407 327 407 327
409 327 409 327
410 327 410 327
411 327 411 327
414 327 414 327
415 327 415 327
416 327 416 327
419 327 419 327
420 327 420 327
422 327 421 327
423 327 423 327
426 327 425 326
427 327 427 326
431 327 430 326
432 327 431 326
433 327 433 327
405 328 405 328
407 328 407 328
409 328 409 328
410 328 410 328
411 328 411 328
414 328 414 328
415 328 415 328
416 328 416 328
420 328 420 328
422 328 422 328
423 328 423 328
426 328 425 328
427 328 427 328
428 328 428 327
433 328 433 328
407 329 407 329
409 329 409 329
411 329 411 329
414 329 414 329
415 329 415 329
420 329 420 329
422 329 422 329
423 329 423 329
426 329 425 330
433 329 433 330
435 329 435 330
397 331 397 330
398 331 398 330
400 331 400 330
402 331 402 330
403 331 403 330
405 331 405 331
427 331 427 330
428 331 428 331
431 331 430 330
432 331 432 330
433 331 433 331
435 331 435 331
396 332 396 331
397 332 397 332
398 332 398 332
401 332 401 332
402 332 402 332
403 332 403 332
405 332 405 332
409 332 409 332
410 332 410 332
414 332 414 332
415 332 415 332
419 332 419 332
420 332 420 332
422 332 422 332
423 332 423 332
426 332 426 332
427 332 427 332
428 332 428 332
429 332 429 331
432 332 432 332
396 333 396 333
397 333 397 333
398 333 398 333
400 333 400 333
402 333 402 333
403 333 403 333
405 333 405 333
407 333 407 333
409 333 409 333
410 333 410 333
411 333 411 333
414 333 414 333
415 333 415 333
416 333 416 333
419 333 419 333
420 333 420 333
422 333 422 333
423 333 423 333
426 333 426 333
427 333 427 333
428 333 428 333
429 333 429 333
431 333 431 333
397 334 397 335
398 334 398 335
400 334 400 334
402 334 402 335
403 334 403 335
405 334 405 335
407 334 407 334
409 334 409 334
410 334 410 334
414 334 414 335
415 334 415 334
416 334 416 334
419 334 419 334
420 334 420 335
422 334 422 334
423 334 423 335
426 334 426 335
427 334 427 335
432 334 433 334
396 336 395 335
402 336 402 336
407 336 407 336
409 336 408 336
410 336 410 336
415 336 415 336
416 336 416 336
419 336 419 336
420 336 420 336
422 336 422 336
428 336 428 335
429 336 430 335
431 336 431 335
432 336 433 335
392 337 392 337
393 337 393 336
396 337 396 336
397 337 397 337
398 337 398 337
400 337 400 337
405 337 405 337
423 337 423 337
426 337 426 337
427 337 427 337
428 337 428 336
429 337 430 336
431 337 432 336
392 338 392 338
393 338 393 338
396 338 396 338
397 338 397 338
398 338 398 338
401 338 401 338
402 338 402 338
403 338 403 339
406 338 406 338
409 338 409 338
410 338 410 338
411 338 411 338
414 338 414 338
415 338 415 338
416 338 416 338
419 338 419 338
420 338 420 338
422 338 422 338
423 338 423 338
426 338 425 338
427 338 427 338
428 338 428 338
429 338 430 338
390 340 390 340
392 340 392 340
393 340 393 340
396 340 395 339
397 340 397 339
398 340 398 340
401 340 401 340
402 340 402 340
403 340 403 340
405 340 405 340
407 340 407 340
409 340 409 340
410 340 410 340
411 340 411 340
414 340 414 340
415 340 415 340
416 340 416 340
419 340 419 340
420 340 420 340
422 340 422 340
423 340 423 340
426 340 426 340
427 340 427 340
428 340 428 340
390 341 390 341
392 341 392 341
393 341 393 341
397 341 397 341
398 341 398 341
402 341 402 341
403 341 403 341
405 341 405 341
407 341 407 341
409 341 409 341
410 341 410 341
414 341 414 341
415 341 415 341
416 341 416 341
420 341 420 341
422 341 422 341
423 341 423 341
426 341 425 341
411 342 411 343
392 344 392 344
397 344 397 344
398 344 398 344
402 344 402 344
403 344 403 344
405 344 405 344
406 344 406 344
409 344 409 344
410 344 410 344
414 344 414 344
415 344 415 344
420 344 420 344
390 345 391 345
392 345 392 345
396 345 396 345
397 345 397 345
398 345 398 345
401 345 401 345
402 345 402 345
403 345 403 345
405 345 405 345
407 345 407 345
409 345 409 345
410 345 410 345
411 345 411 345
414 345 414 345
415 345 415 345
416 345 416 345
419 345 419 345
420 345 420 345
390 346 391 346
392 346 392 346
393 346 393 346
396 346 396 347
397 346 397 347
398 346 398 347
402 346 402 346
403 346 403 346
405 346 405 346
407 346 407 346
409 346 409 346
410 346 410 346
414 346 414 346
415 346 415 346
392 348 392 348
396 348 395 348
397 348 397 348
401 348 401 348
402 348 402 348
403 348 404 348
405 348 405 348
407 348 407 348
409 348 409 348
410 348 410 348
412 348 412 348
394 350 394 350
397 350 397 350
398 350 398 350
402 350 402 350
403 350 403 350
405 350 405 350
407 350 407 350
409 350 409 350
410 350 410 350
411 350 411 350
396 351 395 351
397 351 397 351
398 351 398 351
401 351 401 351
402 351 402 351
403 351 404 351
405 351 405 351
407 351 407 351
409 351 409 351
410 351 410 351
411 351 411 351
