414 313 414 313
415 313 415 313
417 313 417 313
418 313 418 313
419 313 419 313
421 313 421 313
422 313 422 313
427 313 427 312
430 313 430 313
431 313 431 313
432 313 432 313
436 313 435 313
413 314 413 314
414 314 414 314
415 314 415 314
417 314 417 314
422 314 422 314
423 314 423 314
425 314 425 314
427 314 427 314
429 314 428 314
430 314 430 314
410 315 410 315
411 315 411 315
415 315 415 315
417 315 417 315
418 315 418 315
419 315 419 315
421 315 421 315
422 315 422 315
423 315 423 315
425 315 425 315
426 315 426 315
427 315 427 315
410 317 410 317
417 317 416 318
418 317 418 317
419 317 419 316
421 317 421 317
422 317 422 316
423 317 423 316
425 317 425 316
430 317 430 316
432 317 432 317
410 318 410 318
413 318 413 318
417 318 417 318
418 318 418 318
419 318 419 318
421 318 421 318
422 318 422 318
423 318 423 318
425 318 425 317
426 318 426 317
430 318 430 318
431 318 431 318
435 318 434 318
409 319 409 319
410 319 410 319
411 319 411 319
413 319 413 319
415 319 415 319
418 319 418 319
419 319 419 319
421 319 421 319
422 319 422 319
423 319 423 319
425 319 425 319
426 319 426 319
429 319 429 320
432 319 432 319
435 319 433 320
436 319 435 319
407 320 407 321
410 320 410 321
411 320 411 321
413 320 413 321
414 320 414 320
415 320 415 321
418 320 418 320
419 320 419 321
421 320 421 321
422 320 422 321
423 320 423 321
425 320 425 321
429 320 428 321
432 320 432 320
436 320 435 320
407 322 407 322
409 322 409 322
414 322 414 322
415 322 415 322
417 322 417 322
418 322 418 322
419 322 419 322
421 322 420 322
422 322 422 322
423 322 423 322
434 322 433 321
436 322 435 322
406 323 406 323
407 323 407 323
409 323 409 323
411 323 411 324
413 323 413 323
414 323 414 323
417 323 417 323
418 323 418 323
419 323 419 323
421 323 420 323
422 323 422 323
423 323 423 323
426 323 426 324
432 323 432 323
434 323 433 323
436 323 435 328
406 324 406 324
407 324 407 325
409 324 409 325
413 324 413 324
414 324 414 324
415 324 415 324
417 324 417 325
418 324 418 324
419 324 419 324
421 324 421 325
422 324 422 324
423 324 423 324
427 324 427 325
429 324 428 324
431 324 431 325
432 324 432 324
405 326 405 326
406 326 406 326
407 326 407 326
410 326 410 326
414 326 414 326
415 326 415 326
417 326 417 326
418 326 418 326
419 326 419 326
421 326 421 326
422 326 422 326
423 326 423 326
426 326 426 326
427 326 427 326
434 326 433 326
405 327 405 327
406 327 406 327
410 327 410 327
415 327 415 327
417 327 417 327
418 327 418 327
419 327 419 327
421 327 421 327
422 327 422 327
423 327 423 327
425 327 425 327
426 327 426 327
429 327 428 327
432 327 432 328
409 328 409 328
411 328 411 329
414 328 414 328
415 328 415 328
417 328 417 328
418 328 418 328
419 328 419 328
421 328 421 328
422 328 422 328
423 328 423 328
425 328 424 328
427 328 427 328
429 328 428 328
434 328 433 329
405 330 405 330
406 330 406 330
407 330 407 330
410 330 410 330
414 330 414 330
415 330 415 330
417 330 417 330
418 330 418 330
419 330 419 330
421 330 421 330
422 330 422 330
423 330 423 330
425 330 425 330
426 330 426 329
427 330 427 329
430 330 430 329
432 330 432 330
392 331 392 331
393 331 393 331
397 331 397 331
398 331 398 331
401 331 401 331
402 331 402 331
403 331 403 331
405 331 405 331
406 331 406 331
407 331 407 331
410 331 410 331
413 331 413 331
414 331 414 331
415 331 415 331
417 331 417 331
418 331 418 331
419 331 419 331
421 331 421 331
422 331 422 331
423 331 423 331
425 331 425 331
426 331 426 331
427 331 427 330
392 332 391 332
393 332 393 332
394 332 394 332
396 332 395 332
398 332 398 333
399 332 399 333
401 332 401 332
402 332 402 332
405 332 405 332
406 332 406 332
407 332 407 332
410 332 410 332
413 332 412 333
414 332 414 332
415 332 415 332
417 332 417 332
418 332 418 332
419 332 419 332
421 332 421 332
422 332 422 332
423 332 423 332
425 332 425 333
426 332 426 332
427 332 427 332
429 332 428 332
430 332 430 332
432 332 432 333
392 334 391 334
393 334 393 334
394 334 394 334
396 334 395 334
398 334 398 334
401 334 401 334
402 334 402 334
403 334 403 334
405 334 405 334
406 334 406 334
407 334 407 334
409 334 409 334
410 334 410 334
411 334 411 334
413 334 413 334
414 334 414 334
415 334 415 334
417 334 417 334
418 334 418 334
419 334 419 334
421 334 421 334
422 334 422 334
423 334 423 334
425 334 424 334
426 334 426 334
427 334 427 334
430 334 431 334
431 334 431 333
432 334 434 334
392 335 391 335
393 335 393 335
397 335 397 335
399 335 399 335
401 335 401 335
402 335 402 335
403 335 403 335
405 335 404 335
406 335 406 335
407 335 407 335
409 335 409 335
410 335 410 335
411 335 411 335
413 335 413 335
415 335 415 335
417 335 417 335
418 335 418 335
419 335 419 335
421 335 421 335
422 335 422 335
423 335 423 335
425 335 424 335
426 335 426 335
427 335 427 335
429 335 428 335
430 335 430 335
431 335 432 335
432 335 434 335
392 336 391 336
393 336 393 336
394 336 394 337
396 336 395 337
397 336 397 337
398 336 398 337
399 336 399 337
401 336 401 336
402 336 402 336
403 336 403 336
405 336 405 336
406 336 406 336
407 336 407 336
409 336 409 336
410 336 410 336
411 336 411 336
413 336 413 336
414 336 414 336
415 336 415 336
417 336 417 336
418 336 418 336
419 336 419 336
421 336 421 336
422 336 422 336
423 336 423 336
425 336 425 336
426 336 426 336
427 336 427 336
429 336 429 336
431 336 431 337
392 338 391 338
393 338 393 338
394 338 394 338
396 338 395 338
397 338 397 338
399 338 399 338
401 338 401 338
402 338 402 338
403 338 403 338
405 338 405 338
406 338 406 338
407 338 407 338
409 338 409 338
410 338 410 338
411 338 411 338
413 338 413 338
414 338 414 338
415 338 415 338
417 338 417 338
418 338 418 338
419 338 419 338
421 338 421 338
422 338 422 338
423 338 423 338
425 338 425 338
426 338 426 338
427 338 427 338
429 338 429 338
430 338 430 338
392 339 391 339
393 339 393 339
394 339 394 339
396 339 396 339
397 339 397 340
398 339 398 340
399 339 399 339
401 339 401 339
402 339 402 339
403 339 403 339
405 339 405 339
406 339 406 339
407 339 407 339
409 339 409 339
410 339 410 339
414 339 414 339
415 339 415 339
417 339 417 339
418 339 418 339
419 339 419 339
421 339 421 339
422 339 422 339
423 339 423 339
425 339 425 339
426 339 426 339
427 339 427 339
429 339 429 339
392 340 391 340
393 340 392 340
394 340 394 341
396 340 395 341
397 340 397 341
398 340 398 341
399 340 399 340
401 340 401 340
402 340 402 340
403 340 403 340
405 340 405 340
406 340 406 340
407 340 407 340
409 340 409 340
410 340 410 340
411 340 411 340
413 340 413 340
414 340 414 340
415 340 415 340
417 340 417 340
418 340 418 340
419 340 419 340
421 340 421 340
422 340 422 340
423 340 423 340
425 340 425 340
426 340 426 340
427 340 427 340
392 342 391 342
393 342 392 342
394 342 394 342
396 342 395 342
397 342 397 342
398 342 398 342
399 342 399 342
401 342 401 342
402 342 402 342
403 342 403 342
405 342 405 342
406 342 406 342
407 342 407 342
409 342 408 342
410 342 409 342
411 342 411 342
413 342 413 341
414 342 414 342
415 342 415 341
417 342 417 342
418 342 418 342
419 342 419 342
421 342 421 342
422 342 422 342
423 342 423 342
392 343 391 343
393 343 392 343
394 343 394 343
396 343 395 343
397 343 396 343
398 343 398 343
399 343 399 343
401 343 401 343
402 343 402 343
403 343 403 343
405 343 404 343
406 343 406 343
407 343 407 343
409 343 408 343
410 343 410 343
411 343 411 343
413 343 413 343
414 343 414 343
415 343 415 343
417 343 417 343
418 343 418 343
419 343 419 343
421 343 421 343
422 343 422 343
392 344 391 344
393 344 392 344
394 344 394 344
396 344 395 344
397 344 396 344
398 344 398 344
399 344 399 344
401 344 401 344
402 344 402 344
403 344 403 344
405 344 405 344
406 344 406 344
407 344 407 344
410 344 410 344
411 344 411 344
413 344 413 344
414 344 414 344
415 344 415 344
417 344 417 344
418 344 418 344
419 344 419 344
421 344 421 344
392 346 391 346
393 346 392 346
394 346 394 345
397 346 397 346
398 346 398 346
399 346 399 346
401 346 400 346
402 346 402 346
403 346 403 346
405 346 405 346
406 346 406 346
407 346 407 346
409 346 409 346
410 346 410 346
411 346 411 346
413 346 413 346
414 346 414 346
415 346 415 346
417 346 417 346
418 346 418 346
419 346 419 346
392 347 391 347
393 347 393 347
396 347 395 349
397 347 397 350
398 347 398 347
399 347 399 347
401 347 400 347
402 347 402 347
405 347 405 347
406 347 406 347
407 347 407 347
409 347 409 347
410 347 410 347
411 347 411 347
413 347 413 347
414 347 414 347
415 347 415 347
417 347 417 347
394 348 394 350
399 348 399 348
401 348 400 348
402 348 402 348
403 348 403 348
405 348 405 348
406 348 406 348
407 348 407 348
409 348 409 348
410 348 410 348
411 348 411 348
413 348 413 348
414 348 414 348
415 348 415 348
396 350 395 351
397 350 397 351
398 350 398 351
399 350 399 350
401 350 400 350
402 350 401 351
403 350 403 351
405 350 405 349
406 350 406 350
407 350 406 350
409 350 408 350
410 350 409 351
411 350 412 349
413 350 413 350
