414 314 414 315
415 314 415 315
421 315 421 315
422 315 422 315
423 315 423 315
409 317 408 316
410 317 410 317
414 317 414 317
415 317 415 317
417 317 417 317
419 317 419 316
422 317 422 316
423 317 423 317
425 317 424 317
410 318 410 318
411 318 411 318
414 318 414 318
415 318 415 318
417 318 417 318
421 318 420 318
422 318 422 318
423 318 423 318
425 318 424 318
410 319 410 319
411 319 411 320
414 319 414 319
415 319 415 319
417 319 416 319
418 319 418 319
421 319 420 319
422 319 421 319
423 319 423 320
425 319 424 320
430 319 430 319
436 319 434 323
409 320 409 320
411 320 410 321
413 320 412 321
414 320 414 321
415 320 415 321
417 320 416 321
419 320 419 321
422 320 421 321
423 320 423 321
429 320 428 321
435 320 433 324
436 320 434 324
411 322 410 323
413 322 412 323
405 323 400 326
413 323 412 325
415 323 415 323
417 323 416 323
419 323 419 323
421 323 420 323
422 323 422 323
423 323 423 323
430 323 430 323
431 323 431 323
434 323 433 328
414 324 413 325
415 324 415 325
418 324 417 325
419 324 419 325
421 324 420 325
422 324 421 325
423 324 423 325
427 324 427 324
430 324 430 324
406 326 405 326
407 326 407 326
409 326 408 326
410 326 410 326
413 326 412 326
414 326 413 326
415 326 415 326
418 326 417 326
419 326 419 326
421 326 420 326
422 326 421 326
423 326 423 326
426 326 426 326
406 327 405 328
407 327 407 328
410 327 410 328
413 327 412 328
414 327 413 328
415 327 415 327
418 327 417 328
421 327 420 328
422 327 422 327
425 327 424 328
426 327 426 328
413 328 412 329
414 328 413 329
415 328 415 329
419 328 418 329
427 328 427 328
430 328 430 328
403 330 402 330
405 330 404 330
406 330 405 330
407 330 407 330
409 330 408 330
421 330 421 330
422 330 422 330
423 330 423 330
426 330 426 330
427 330 427 330
429 330 428 330
430 330 430 330
432 330 431 329
392 331 395 330
399 331 399 331
401 331 400 331
402 331 402 331
405 331 404 331
406 331 405 332
407 331 407 332
409 331 408 331
410 331 410 331
414 331 413 331
415 331 415 331
417 331 417 331
418 331 418 331
421 331 420 331
422 331 422 331
423 331 423 331
426 331 426 331
427 331 427 331
429 331 428 331
431 331 431 331
394 332 398 330
396 332 395 332
398 332 397 333
399 332 399 333
401 332 400 333
402 332 402 332
405 332 404 333
406 332 405 333
407 332 407 333
409 332 408 333
410 332 410 333
413 332 412 333
414 332 414 333
415 332 415 333
417 332 417 332
419 332 419 333
421 332 420 333
422 332 422 333
423 332 423 333
426 332 426 332
430 332 430 332
396 334 395 333
401 334 400 334
406 334 406 334
414 334 414 334
417 334 416 334
419 334 419 334
421 334 420 334
422 334 422 334
423 334 423 334
426 334 425 334
429 334 429 333
430 334 430 333
431 334 431 333
394 335 394 333
396 335 395 335
397 335 396 335
402 335 402 335
405 335 404 335
409 335 409 335
410 335 410 335
419 335 419 336
427 335 427 335
429 335 428 335
430 335 430 334
393 336 392 335
396 336 395 336
397 336 397 337
401 336 400 337
402 336 401 337
406 336 406 336
407 336 407 336
409 336 409 336
410 336 410 336
415 336 415 337
417 336 417 336
421 336 420 337
422 336 422 336
423 336 423 337
426 336 425 336
427 336 426 336
429 336 428 336
430 336 430 336
431 336 433 334
392 338 374 325
396 338 395 338
397 338 396 338
399 338 399 338
401 338 400 339
402 338 402 338
406 338 406 338
407 338 407 338
409 338 409 338
410 338 410 338
414 338 413 338
415 338 415 338
417 338 416 338
419 338 419 338
421 338 420 338
422 338 421 338
423 338 423 338
426 338 425 338
427 338 427 338
429 338 428 338
392 339 374 326
394 339 394 338
396 339 395 339
397 339 396 339
399 339 399 339
403 339 403 339
405 339 405 339
407 339 407 339
409 339 409 339
410 339 410 339
414 339 414 340
415 339 415 340
417 339 416 339
419 339 419 340
421 339 420 340
422 339 421 340
423 339 423 339
426 339 425 340
427 339 427 340
393 340 392 340
394 340 393 340
399 340 399 341
410 340 410 341
414 340 414 341
415 340 415 341
422 340 421 341
423 340 423 341
393 342 392 342
394 342 393 342
396 342 395 342
398 342 397 342
401 342 401 342
402 342 402 342
403 342 403 342
405 342 405 342
407 342 407 342
409 342 408 342
417 342 417 342
393 343 392 343
394 343 393 343
396 343 395 343
398 343 397 343
399 343 399 343
401 343 400 343
402 343 402 343
403 343 403 343
406 343 406 343
407 343 407 343
409 343 408 343
410 343 409 343
413 343 412 343
414 343 414 343
415 343 415 344
421 343 421 343
422 343 422 343
393 344 392 344
394 344 393 344
396 344 395 344
398 344 397 345
399 344 399 345
401 344 400 345
402 344 402 345
403 344 403 344
406 344 405 345
407 344 407 344
409 344 408 344
410 344 410 345
413 344 412 345
414 344 414 345
415 344 415 345
417 344 417 344
419 344 419 344
421 344 420 344
392 346 391 346
393 346 392 346
399 346 399 346
402 346 401 346
405 346 404 346
406 346 405 346
407 346 407 346
409 346 409 346
410 346 410 346
414 346 414 346
415 346 415 346
419 346 419 346
394 347 394 347
396 347 395 347
398 347 397 347
401 347 400 347
402 347 401 347
405 347 404 347
406 347 405 348
407 347 407 347
411 347 410 348
413 347 412 348
418 347 417 348
393 348 392 348
396 348 395 349
397 348 396 348
399 348 399 349
402 348 401 349
409 348 409 348
396 350 395 350
397 350 396 350
403 350 403 350
406 350 405 350
407 350 406 350
409 350 408 350
410 350 410 350
411 350 412 350
