412 313 412 313
414 313 414 313
416 313 416 313
417 313 417 313
418 313 418 313
420 313 420 313
421 313 421 313
428 313 428 313
433 313 432 312
434 313 434 312
435 313 435 312
412 314 412 314
413 314 413 314
414 314 414 314
416 314 416 314
417 314 417 314
418 314 418 314
420 314 420 314
422 314 422 314
424 314 423 314
425 314 425 314
426 314 426 314
433 314 432 314
434 314 434 314
409 315 409 315
410 315 410 315
412 315 412 315
413 315 413 315
414 315 414 315
421 315 421 315
422 315 422 315
424 315 423 315
425 315 425 315
408 317 408 317
409 317 409 317
410 317 410 317
412 317 412 317
413 317 413 317
414 317 414 317
417 317 417 317
418 317 418 317
420 317 420 317
421 317 421 317
422 317 422 316
424 317 424 316
425 317 425 316
408 318 408 318
409 318 409 318
410 318 410 318
412 318 412 318
413 318 413 318
417 318 417 318
418 318 418 318
421 318 421 318
422 318 422 318
424 318 423 318
425 318 425 317
434 318 433 318
408 319 408 319
409 319 409 319
410 319 410 319
412 319 412 319
413 319 413 319
416 319 416 319
417 319 417 319
418 319 418 319
420 319 420 319
421 319 421 319
422 319 422 319
424 319 423 319
425 319 425 319
433 319 433 319
408 320 408 320
409 320 409 320
410 320 410 320
412 320 412 320
413 320 413 320
416 320 416 320
417 320 417 320
418 320 418 320
420 320 420 320
421 320 421 321
422 320 422 320
424 320 423 320
425 320 425 320
408 322 408 322
409 322 409 322
410 322 410 322
412 322 412 322
413 322 413 321
416 322 416 322
418 322 418 322
420 322 420 322
422 322 422 322
405 323 405 324
409 323 409 323
410 323 410 323
412 323 412 323
413 323 413 323
416 323 416 323
417 323 417 323
418 323 418 323
420 323 420 323
421 323 421 323
422 323 422 323
426 323 426 324
430 323 430 323
431 323 432 323
406 324 406 324
412 324 412 324
414 324 414 324
417 324 417 324
418 324 418 324
420 324 420 324
421 324 421 324
422 324 422 324
404 326 404 325
405 326 405 326
406 326 406 326
408 326 408 326
409 326 409 326
410 326 410 326
412 326 412 326
413 326 413 326
417 326 417 326
418 326 418 326
420 326 420 326
421 326 421 326
422 326 422 326
425 326 425 326
433 326 433 326
435 326 435 325
404 327 404 327
405 327 405 327
406 327 406 327
408 327 408 327
409 327 409 327
410 327 410 327
412 327 412 327
413 327 413 327
416 327 416 327
417 327 417 327
418 327 418 327
420 327 420 327
422 327 422 327
424 327 423 327
425 327 425 327
431 327 432 327
433 327 433 327
435 327 435 327
404 328 404 328
405 328 405 328
406 328 406 328
408 328 408 328
410 328 410 328
414 328 414 328
416 328 416 328
417 328 417 328
418 328 418 328
422 328 422 328
424 328 424 328
428 328 427 328
429 328 428 328
430 328 430 328
431 328 432 328
433 328 433 328
404 330 404 330
405 330 405 330
406 330 406 330
408 330 408 330
410 330 410 330
412 330 412 330
414 330 414 330
416 330 416 330
417 330 417 330
418 330 418 330
422 330 422 330
424 330 424 330
428 330 427 330
429 330 428 330
430 330 430 330
431 330 432 330
434 330 434 330
435 330 435 331
391 331 391 331
392 331 392 331
393 331 393 331
395 331 395 331
401 331 401 331
404 331 404 331
405 331 405 331
408 331 408 331
409 331 409 331
410 331 410 331
412 331 412 331
413 331 413 331
414 331 414 331
416 331 416 331
417 331 417 331
418 331 418 331
420 331 419 331
421 331 421 331
422 331 422 331
424 331 424 331
425 331 425 332
426 331 426 331
430 331 430 331
431 331 432 331
435 331 435 332
391 332 391 332
392 332 392 332
393 332 393 332
395 332 395 332
396 332 396 332
397 332 397 332
398 332 399 332
400 332 400 332
401 332 401 332
402 332 402 332
406 332 406 332
408 332 408 332
409 332 409 332
410 332 410 332
412 332 412 332
414 332 414 332
416 332 416 332
417 332 417 332
418 332 418 332
420 332 419 332
421 332 421 332
422 332 422 332
426 332 426 333
429 332 428 332
431 332 432 332
391 334 391 334
392 334 392 334
393 334 393 334
395 334 394 334
396 334 396 334
397 334 397 334
398 334 399 333
400 334 400 334
401 334 401 334
404 334 404 334
405 334 405 334
406 334 406 334
408 334 408 334
409 334 409 334
410 334 410 334
412 334 412 333
413 334 413 334
414 334 414 334
416 334 416 334
417 334 417 334
418 334 418 334
420 334 420 334
421 334 421 334
424 334 424 334
426 334 426 334
433 334 433 334
434 334 434 334
392 335 392 335
393 335 393 335
397 335 397 335
398 335 398 335
400 335 400 335
401 335 401 335
402 335 402 335
404 335 404 335
405 335 405 335
406 335 406 335
408 335 408 335
409 335 409 335
410 335 410 335
412 335 412 335
413 335 413 335
414 335 414 335
416 335 416 335
417 335 417 335
418 335 418 335
420 335 420 335
421 335 421 335
422 335 422 335
424 335 424 335
425 335 425 335
429 335 429 334
430 335 430 334
431 335 432 335
391 336 391 336
393 336 393 337
396 336 396 337
398 336 398 336
400 336 400 336
401 336 401 336
402 336 402 336
404 336 404 336
405 336 405 336
406 336 406 336
408 336 408 336
409 336 409 336
410 336 410 336
412 336 412 336
413 336 413 336
416 336 416 336
417 336 417 336
418 336 418 336
420 336 420 336
421 336 421 336
422 336 422 336
424 336 424 336
425 336 425 336
426 336 426 336
429 336 429 336
430 336 430 336
431 336 430 338
391 338 391 338
392 338 392 338
395 338 394 338
397 338 397 337
398 338 398 337
400 338 400 338
401 338 401 338
402 338 402 338
404 338 404 338
405 338 405 338
406 338 406 338
408 338 408 338
409 338 409 338
410 338 410 338
412 338 412 338
416 338 416 338
417 338 417 338
418 338 418 338
420 338 420 338
422 338 422 338
426 338 426 338
430 338 430 337
391 339 391 339
392 339 392 339
393 339 393 339
395 339 395 339
396 339 396 338
397 339 397 339
398 339 399 339
400 339 400 339
401 339 401 339
402 339 402 339
404 339 404 339
405 339 405 339
406 339 406 339
408 339 408 339
409 339 409 339
410 339 410 339
412 339 412 339
413 339 413 339
414 339 414 339
416 339 416 339
417 339 417 339
418 339 418 339
420 339 420 339
422 339 422 339
425 339 425 339
429 339 429 339
391 340 391 340
392 340 392 340
393 340 393 340
395 340 395 340
397 340 397 340
398 340 398 340
400 340 400 340
401 340 401 340
402 340 403 340
405 340 405 340
406 340 406 340
408 340 408 340
409 340 409 340
410 340 410 341
412 340 412 341
414 340 414 340
416 340 416 340
417 340 417 340
418 340 418 340
420 340 420 340
421 340 421 340
422 340 422 340
424 340 424 340
425 340 425 340
426 340 426 340
391 342 391 342
392 342 392 342
393 342 393 341
395 342 394 341
396 342 396 341
397 342 397 341
398 342 398 341
401 342 401 342
402 342 402 342
404 342 404 342
405 342 405 342
406 342 406 342
408 342 408 342
409 342 409 342
410 342 410 342
412 342 412 342
413 342 413 342
414 342 414 342
416 342 416 342
417 342 417 342
418 342 418 342
420 342 420 342
421 342 421 342
422 342 422 342
424 342 424 342
391 343 391 343
393 343 393 343
396 343 396 342
397 343 397 342
398 343 398 343
400 343 400 343
401 343 401 343
402 343 402 343
404 343 404 343
406 343 406 343
408 343 408 343
409 343 409 343
410 343 410 343
412 343 412 343
413 343 413 343
414 343 414 343
416 343 416 343
417 343 417 343
418 343 418 343
421 343 421 343
391 344 391 344
392 344 392 344
395 344 394 344
396 344 396 344
397 344 397 344
398 344 399 344
400 344 400 344
401 344 401 344
402 344 402 344
404 344 404 344
405 344 405 344
406 344 406 344
408 344 408 344
409 344 409 344
410 344 410 344
413 344 413 344
414 344 414 344
416 344 416 344
391 346 391 345
392 346 392 345
393 346 393 345
395 346 395 346
396 346 396 346
397 346 397 346
398 346 399 346
400 346 400 346
401 346 401 346
402 346 402 346
404 346 404 346
405 346 405 346
406 346 406 346
408 346 408 346
409 346 409 346
410 346 410 346
412 346 412 346
413 346 413 346
416 346 416 345
417 346 418 345
418 346 419 345
391 347 391 347
392 347 392 347
393 347 393 347
395 347 395 347
396 347 396 348
400 347 400 347
401 347 401 347
402 347 402 347
404 347 404 347
405 347 405 347
406 347 406 347
408 347 408 347
409 347 409 347
410 347 410 347
412 347 412 347
413 347 413 347
416 347 416 346
417 347 418 346
418 347 419 346
391 348 391 348
392 348 392 348
393 348 393 348
395 348 395 349
396 348 396 349
397 348 397 349
398 348 398 349
400 348 400 348
401 348 401 348
402 348 402 348
404 348 404 348
405 348 405 348
406 348 406 348
409 348 409 348
410 348 410 348
412 348 412 348
413 348 413 348
395 350 394 350
396 350 396 350
397 350 397 350
398 350 398 350
400 350 400 350
401 350 401 350
402 350 402 350
404 350 404 350
405 350 405 350
406 350 406 350
408 350 408 349
409 350 409 349
410 350 410 350
412 350 412 349
413 350 414 349
398 351 399 351
400 351 400 351
401 351 401 351
402 351 402 351
404 351 404 351
405 351 405 351
406 351 406 351
408 351 408 351
409 351 409 351
410 351 410 351
