424 313 424 313
426 314 426 313
422 315 422 315
424 315 424 315
426 315 426 315
416 317 416 317
418 317 418 317
422 317 422 316
424 317 424 317
425 317 425 316
413 318 413 318
416 318 416 318
417 318 417 318
418 318 418 318
420 318 420 318
424 318 424 318
412 319 412 319
416 319 416 319
417 319 417 319
418 319 418 319
420 319 420 319
422 319 422 319
409 320 409 320
410 320 410 320
413 320 413 320
433 320 433 321
409 322 409 322
410 322 410 322
412 322 412 322
413 322 413 322
414 322 414 322
418 322 418 322
420 322 420 322
409 323 409 323
410 323 410 323
412 323 412 323
413 323 413 323
414 323 414 323
417 323 417 323
418 323 418 323
420 323 420 323
422 323 422 323
426 323 426 323
431 323 432 323
406 324 406 324
408 324 408 324
410 324 410 325
412 324 412 325
413 324 413 325
417 324 417 324
418 324 418 324
420 324 420 324
425 324 425 324
426 324 426 324
434 324 434 323
405 326 405 326
410 326 410 326
418 326 418 326
420 326 420 326
424 326 424 326
425 326 425 326
426 326 426 326
430 326 430 326
434 326 434 325
406 327 406 327
409 327 409 327
412 327 412 327
413 327 413 327
417 327 417 327
405 328 405 328
406 328 406 328
408 328 408 328
410 328 410 328
412 328 412 328
413 328 413 328
416 328 416 328
417 328 417 328
418 328 418 328
420 328 420 328
421 328 421 328
424 328 424 328
425 328 425 328
430 328 430 328
404 330 403 330
405 330 405 330
406 330 406 330
409 330 409 330
410 330 410 330
412 330 412 330
413 330 413 330
416 330 416 330
417 330 417 330
418 330 418 330
420 330 420 330
422 330 422 330
424 330 424 330
426 330 426 330
398 331 399 330
400 331 400 330
402 331 402 331
404 331 404 331
405 331 405 331
406 331 406 331
408 331 408 331
410 331 410 331
412 331 412 331
413 331 413 331
416 331 416 331
417 331 417 331
418 331 418 331
420 331 420 331
422 331 422 331
424 331 424 331
425 331 425 331
395 332 395 332
397 332 397 332
398 332 398 332
400 332 400 332
404 332 404 332
413 332 413 332
417 332 417 332
418 332 418 332
420 332 420 332
424 332 424 333
396 334 396 334
397 334 397 334
398 334 398 334
400 334 400 334
405 334 405 334
406 334 406 334
408 334 408 334
410 334 410 334
412 334 412 334
422 334 422 334
430 334 430 333
431 334 432 333
395 335 395 335
397 335 397 335
398 335 398 335
400 335 400 335
402 335 402 335
404 335 404 335
405 335 405 335
406 335 406 335
410 335 410 335
412 335 412 335
413 335 413 335
417 335 417 335
418 335 418 335
420 335 420 335
422 335 422 335
424 335 424 335
425 335 425 335
426 335 426 335
429 335 429 334
430 335 430 335
392 336 392 335
393 336 393 335
397 336 397 337
398 336 399 336
400 336 400 336
402 336 402 336
404 336 404 336
405 336 405 336
406 336 406 336
409 336 409 336
410 336 410 336
412 336 412 336
413 336 413 336
414 336 414 336
417 336 417 336
418 336 418 336
420 336 420 336
422 336 422 336
424 336 424 336
425 336 425 336
426 336 426 336
428 336 428 336
429 336 429 336
430 336 431 336
392 338 392 337
393 338 393 337
395 338 395 336
397 338 397 338
398 338 399 338
400 338 400 338
402 338 402 338
404 338 404 338
405 338 405 338
406 338 406 338
409 338 409 338
410 338 410 338
412 338 412 338
413 338 413 338
414 338 414 338
417 338 417 338
418 338 418 338
420 338 420 338
422 338 422 338
424 338 424 338
425 338 425 338
426 338 426 338
392 339 392 339
393 339 393 339
397 339 397 339
398 339 399 339
404 339 404 339
405 339 405 339
410 339 410 339
412 339 412 339
413 339 413 339
424 339 424 339
426 339 426 339
392 340 392 340
393 340 393 340
395 340 395 340
400 340 400 340
406 340 406 340
408 340 408 340
416 340 416 340
417 340 417 340
418 340 418 340
420 340 420 340
393 342 393 341
395 342 395 341
397 342 397 341
398 342 398 342
400 342 400 342
402 342 402 342
404 342 404 342
405 342 405 342
406 342 406 342
408 342 408 342
410 342 410 342
412 342 412 342
413 342 413 342
416 342 416 342
417 342 417 342
418 342 418 342
420 342 420 342
424 342 424 342
392 343 392 343
397 343 397 343
398 343 398 343
400 343 400 343
404 343 404 343
405 343 405 343
406 343 406 343
409 343 409 343
410 343 410 343
412 343 412 343
413 343 413 343
416 343 416 343
417 343 417 343
418 343 418 343
420 343 420 343
422 343 423 343
391 344 391 344
392 344 392 344
393 344 393 344
396 344 396 344
398 344 398 344
400 344 400 344
402 344 402 344
404 344 404 344
405 344 405 344
406 344 406 344
409 344 409 344
410 344 410 344
412 344 412 344
413 344 413 344
416 344 416 344
417 344 417 344
418 344 418 344
420 344 420 344
391 346 391 346
392 346 392 346
393 346 393 346
398 346 399 346
416 346 416 346
397 347 397 348
405 347 405 347
406 347 406 347
408 347 408 347
410 347 410 347
412 347 412 347
413 347 413 347
418 347 417 348
391 348 391 348
392 348 392 348
393 348 393 349
400 348 400 348
402 348 403 348
404 348 404 348
405 348 405 348
406 348 406 348
409 348 409 348
410 348 410 348
412 348 412 348
413 348 413 348
396 350 396 347
397 350 397 350
398 350 399 350
400 350 400 350
402 350 402 350
404 350 404 350
405 350 405 350
406 350 406 350
409 350 409 350
410 350 410 350
412 350 412 350
413 350 413 350
397 351 397 351
398 351 399 351
400 351 400 351
402 351 403 351
404 351 404 351
405 351 405 351
406 351 406 351
410 351 410 351
