413 305 412 305
414 305 414 305
416 305 416 305
417 305 417 305
419 305 419 305
421 305 421 305
422 305 422 305
424 305 424 305
426 305 425 305
411 306 410 306
413 306 412 306
414 306 414 306
416 306 416 306
417 306 417 306
419 306 419 306
421 306 421 306
422 306 422 306
426 306 426 306
427 306 427 306
430 306 430 307
409 308 409 308
411 308 411 308
413 308 413 308
416 308 416 308
417 308 417 308
419 308 419 308
421 308 421 308
422 308 422 308
424 308 424 308
426 308 426 308
427 308 427 308
429 308 429 308
430 308 431 308
408 310 408 310
409 310 409 310
411 310 411 310
413 310 413 310
416 310 416 310
417 310 417 310
419 310 419 310
421 310 421 310
422 310 422 310
424 310 424 310
426 310 426 310
427 310 427 310
429 310 429 310
430 310 430 310
406 311 406 310
409 311 409 311
411 311 411 311
413 311 413 311
414 311 414 311
416 311 416 311
417 311 417 311
419 311 419 311
421 311 421 311
422 311 422 311
424 311 424 311
426 311 426 311
427 311 427 311
429 311 429 311
430 311 431 311
406 313 406 313
408 313 408 313
409 313 409 313
411 313 411 313
413 313 413 313
414 313 414 313
416 313 416 313
417 313 417 313
419 313 419 313
421 313 421 313
422 313 422 313
424 313 424 313
426 313 426 313
427 313 427 313
429 313 429 313
430 313 431 313
405 314 404 314
406 314 406 314
408 314 408 315
409 314 409 314
411 314 411 314
414 314 414 314
417 314 417 314
419 314 419 315
421 314 421 314
422 314 422 314
424 314 424 314
426 314 426 314
430 314 430 314
375 316 374 315
377 316 376 315
385 316 384 315
387 316 386 315
388 316 388 315
390 316 390 315
392 316 392 315
395 316 395 316
405 316 404 316
406 316 406 316
408 316 408 316
409 316 409 316
411 316 411 316
413 316 413 316
416 316 416 316
417 316 417 316
419 316 419 316
421 316 421 316
422 316 422 316
424 316 424 316
426 316 426 316
429 316 429 316
434 316 434 316
374 318 373 317
377 318 377 318
379 318 379 318
387 318 386 317
388 318 388 317
390 318 390 317
393 318 393 318
395 318 395 318
406 318 406 318
408 318 408 318
409 318 409 318
411 318 411 318
413 318 413 318
414 318 414 318
416 318 416 318
417 318 417 318
419 318 419 318
421 318 421 318
422 318 422 318
424 318 424 318
432 318 432 318
434 318 434 318
374 319 373 318
379 319 379 319
387 319 387 319
388 319 388 319
390 319 390 319
392 319 392 319
393 319 393 319
395 319 396 319
406 319 406 319
408 319 408 319
409 319 409 319
411 319 411 319
413 319 413 319
414 319 414 319
416 319 416 319
417 319 417 319
419 319 419 319
421 319 421 319
422 319 422 319
424 319 424 319
379 321 379 321
388 321 388 321
390 321 390 321
392 321 392 321
393 321 393 321
395 321 395 321
398 321 399 320
400 321 401 320
405 321 404 321
406 321 406 321
408 321 408 321
409 321 409 321
411 321 411 321
413 321 413 321
414 321 414 321
416 321 416 321
417 321 417 321
419 321 419 321
421 321 421 321
422 321 422 321
434 321 434 321
374 323 373 321
375 323 375 323
379 323 379 322
385 323 385 323
388 323 388 322
390 323 390 322
392 323 391 323
393 323 393 323
395 323 395 323
396 323 396 323
400 323 400 322
405 323 404 323
406 323 406 323
408 323 408 323
409 323 409 323
411 323 411 323
413 323 413 323
414 323 414 323
416 323 416 323
417 323 417 323
419 323 419 323
421 323 421 323
422 323 422 323
424 323 424 323
426 323 426 323
434 323 434 322
374 324 373 323
375 324 375 324
379 324 379 324
383 324 383 324
385 324 385 324
388 324 388 324
390 324 390 324
392 324 392 324
393 324 393 324
395 324 395 324
396 324 396 324
401 324 401 324
405 324 404 324
406 324 406 324
408 324 408 324
409 324 409 324
411 324 411 325
413 324 413 325
414 324 414 325
416 324 416 324
417 324 417 324
419 324 419 324
421 324 421 324
424 324 424 324
426 324 426 324
429 324 429 325
435 324 435 324
374 326 373 325
379 326 378 325
385 326 385 326
388 326 388 326
390 326 390 326
392 326 392 326
393 326 393 326
395 326 395 326
396 326 396 326
398 326 398 326
401 326 401 326
405 326 404 326
406 326 406 326
408 326 408 326
409 326 409 326
411 326 411 326
414 326 414 326
416 326 416 326
417 326 417 326
419 326 419 326
421 326 421 326
427 326 427 326
429 326 429 327
430 326 430 326
432 326 432 326
434 326 434 326
435 326 435 326
374 327 373 327
375 327 374 327
377 327 377 327
379 327 379 327
382 327 382 327
385 327 385 327
387 327 387 327
388 327 388 327
390 327 390 327
392 327 392 327
393 327 393 327
395 327 395 327
396 327 396 327
398 327 398 327
401 327 401 327
405 327 404 327
406 327 406 327
408 327 408 327
409 327 409 327
411 327 411 328
413 327 413 327
414 327 414 328
416 327 416 327
417 327 418 327
419 327 419 327
421 327 421 327
422 327 422 327
426 327 426 328
427 327 427 328
430 327 430 328
435 327 435 328
375 329 375 329
377 329 377 329
379 329 379 329
382 329 382 329
385 329 385 329
387 329 387 329
388 329 388 329
393 329 393 329
395 329 395 329
396 329 396 329
398 329 398 329
400 329 400 329
405 329 405 329
406 329 406 329
408 329 408 329
409 329 409 329
411 329 411 329
413 329 413 329
414 329 414 329
416 329 416 329
417 329 417 329
419 329 419 329
421 329 421 329
422 329 422 329
424 329 424 329
426 329 426 329
427 329 427 329
429 329 429 330
430 329 431 330
432 329 432 329
435 329 435 329
375 331 375 331
377 331 377 331
380 331 380 331
382 331 382 331
385 331 385 331
387 331 387 331
388 331 388 331
390 331 390 331
392 331 392 331
393 331 393 331
395 331 395 331
396 331 396 331
398 331 398 331
400 331 400 331
403 331 403 331
408 331 408 331
409 331 409 331
411 331 411 331
413 331 413 331
414 331 414 331
416 331 416 331
417 331 417 331
419 331 419 331
421 331 421 331
422 331 422 331
424 331 424 331
426 331 426 331
427 331 427 331
430 331 431 331
432 331 432 331
435 331 435 331
374 332 373 331
375 332 375 332
377 332 377 332
382 332 382 332
383 332 384 332
387 332 387 332
388 332 388 332
390 332 390 332
392 332 391 332
393 332 393 332
395 332 395 332
396 332 396 332
398 332 398 332
401 332 401 332
403 332 403 332
405 332 404 332
406 332 406 332
408 332 408 332
409 332 409 332
411 332 411 332
413 332 413 332
414 332 414 332
416 332 416 332
417 332 417 332
419 332 419 332
421 332 421 332
422 332 422 332
424 332 424 332
426 332 426 332
427 332 427 332
429 332 429 332
432 332 432 332
434 332 434 332
435 332 435 332
375 334 375 334
377 334 377 334
388 334 388 334
390 334 390 334
392 334 392 334
393 334 393 334
395 334 395 334
396 334 396 334
398 334 398 334
400 334 400 334
401 334 401 334
403 334 403 334
405 334 405 334
406 334 406 334
408 334 408 334
409 334 409 334
411 334 411 334
413 334 413 334
414 334 414 334
416 334 416 334
417 334 417 334
419 334 419 334
421 334 421 334
422 334 422 334
424 334 424 334
426 334 426 334
427 334 427 334
429 334 429 334
430 334 431 334
432 334 432 334
434 334 434 334
380 336 380 336
382 336 382 336
383 336 384 336
387 336 387 336
390 336 390 336
392 336 391 336
393 336 393 336
395 336 395 336
396 336 396 336
400 336 400 336
401 336 401 336
403 336 403 336
405 336 405 336
406 336 406 336
408 336 408 336
409 336 409 335
411 336 411 335
413 336 413 336
414 336 414 336
416 336 416 336
417 336 418 336
419 336 419 336
421 336 421 336
422 336 422 336
424 336 424 336
426 336 426 336
427 336 427 336
429 336 429 335
432 336 432 336
377 337 377 337
379 337 378 337
380 337 380 337
382 337 382 337
383 337 383 337
388 337 388 337
390 337 390 337
393 337 393 337
395 337 395 338
396 337 396 338
400 337 400 337
401 337 401 337
403 337 403 337
405 337 405 337
406 337 406 337
408 337 408 337
409 337 409 337
411 337 411 337
413 337 413 337
414 337 414 337
416 337 416 337
417 337 418 337
419 337 419 337
421 337 421 337
422 337 422 337
424 337 424 337
426 337 426 337
427 337 427 337
429 337 429 338
430 337 430 338
385 339 385 339
387 339 387 339
388 339 388 339
390 339 390 339
393 339 393 339
395 339 395 339
398 339 398 339
400 339 400 339
401 339 401 339
403 339 403 339
405 339 405 339
406 339 406 339
408 339 408 339
409 339 409 339
411 339 411 339
413 339 413 339
414 339 414 339
416 339 416 339
417 339 417 339
419 339 419 339
421 339 421 339
422 339 422 339
424 339 424 339
426 339 426 339
427 339 427 339
429 339 429 339
382 340 382 340
387 340 387 340
388 340 388 340
390 340 390 340
393 340 393 341
395 340 395 341
396 340 396 341
398 340 398 340
400 340 400 340
401 340 401 340
403 340 403 340
405 340 405 340
406 340 406 340
408 340 408 340
409 340 409 340
411 340 411 340
413 340 413 340
414 340 414 340
416 340 416 340
417 340 417 340
419 340 419 340
421 340 421 340
422 340 422 340
424 340 424 340
426 340 426 340
427 340 427 340
388 342 388 342
390 342 390 342
392 342 392 342
393 342 393 342
395 342 395 342
396 342 396 342
398 342 398 342
400 342 400 342
401 342 401 342
403 342 403 342
405 342 404 342
406 342 406 342
408 342 408 342
409 342 409 342
411 342 411 342
413 342 413 342
414 342 414 342
416 342 416 342
417 342 417 342
419 342 419 342
421 342 421 342
422 342 422 342
424 342 424 342
387 344 387 344
388 344 388 344
392 344 392 344
393 344 393 344
395 344 395 344
396 344 396 344
398 344 398 344
400 344 400 344
401 344 401 344
403 344 403 344
405 344 405 344
406 344 406 344
408 344 408 344
409 344 409 344
411 344 411 344
413 344 413 344
414 344 414 344
416 344 416 344
417 344 417 344
419 344 419 344
421 344 421 344
387 345 387 345
388 345 388 345
390 345 390 345
392 345 392 345
393 345 393 345
395 345 395 345
396 345 396 345
398 345 398 345
400 345 400 345
401 345 401 345
403 345 403 345
405 345 405 345
406 345 406 345
408 345 408 345
409 345 409 345
411 345 411 346
413 345 413 345
414 345 414 345
416 345 416 345
417 345 418 345
419 345 419 345
390 347 390 347
392 347 392 347
393 347 393 347
395 347 395 347
396 347 396 347
398 347 398 347
400 347 400 347
401 347 401 347
403 347 403 347
405 347 404 347
406 347 406 347
408 347 408 347
409 347 409 347
411 347 411 347
413 347 413 347
414 347 414 347
416 347 416 347
417 347 417 348
393 348 393 349
395 348 395 349
398 348 398 349
400 348 400 348
401 348 401 348
403 348 403 348
405 348 404 348
406 348 406 348
408 348 408 348
409 348 409 349
411 348 411 348
413 348 413 348
414 348 414 349
416 348 415 349
396 350 396 350
398 350 398 350
400 350 400 350
401 350 401 350
403 350 403 350
405 350 404 350
406 350 406 350
408 350 408 350
409 350 409 350
411 350 411 350
413 350 413 350
