414 305 414 305
417 305 417 305
413 306 412 306
417 306 402 297
422 306 422 306
424 306 424 306
427 306 427 306
430 306 430 307
409 308 409 308
411 308 411 308
414 308 414 308
416 308 416 308
417 308 417 308
419 308 419 308
421 308 421 308
422 308 422 308
426 308 426 308
427 308 427 308
429 308 429 308
430 308 430 308
409 310 409 310
413 310 412 310
414 310 414 310
416 310 416 310
417 310 417 310
419 310 419 310
421 310 421 310
422 310 422 310
426 310 426 310
427 310 427 310
429 310 429 310
430 310 430 309
411 311 411 311
413 311 412 311
416 311 416 311
417 311 417 311
419 311 419 311
421 311 421 311
422 311 422 311
426 311 426 311
427 311 427 311
429 311 429 311
430 311 430 311
409 313 408 312
414 313 414 313
416 313 416 313
421 313 421 313
424 313 424 313
426 313 426 313
427 313 427 313
429 313 429 313
430 313 430 313
409 314 409 314
411 314 411 314
413 314 413 315
417 314 417 315
419 314 419 315
421 314 421 314
422 314 422 314
424 314 424 314
426 314 426 314
429 314 429 314
395 316 397 312
409 316 410 316
413 316 413 316
417 316 417 316
419 316 419 316
421 316 421 316
422 316 422 316
424 316 424 316
426 316 425 316
427 316 427 316
429 316 429 316
375 318 375 318
377 318 377 318
379 318 379 318
380 318 380 318
382 318 382 318
385 318 383 315
390 318 390 313
392 318 392 313
393 318 395 313
395 318 397 313
408 318 407 318
411 318 411 318
413 318 413 318
416 318 416 318
417 318 417 318
419 318 419 318
421 318 421 318
422 318 422 318
424 318 424 318
426 318 425 318
375 319 375 319
377 319 377 319
379 319 379 319
380 319 380 319
382 319 382 319
383 319 383 319
408 319 407 320
413 319 413 319
416 319 416 319
417 319 417 319
419 319 419 319
421 319 421 319
422 319 422 319
424 319 424 319
374 321 372 318
375 321 375 321
377 321 377 321
379 321 379 321
380 321 380 321
382 321 382 321
392 321 390 316
408 321 406 322
411 321 411 321
413 321 413 321
416 321 416 321
417 321 417 321
419 321 419 321
421 321 421 321
422 321 422 321
424 321 424 321
434 321 434 321
374 323 372 321
375 323 375 323
377 323 377 323
379 323 379 323
380 323 380 323
382 323 382 323
383 323 383 323
385 323 385 323
393 323 393 319
400 323 399 323
401 323 401 322
408 323 407 323
409 323 409 323
411 323 411 323
414 323 414 323
417 323 417 323
419 323 419 323
421 323 421 323
422 323 422 323
424 323 424 323
426 323 426 323
374 324 372 323
375 324 374 323
377 324 377 324
380 324 380 324
382 324 382 324
383 324 383 324
387 324 387 324
393 324 393 324
395 324 395 324
403 324 403 324
406 324 406 324
408 324 408 324
409 324 409 324
413 324 413 324
417 324 417 324
419 324 419 324
421 324 421 324
422 324 422 324
424 324 424 324
426 324 425 324
429 324 429 324
430 324 430 323
432 324 432 323
434 324 434 323
379 326 379 326
380 326 380 326
382 326 382 326
383 326 383 326
385 326 385 326
387 326 387 326
388 326 389 326
390 326 390 326
392 326 392 326
393 326 393 326
395 326 395 326
396 326 396 326
398 326 398 326
400 326 400 326
403 326 403 326
404 326 405 326
406 326 406 326
408 326 408 326
409 326 409 326
411 326 411 326
416 326 416 326
417 326 417 326
419 326 419 326
421 326 421 326
422 326 422 326
424 326 424 326
426 326 425 326
427 326 427 325
430 326 430 325
432 326 432 325
435 326 435 327
374 327 372 327
375 327 375 327
377 327 377 327
379 327 379 327
380 327 380 328
382 327 382 328
383 327 383 327
385 327 385 327
387 327 387 327
388 327 388 327
390 327 390 327
392 327 392 327
393 327 393 327
395 327 395 327
396 327 396 327
398 327 398 327
400 327 400 327
403 327 403 327
404 327 405 327
406 327 406 327
408 327 408 327
409 327 409 328
411 327 411 328
413 327 413 327
419 327 419 327
421 327 421 327
422 327 422 327
424 327 424 327
426 327 426 328
427 327 427 328
429 327 428 328
375 329 375 329
377 329 377 329
379 329 379 329
380 329 380 329
382 329 382 329
385 329 385 329
387 329 387 329
388 329 388 329
390 329 390 329
392 329 392 329
393 329 393 329
395 329 395 329
396 329 396 329
398 329 398 329
401 329 401 329
403 329 403 329
404 329 404 329
406 329 406 329
408 329 408 329
409 329 409 329
411 329 411 329
413 329 413 329
419 329 419 329
421 329 421 329
422 329 422 329
424 329 424 329
426 329 426 329
432 329 432 330
435 329 435 330
374 331 373 331
375 331 375 331
377 331 377 331
379 331 379 331
380 331 380 331
382 331 382 331
383 331 383 331
385 331 385 331
387 331 387 331
388 331 388 331
390 331 390 331
392 331 392 331
396 331 396 331
398 331 398 331
400 331 400 331
401 331 401 331
403 331 403 331
406 331 406 331
408 331 408 331
409 331 409 331
411 331 411 331
416 331 416 331
417 331 418 331
419 331 419 331
427 331 427 330
429 331 428 330
434 331 434 332
435 331 435 332
374 332 373 332
375 332 375 332
377 332 377 332
379 332 379 332
380 332 380 332
382 332 382 332
385 332 385 332
387 332 387 332
388 332 388 332
390 332 390 332
392 332 391 332
393 332 393 332
395 332 395 332
398 332 398 332
400 332 400 332
401 332 401 332
403 332 403 332
404 332 404 332
406 332 406 332
414 332 414 332
416 332 416 332
422 332 422 332
424 332 424 332
426 332 426 332
427 332 427 332
429 332 429 332
430 332 430 332
432 332 432 332
434 332 433 333
435 332 435 333
375 334 375 334
377 334 377 334
379 334 379 334
380 334 380 334
383 334 384 334
387 334 387 334
390 334 390 334
392 334 392 334
396 334 396 334
403 334 403 334
404 334 405 334
406 334 406 334
408 334 408 334
409 334 409 334
411 334 411 334
414 334 414 334
422 334 422 334
424 334 424 334
426 334 426 334
427 334 427 333
429 334 429 333
430 334 430 333
434 334 433 335
377 336 377 336
379 336 379 336
382 336 382 336
385 336 385 335
388 336 388 335
393 336 393 335
395 336 395 335
396 336 396 335
400 336 400 335
401 336 401 335
409 336 409 335
411 336 411 335
414 336 414 335
416 336 416 335
417 336 418 335
422 336 422 336
426 336 426 335
427 336 427 335
429 336 429 335
377 337 377 337
379 337 379 337
380 337 380 337
382 337 382 337
383 337 383 337
387 337 387 337
388 337 388 337
390 337 390 337
392 337 392 337
395 337 395 337
398 337 398 337
400 337 400 337
401 337 401 337
403 337 403 337
404 337 405 337
406 337 406 337
408 337 408 337
409 337 409 337
411 337 411 337
413 337 413 337
416 337 416 337
417 337 417 337
421 337 421 337
422 337 422 337
424 337 424 337
426 337 426 337
427 337 427 337
430 337 430 338
382 339 382 339
385 339 385 339
387 339 387 339
388 339 388 339
390 339 390 339
392 339 392 339
393 339 393 338
395 339 395 338
396 339 396 340
398 339 398 339
400 339 400 339
401 339 401 339
403 339 403 339
406 339 406 339
408 339 408 339
409 339 409 339
411 339 411 339
413 339 413 339
414 339 414 339
416 339 416 339
417 339 418 339
421 339 421 339
426 339 426 339
383 340 383 340
390 340 390 340
393 340 393 341
395 340 395 341
396 340 396 342
401 340 401 340
403 340 403 340
404 340 405 340
406 340 406 340
408 340 408 340
409 340 409 340
411 340 411 340
413 340 413 340
414 340 414 340
416 340 416 340
417 340 418 340
421 340 421 340
422 340 422 340
426 340 426 340
427 340 427 340
385 342 385 342
387 342 387 342
388 342 388 342
392 342 392 342
396 342 396 343
398 342 398 342
400 342 400 342
401 342 401 342
403 342 403 342
404 342 404 342
406 342 406 342
408 342 408 342
409 342 409 342
411 342 411 342
413 342 413 342
414 342 414 342
419 342 419 342
421 342 421 342
424 342 424 342
388 344 388 344
390 344 390 344
392 344 392 344
393 344 393 343
395 344 395 343
398 344 398 344
400 344 400 344
401 344 401 344
403 344 403 344
404 344 405 344
406 344 406 344
408 344 408 344
409 344 409 343
411 344 411 343
413 344 413 343
414 344 414 344
419 344 419 344
421 344 421 344
387 345 387 345
388 345 388 345
390 345 390 345
392 345 392 345
393 345 393 345
395 345 395 345
396 345 396 345
398 345 398 345
400 345 400 345
401 345 401 345
403 345 403 345
404 345 405 345
406 345 406 345
408 345 408 345
409 345 409 345
411 345 411 345
413 345 413 345
414 345 414 345
416 345 416 345
417 345 418 345
390 347 390 347
392 347 392 347
393 347 393 347
395 347 395 346
396 347 397 346
398 347 398 347
400 347 400 347
401 347 401 347
403 347 403 347
404 347 404 347
406 347 406 347
408 347 408 347
409 347 409 347
411 347 411 347
413 347 413 347
414 347 414 347
416 347 416 347
417 347 418 347
392 348 392 348
393 348 393 348
398 348 398 348
400 348 400 348
401 348 401 348
403 348 403 348
404 348 405 348
406 348 406 348
408 348 408 348
409 348 409 348
411 348 411 349
413 348 413 348
414 348 414 348
416 348 416 348
396 350 396 349
398 350 398 350
400 350 400 350
401 350 401 350
403 350 403 350
404 350 405 350
406 350 406 350
408 350 408 350
409 350 409 350
411 350 411 350
413 350 413 350
