394 295 393 295
395 295 395 295
397 295 397 295
399 295 399 295
400 295 400 295
402 295 402 295
404 295 404 295
405 295 405 295
407 295 407 295
408 295 409 295
410 295 410 295
412 295 412 295
392 297 392 297
394 297 393 297
395 297 395 297
397 297 397 297
399 297 399 297
400 297 400 297
402 297 402 297
404 297 403 297
405 297 405 297
407 297 407 297
408 297 409 297
410 297 410 297
412 297 412 297
387 298 387 298
389 298 388 298
390 298 390 298
392 298 392 298
394 298 394 298
395 298 395 298
397 298 397 298
399 298 399 298
400 298 400 298
402 298 402 298
404 298 404 298
405 298 405 298
407 298 407 298
408 298 409 298
410 298 410 298
412 298 412 298
413 298 415 298
415 298 416 298
384 300 384 300
385 300 385 300
387 300 387 300
389 300 389 300
390 300 390 300
392 300 392 300
394 300 394 300
395 300 395 300
397 300 397 300
399 300 398 300
400 300 400 300
402 300 402 300
404 300 403 300
405 300 405 300
407 300 407 300
408 300 409 300
410 300 410 300
412 300 412 300
413 300 413 300
415 300 415 300
417 300 417 299
382 302 382 302
384 302 384 302
385 302 385 302
387 302 387 302
389 302 389 302
390 302 390 302
392 302 392 302
394 302 394 302
395 302 395 302
397 302 397 302
399 302 399 302
400 302 400 302
402 302 402 302
404 302 403 302
405 302 405 302
407 302 407 302
408 302 409 302
410 302 410 302
412 302 412 302
413 302 413 302
415 302 415 301
417 302 417 301
418 302 418 301
420 302 420 302
422 302 422 302
379 303 378 303
380 303 380 303
382 303 382 303
384 303 384 303
385 303 385 303
387 303 387 303
389 303 389 303
390 303 390 303
392 303 392 303
394 303 394 303
395 303 395 303
397 303 397 303
399 303 399 303
400 303 400 303
402 303 402 303
404 303 403 303
405 303 405 303
407 303 407 303
408 303 408 303
410 303 410 303
412 303 412 303
413 303 413 303
415 303 415 303
417 303 417 303
418 303 419 303
420 303 420 303
422 303 422 303
423 303 424 303
374 305 374 305
375 305 375 305
377 305 377 305
379 305 379 305
380 305 380 305
382 305 382 305
384 305 384 305
385 305 385 305
387 305 387 305
389 305 389 305
390 305 390 305
392 305 392 305
394 305 394 305
395 305 395 305
397 305 397 305
399 305 398 305
400 305 400 305
402 305 402 305
404 305 403 305
405 305 405 305
407 305 407 305
408 305 409 305
410 305 410 305
412 305 412 305
413 305 413 305
415 305 415 305
417 305 417 305
418 305 418 305
420 305 420 305
422 305 422 305
423 305 423 305
425 305 425 305
427 305 427 305
428 305 428 305
372 307 372 307
374 307 374 307
375 307 375 307
377 307 377 307
379 307 379 307
380 307 380 307
382 307 382 307
384 307 384 307
385 307 385 307
387 307 387 307
389 307 389 307
390 307 390 307
392 307 392 307
394 307 394 307
395 307 395 307
397 307 397 307
399 307 398 307
400 307 400 307
402 307 402 307
404 307 403 307
405 307 405 307
407 307 407 307
408 307 409 307
410 307 410 307
412 307 412 307
413 307 413 307
415 307 415 307
417 307 417 307
418 307 418 307
420 307 420 307
422 307 422 307
423 307 423 307
425 307 425 307
427 307 427 307
428 307 428 307
430 307 430 307
372 308 372 308
374 308 374 308
375 308 375 308
377 308 377 308
379 308 379 308
380 308 380 308
382 308 382 308
384 308 383 308
385 308 385 308
387 308 387 308
389 308 389 308
390 308 390 308
392 308 392 308
394 308 394 308
395 308 395 308
397 308 397 308
399 308 398 308
400 308 400 308
402 308 402 308
404 308 404 308
405 308 405 308
407 308 407 308
408 308 408 308
410 308 410 308
412 308 412 308
413 308 413 308
415 308 415 308
417 308 417 308
418 308 418 308
420 308 420 308
422 308 422 308
423 308 423 308
425 308 425 308
427 308 427 308
428 308 428 308
430 308 430 308
372 310 372 310
374 310 374 310
375 310 375 310
377 310 377 310
379 310 379 310
380 310 380 310
382 310 382 310
384 310 384 310
385 310 385 310
387 310 387 310
389 310 388 310
390 310 390 310
392 310 392 310
394 310 394 310
395 310 395 310
397 310 397 310
399 310 398 310
400 310 400 310
402 310 402 310
404 310 404 310
405 310 405 310
407 310 407 310
408 310 408 310
410 310 410 310
412 310 412 310
413 310 413 310
415 310 415 310
417 310 417 310
418 310 418 310
420 310 420 310
422 310 422 310
423 310 423 310
425 310 425 310
427 310 427 310
428 310 428 310
430 310 430 310
372 312 372 312
374 312 374 312
375 312 375 312
377 312 377 312
379 312 379 312
380 312 380 312
382 312 382 312
384 312 384 312
385 312 385 312
387 312 387 312
389 312 388 312
390 312 390 312
392 312 392 312
394 312 393 312
395 312 395 312
397 312 397 312
399 312 398 312
400 312 400 312
402 312 402 312
404 312 403 312
405 312 405 312
407 312 407 312
408 312 409 312
410 312 410 312
412 312 412 312
413 312 413 312
415 312 415 312
417 312 417 312
418 312 418 312
420 312 420 312
422 312 422 312
423 312 423 312
425 312 425 312
427 312 427 312
428 312 428 312
430 312 430 311
372 313 372 313
374 313 374 313
375 313 375 313
377 313 377 313
379 313 379 313
380 313 380 313
382 313 382 313
384 313 384 313
385 313 385 313
387 313 387 313
389 313 389 313
390 313 390 313
392 313 392 313
394 313 394 313
395 313 395 313
397 313 397 313
399 313 398 313
400 313 400 313
402 313 402 313
404 313 403 313
405 313 405 313
407 313 407 313
408 313 409 313
410 313 410 313
412 313 412 313
413 313 413 313
415 313 415 313
417 313 417 313
418 313 418 313
420 313 420 313
422 313 422 313
423 313 423 313
425 313 425 313
427 313 427 313
428 313 428 313
430 313 430 313
372 315 372 315
374 315 374 315
375 315 375 315
377 315 377 315
379 315 379 315
380 315 380 315
382 315 382 315
384 315 384 315
385 315 385 315
387 315 387 315
389 315 389 315
390 315 390 315
392 315 392 315
394 315 394 315
395 315 395 315
397 315 397 315
399 315 399 315
400 315 400 315
402 315 402 315
404 315 404 315
405 315 405 315
407 315 407 315
408 315 409 315
410 315 410 315
412 315 412 315
413 315 414 315
415 315 415 315
417 315 417 315
418 315 418 315
420 315 420 315
422 315 422 315
423 315 423 315
425 315 425 315
427 315 427 315
428 315 428 315
430 315 430 315
372 317 372 317
374 317 374 317
375 317 375 317
377 317 377 317
379 317 379 317
380 317 380 317
382 317 382 317
384 317 383 317
385 317 385 317
387 317 387 317
389 317 389 317
390 317 390 317
392 317 392 317
394 317 394 317
395 317 395 317
397 317 397 317
399 317 399 317
400 317 400 316
402 317 402 317
404 317 404 317
405 317 405 317
407 317 407 317
408 317 409 317
410 317 410 316
412 317 412 317
413 317 413 317
415 317 415 317
417 317 417 317
418 317 418 317
420 317 420 317
422 317 422 317
423 317 423 316
425 317 425 316
372 318 372 318
374 318 374 318
375 318 375 318
377 318 377 318
379 318 379 318
380 318 380 318
382 318 382 318
384 318 384 318
385 318 385 318
387 318 387 318
389 318 389 318
390 318 390 318
392 318 392 318
394 318 394 318
395 318 395 318
397 318 397 318
399 318 398 318
400 318 400 318
402 318 402 318
404 318 403 318
405 318 405 318
407 318 407 318
408 318 409 318
410 318 410 318
412 318 412 318
413 318 413 318
415 318 415 318
417 318 417 318
418 318 418 318
420 318 420 318
422 318 422 318
423 318 423 318
425 318 425 318
372 320 372 320
374 320 374 320
375 320 375 320
377 320 377 320
379 320 379 320
380 320 380 320
382 320 382 320
384 320 384 320
385 320 385 320
387 320 387 320
389 320 388 320
390 320 390 320
392 320 392 320
394 320 394 320
395 320 395 320
397 320 397 320
399 320 398 320
400 320 400 320
402 320 402 320
404 320 403 320
405 320 405 320
407 320 407 320
408 320 408 320
410 320 410 320
412 320 412 320
413 320 413 320
415 320 415 320
417 320 417 320
418 320 418 320
420 320 420 320
422 320 422 320
423 320 423 320
432 320 432 320
433 320 433 320
372 322 372 322
374 322 374 322
375 322 375 322
377 322 377 321
379 322 379 321
380 322 380 321
382 322 382 322
384 322 384 322
385 322 385 322
387 322 387 322
389 322 389 322
390 322 390 322
392 322 392 322
394 322 394 321
395 322 395 322
397 322 397 321
399 322 398 322
400 322 400 321
402 322 402 322
404 322 404 322
405 322 405 322
407 322 407 322
408 322 408 322
410 322 410 322
412 322 412 322
413 322 414 322
415 322 415 322
417 322 417 322
418 322 418 321
420 322 420 322
422 322 422 321
423 322 423 321
425 322 425 322
432 322 432 321
433 322 434 321
372 323 372 323
374 323 374 323
375 323 375 323
377 323 377 323
379 323 379 323
380 323 380 323
382 323 382 323
384 323 384 323
385 323 385 323
387 323 387 323
389 323 389 323
390 323 390 323
392 323 392 323
394 323 394 323
395 323 395 323
397 323 397 323
399 323 398 323
400 323 400 323
402 323 402 323
404 323 404 323
405 323 405 323
407 323 407 323
408 323 408 323
410 323 410 323
412 323 412 323
413 323 414 323
415 323 415 323
417 323 417 323
418 323 418 323
420 323 420 323
422 323 422 323
423 323 423 323
425 323 425 323
427 323 427 323
433 323 434 323
372 325 372 325
374 325 374 325
375 325 375 325
377 325 377 325
379 325 379 325
380 325 380 325
382 325 382 325
384 325 384 325
385 325 385 325
387 325 387 325
389 325 389 325
390 325 390 325
392 325 392 325
394 325 394 325
395 325 395 325
397 325 397 325
399 325 398 325
400 325 400 325
402 325 402 325
404 325 403 325
405 325 405 325
407 325 407 325
408 325 408 325
410 325 410 325
412 325 412 325
413 325 413 325
415 325 415 325
417 325 417 325
418 325 418 325
420 325 420 325
422 325 422 325
425 325 425 325
372 326 372 327
374 326 374 327
375 326 375 327
377 326 377 327
379 326 379 326
380 326 380 326
382 326 382 326
384 326 384 326
385 326 385 326
387 326 387 326
389 326 389 327
390 326 390 327
392 326 392 327
394 326 394 327
395 326 395 327
397 326 397 327
399 326 398 326
400 326 400 327
402 326 402 327
404 326 403 326
405 326 405 326
407 326 407 327
408 326 408 327
410 326 410 327
412 326 412 327
413 326 414 327
415 326 415 327
417 326 417 326
418 326 418 327
420 326 420 326
422 326 422 326
423 326 423 326
425 326 425 326
428 326 428 326
430 326 430 326
372 328 372 328
374 328 374 328
375 328 375 328
377 328 377 328
379 328 379 328
380 328 380 328
382 328 382 328
384 328 384 328
385 328 385 328
387 328 387 328
389 328 389 328
390 328 390 328
392 328 392 328
394 328 394 328
395 328 395 328
397 328 397 328
399 328 398 328
400 328 400 328
402 328 402 328
404 328 404 328
405 328 405 328
407 328 407 328
408 328 408 328
410 328 410 328
412 328 412 328
413 328 413 328
415 328 415 328
417 328 417 328
418 328 418 328
420 328 420 328
422 328 422 328
423 328 423 328
427 328 427 328
428 328 428 328
433 328 433 328
435 328 435 328
374 330 374 330
375 330 375 330
377 330 377 330
379 330 379 330
380 330 380 330
382 330 382 330
384 330 384 330
385 330 385 330
387 330 387 330
389 330 389 330
390 330 390 330
392 330 392 330
394 330 394 330
395 330 395 330
397 330 397 330
399 330 399 330
400 330 400 330
402 330 402 330
404 330 404 330
405 330 405 330
407 330 407 330
408 330 408 330
410 330 410 330
412 330 412 330
413 330 413 330
415 330 415 330
417 330 417 330
418 330 418 330
420 330 420 330
422 330 422 330
423 330 423 330
427 330 427 330
428 330 428 330
374 331 374 332
375 331 375 331
377 331 377 331
379 331 379 332
380 331 380 331
384 331 384 331
385 331 385 331
387 331 387 331
389 331 389 331
390 331 390 331
392 331 392 331
394 331 394 331
395 331 395 331
397 331 397 331
399 331 399 332
400 331 400 331
402 331 402 331
404 331 403 331
405 331 405 331
407 331 407 331
408 331 408 331
410 331 410 332
412 331 412 332
413 331 414 331
415 331 415 331
417 331 417 331
418 331 418 331
420 331 420 332
422 331 422 331
423 331 423 331
425 331 425 331
427 331 427 331
428 331 429 331
430 331 430 332
435 331 435 332
374 333 374 334
375 333 375 333
377 333 377 333
379 333 379 333
380 333 380 333
382 333 382 333
384 333 384 333
385 333 385 333
387 333 387 333
389 333 389 333
390 333 390 333
392 333 392 333
394 333 394 333
395 333 395 333
397 333 397 333
399 333 399 333
400 333 400 333
402 333 402 333
404 333 403 333
405 333 405 333
407 333 407 333
408 333 408 333
410 333 410 333
412 333 412 333
413 333 414 333
415 333 415 333
417 333 417 333
418 333 418 333
420 333 420 333
422 333 422 333
423 333 423 333
425 333 425 333
427 333 427 333
428 333 428 333
432 333 432 333
433 333 434 333
377 335 377 335
379 335 379 335
380 335 380 335
382 335 382 335
384 335 384 335
385 335 385 335
387 335 387 335
389 335 389 335
390 335 390 335
392 335 392 335
394 335 394 335
395 335 395 335
397 335 397 335
399 335 399 335
400 335 400 335
402 335 402 335
404 335 403 335
405 335 405 335
407 335 407 335
408 335 408 335
410 335 410 335
412 335 412 335
413 335 413 335
415 335 415 335
417 335 417 335
418 335 418 335
420 335 420 335
422 335 422 335
423 335 423 335
425 335 425 335
427 335 427 335
428 335 428 335
430 335 430 335
377 336 377 336
379 336 379 336
380 336 380 336
382 336 382 336
384 336 384 336
385 336 385 336
387 336 387 336
389 336 389 336
390 336 390 336
392 336 392 336
394 336 393 336
395 336 395 336
397 336 397 336
399 336 399 336
400 336 400 336
402 336 402 336
404 336 403 336
405 336 405 336
407 336 407 336
408 336 408 336
410 336 410 336
412 336 412 336
413 336 413 336
415 336 415 336
417 336 417 336
418 336 418 336
420 336 420 336
422 336 422 336
423 336 423 336
425 336 425 336
427 336 427 336
428 336 428 336
430 336 431 336
379 338 379 338
380 338 380 338
382 338 382 338
384 338 384 338
385 338 385 338
387 338 387 338
389 338 389 338
390 338 390 338
392 338 392 338
394 338 393 338
395 338 395 338
397 338 397 338
399 338 399 338
400 338 400 338
402 338 402 338
404 338 403 338
405 338 405 338
407 338 407 338
408 338 408 338
410 338 410 338
412 338 412 338
413 338 413 338
415 338 415 338
417 338 417 338
418 338 418 338
420 338 420 338
422 338 422 338
423 338 423 338
425 338 425 338
427 338 427 338
428 338 428 338
430 338 431 338
382 340 382 340
384 340 384 340
385 340 385 340
387 340 387 340
389 340 389 340
390 340 390 340
392 340 392 340
394 340 393 339
395 340 395 339
397 340 397 340
399 340 398 340
400 340 400 340
402 340 402 340
404 340 403 340
405 340 405 340
407 340 407 340
408 340 408 340
410 340 410 340
412 340 412 340
413 340 413 340
415 340 415 340
417 340 417 340
418 340 418 340
420 340 420 340
422 340 422 340
423 340 423 340
425 340 425 340
427 340 427 340
428 340 428 340
384 341 384 341
385 341 385 341
387 341 387 341
389 341 389 341
390 341 390 341
392 341 392 341
394 341 393 341
395 341 395 341
397 341 397 341
399 341 398 342
400 341 400 341
402 341 402 341
404 341 403 341
405 341 405 341
407 341 407 341
408 341 408 341
410 341 410 341
412 341 412 341
413 341 413 341
415 341 415 341
417 341 417 341
418 341 418 341
420 341 420 341
422 341 422 341
423 341 423 341
425 341 425 341
385 343 385 343
387 343 387 343
389 343 389 343
390 343 390 343
392 343 392 343
394 343 393 343
395 343 395 343
397 343 397 343
399 343 398 343
400 343 400 343
402 343 402 343
404 343 403 343
405 343 405 343
407 343 407 343
408 343 408 343
410 343 410 343
412 343 412 343
413 343 413 343
415 343 415 343
417 343 417 343
418 343 418 343
420 343 420 343
422 343 422 343
423 343 423 343
387 345 387 345
389 345 389 345
390 345 390 345
392 345 392 345
394 345 393 345
395 345 395 345
397 345 397 345
399 345 399 345
400 345 400 345
402 345 402 345
404 345 403 345
405 345 405 345
407 345 407 345
408 345 408 345
410 345 410 345
412 345 412 345
413 345 413 345
415 345 415 345
417 345 417 345
418 345 418 345
420 345 420 345
389 346 389 346
390 346 390 346
392 346 392 346
394 346 393 346
397 346 397 346
399 346 399 347
400 346 400 346
402 346 402 346
404 346 403 346
405 346 405 346
407 346 407 346
408 346 408 346
410 346 410 346
413 346 413 346
415 346 415 346
417 346 417 346
418 346 418 346
392 348 392 348
394 348 394 348
395 348 395 347
399 348 399 348
400 348 400 348
402 348 402 348
404 348 404 348
405 348 405 348
407 348 407 348
408 348 408 348
410 348 410 348
412 348 412 348
413 348 413 348
415 348 415 348
417 348 417 348
394 350 393 350
395 350 395 348
397 350 397 348
399 350 399 350
400 350 400 350
402 350 402 350
404 350 403 350
405 350 405 350
407 350 407 350
408 350 408 350
410 350 410 350
412 350 412 350
394 351 394 351
395 351 395 351
397 351 397 351
399 351 399 351
400 351 400 351
402 351 402 351
404 351 404 351
405 351 405 351
407 351 407 351
408 351 408 351
410 351 410 351
