414 312 414 312
415 312 415 312
416 312 416 312
418 312 418 312
419 312 419 312
420 312 420 312
423 312 423 312
426 312 425 312
428 312 428 312
431 312 431 312
433 312 434 312
435 312 436 312
411 314 411 314
412 314 413 314
414 314 414 314
415 314 415 314
418 314 418 314
419 314 419 314
420 314 420 314
422 314 422 314
424 314 424 314
428 314 428 314
429 314 430 314
432 314 432 314
433 314 434 314
409 315 409 315
410 315 410 315
411 315 412 315
412 315 413 315
414 315 414 315
415 315 415 315
418 315 418 315
419 315 419 315
420 315 420 315
422 315 422 315
424 315 424 315
426 315 425 315
427 315 427 315
428 315 428 315
429 315 430 315
432 315 433 315
410 316 410 316
411 316 411 316
412 316 413 316
414 316 414 316
415 316 415 316
416 316 416 316
418 316 418 316
420 316 420 316
423 316 423 316
424 316 424 316
426 316 425 317
427 316 427 316
433 316 434 317
410 318 410 318
411 318 411 318
412 318 413 318
414 318 414 318
415 318 415 318
416 318 416 318
420 318 420 318
423 318 423 318
424 318 424 318
426 318 425 318
431 318 431 318
432 318 432 318
433 318 434 318
409 319 409 319
410 319 410 319
411 319 411 319
412 319 413 319
414 319 414 319
415 319 415 319
418 319 418 319
419 319 419 319
420 319 420 319
422 319 422 319
424 319 424 319
431 319 431 319
432 319 432 319
433 319 434 319
407 320 407 320
409 320 409 320
410 320 410 320
411 320 411 320
412 320 413 320
414 320 414 320
415 320 415 320
416 320 416 320
418 320 418 320
419 320 419 320
420 320 420 320
422 320 422 320
423 320 423 320
427 320 427 321
429 320 429 320
433 320 434 320
407 322 407 321
409 322 409 321
410 322 410 321
411 322 411 322
412 322 412 322
414 322 414 322
415 322 415 322
418 322 418 322
419 322 419 322
422 322 422 321
424 322 424 322
427 322 427 322
432 322 433 322
433 322 434 322
406 323 406 323
407 323 407 323
409 323 409 323
410 323 410 323
411 323 411 323
412 323 413 324
414 323 414 323
416 323 416 323
419 323 419 323
420 323 420 323
423 323 423 323
429 323 430 323
431 323 432 323
432 323 433 323
433 323 434 323
405 324 405 324
407 324 407 324
409 324 409 324
410 324 410 324
411 324 411 324
412 324 413 325
414 324 414 324
415 324 415 324
418 324 418 324
419 324 419 324
422 324 422 324
424 324 424 324
426 324 425 324
427 324 427 324
405 325 405 325
407 325 407 325
409 325 409 325
410 325 410 325
412 325 413 326
415 325 415 326
416 325 416 325
418 325 418 325
419 325 419 325
420 325 420 325
423 325 423 325
424 325 424 325
426 325 425 326
435 325 435 326
405 327 405 327
407 327 407 327
409 327 409 327
410 327 410 327
412 327 413 327
414 327 414 327
415 327 415 327
416 327 416 327
418 327 418 327
419 327 419 327
422 327 421 327
423 327 423 327
424 327 424 327
426 327 425 327
428 327 428 326
406 328 406 328
407 328 407 328
410 328 410 328
412 328 412 328
414 328 414 328
415 328 415 328
416 328 416 328
418 328 418 328
420 328 420 328
422 328 422 328
423 328 423 328
424 328 424 328
426 328 425 328
432 328 433 327
435 328 436 327
405 329 405 329
406 329 406 329
407 329 407 329
409 329 409 329
410 329 410 329
412 329 413 329
414 329 414 329
415 329 415 329
416 329 416 329
418 329 418 329
423 329 423 329
424 329 424 329
426 329 425 329
427 329 427 329
431 329 431 329
390 331 390 331
392 331 392 331
396 331 396 331
397 331 397 331
398 331 398 331
401 331 401 331
403 331 403 331
405 331 405 331
406 331 406 331
407 331 407 331
409 331 409 331
410 331 410 331
412 331 413 331
419 331 419 331
420 331 420 331
422 331 422 331
424 331 424 331
426 331 425 331
427 331 427 331
428 331 428 331
429 331 430 331
435 331 436 330
390 332 390 332
392 332 392 332
394 332 394 332
396 332 396 332
397 332 397 332
398 332 398 332
400 332 399 332
401 332 401 332
403 332 403 332
405 332 405 332
406 332 406 332
407 332 407 332
409 332 409 332
410 332 410 332
411 332 411 332
412 332 412 332
415 332 415 332
416 332 416 332
418 332 418 332
419 332 419 332
420 332 420 332
422 332 422 332
426 332 425 332
427 332 427 332
435 332 436 331
393 333 393 333
394 333 394 333
396 333 396 333
397 333 397 333
398 333 398 333
400 333 399 333
401 333 401 333
402 333 402 333
403 333 403 333
405 333 405 333
406 333 406 333
407 333 407 333
409 333 409 333
410 333 410 333
411 333 411 333
414 333 414 333
415 333 415 333
416 333 416 333
420 333 420 333
424 333 424 333
426 333 425 333
427 333 427 333
429 333 430 333
431 333 431 333
432 333 433 333
390 335 390 335
392 335 392 335
396 335 396 335
397 335 397 335
400 335 399 335
401 335 401 335
402 335 402 334
403 335 403 335
405 335 405 335
406 335 406 335
407 335 407 335
409 335 409 334
410 335 410 334
411 335 411 334
412 335 413 335
414 335 414 335
415 335 415 334
416 335 416 334
419 335 419 335
420 335 420 335
422 335 422 335
424 335 424 335
427 335 427 335
432 335 431 337
390 336 390 336
392 336 392 336
393 336 393 336
394 336 394 337
397 336 397 336
398 336 398 336
400 336 399 336
401 336 401 336
402 336 402 336
403 336 403 336
405 336 405 336
406 336 406 336
407 336 407 336
409 336 409 336
410 336 410 336
411 336 411 336
412 336 413 336
414 336 414 336
415 336 415 336
416 336 416 336
419 336 419 336
420 336 420 336
422 336 422 336
427 336 427 336
428 336 428 336
390 337 390 337
392 337 392 337
393 337 393 337
394 337 394 338
396 337 396 338
397 337 397 338
398 337 398 338
400 337 399 337
401 337 401 337
402 337 402 337
403 337 403 337
405 337 405 337
407 337 407 337
409 337 409 337
410 337 410 337
411 337 411 337
414 337 414 337
415 337 415 337
416 337 416 337
418 337 418 337
420 337 420 337
423 337 423 337
427 337 427 337
431 337 431 337
394 338 394 339
398 338 398 339
400 338 400 338
401 338 401 338
402 338 402 338
403 338 403 338
406 338 406 338
409 338 409 338
412 338 413 339
414 338 414 339
415 338 415 338
416 338 416 338
420 338 420 338
426 338 426 338
427 338 427 338
428 338 428 338
429 338 429 339
390 340 390 340
392 340 392 340
393 340 393 340
396 340 396 340
397 340 397 340
398 340 398 340
400 340 400 340
401 340 401 340
409 340 409 340
411 340 411 340
412 340 413 340
414 340 414 340
415 340 415 340
416 340 416 340
419 340 419 340
423 340 423 340
426 340 426 340
427 340 427 340
390 341 390 341
392 341 392 341
393 341 393 341
394 341 394 341
396 341 396 341
397 341 397 341
398 341 398 341
402 341 402 341
403 341 403 341
405 341 405 341
406 341 406 341
407 341 407 341
409 341 409 341
410 341 410 341
411 341 411 341
412 341 413 341
414 341 414 341
415 341 415 341
416 341 416 341
418 341 418 341
419 341 419 341
423 341 423 341
390 342 390 342
394 342 394 342
396 342 396 342
397 342 397 342
398 342 398 342
400 342 400 342
401 342 401 342
403 342 403 342
405 342 405 342
406 342 406 342
407 342 407 342
409 342 409 342
410 342 410 343
414 342 414 342
415 342 415 342
416 342 416 342
418 342 418 342
419 342 419 342
422 342 422 342
423 342 424 341
390 344 390 344
392 344 392 344
393 344 393 344
396 344 396 344
398 344 398 344
402 344 402 344
405 344 405 344
406 344 406 344
407 344 407 344
409 344 409 344
410 344 410 344
414 344 414 344
415 344 415 344
416 344 416 344
420 344 421 343
390 345 390 345
392 345 392 345
393 345 393 345
394 345 394 345
397 345 397 345
398 345 398 345
400 345 399 345
401 345 401 345
402 345 402 345
403 345 403 345
406 345 406 345
409 345 409 345
410 345 410 345
411 345 411 345
418 345 418 345
419 345 419 345
420 345 421 344
390 346 390 346
392 346 392 346
393 346 393 346
394 346 394 346
396 346 396 346
403 346 403 346
405 346 405 346
406 346 406 346
407 346 407 346
414 346 414 346
415 346 415 346
416 346 416 346
418 346 418 346
419 346 419 346
392 348 392 348
393 348 393 348
394 348 394 347
396 348 396 347
398 348 398 347
400 348 399 347
401 348 401 347
402 348 402 347
403 348 403 347
405 348 405 347
406 348 406 347
407 348 407 347
409 348 409 347
410 348 410 347
411 348 411 348
412 348 413 347
414 348 414 347
415 348 415 347
416 348 417 347
393 349 393 350
394 349 394 349
396 349 396 349
398 349 398 349
400 349 399 349
401 349 401 349
402 349 402 349
403 349 403 349
405 349 405 349
406 349 406 349
409 349 409 349
410 349 410 349
411 349 411 349
412 349 413 349
414 349 414 348
394 350 394 351
396 350 395 350
397 350 397 350
398 350 398 350
400 350 399 350
401 350 401 350
402 350 402 350
403 350 403 350
405 350 405 350
406 350 406 350
407 350 407 350
409 350 409 350
410 350 410 350
411 350 411 350
412 350 413 350
397 351 397 351
398 351 398 351
400 351 400 351
401 351 401 351
402 351 402 351
403 351 403 351
405 351 405 351
406 351 406 351
407 351 407 351
409 351 409 351
410 351 410 351
411 351 411 351
