468 230 466 238
472 230 470 238
473 230 471 238
469 231 467 239
469 233 467 240
468 234 466 242
470 234 468 242
468 235 466 243
465 238 464 246
473 238 470 245
463 244 462 252
463 245 462 253
468 245 465 253
462 247 461 255
463 247 462 255
466 247 464 254
468 247 465 254
469 247 467 255
462 248 461 256
465 248 462 256
473 248 470 257
465 249 462 257
466 249 463 257
461 251 459 259
465 251 462 259
465 252 462 260
466 252 464 260
459 254 456 261
461 254 458 261
465 254 461 262
469 254 467 261
458 255 455 263
459 255 456 263
462 255 459 262
470 255 469 264
458 256 455 264
461 256 457 264
462 256 459 264
463 256 460 264
466 256 462 265
469 256 467 266
470 256 469 267
458 258 456 266
461 258 457 266
462 258 458 266
463 258 460 265
469 258 467 267
459 259 458 267
462 259 459 267
463 259 460 267
465 259 461 267
466 259 463 266
458 261 457 269
463 261 460 268
459 262 458 270
461 262 459 270
462 262 460 270
463 262 462 270
465 262 463 270
475 262 473 270
459 263 458 272
461 263 459 272
462 263 460 271
463 263 462 271
465 263 463 271
473 263 469 270
475 263 471 270
459 265 458 273
461 265 459 273
462 265 460 273
463 265 462 273
465 265 463 273
466 265 465 273
468 265 466 273
469 265 468 273
470 265 469 273
462 266 461 274
463 266 462 274
465 266 463 274
466 266 465 274
468 266 467 275
469 266 468 275
470 266 470 274
472 266 471 274
475 266 475 274
476 266 477 275
477 266 479 275
472 268 471 276
473 268 473 276
