472 231 470 235
473 233 471 236
472 235 471 237
470 237 469 240
472 237 470 239
473 237 471 239
469 238 468 241
472 238 470 240
473 238 471 240
470 240 469 242
472 240 470 242
473 240 471 242
472 241 470 243
473 241 471 243
466 242 465 245
472 242 470 244
473 242 472 244
468 245 467 247
468 247 466 250
469 247 467 250
466 248 465 251
469 248 467 251
469 249 467 253
466 251 465 254
469 251 467 254
470 251 469 253
462 252 461 255
463 252 462 255
459 254 458 257
468 254 467 256
470 254 470 256
468 255 467 257
469 255 468 257
470 255 470 257
468 256 466 259
469 256 469 261
470 256 470 261
462 258 461 260
470 258 470 263
458 261 458 263
470 261 469 264
473 262 472 264
475 263 473 266
476 263 474 265
470 265 469 267
472 265 471 267
473 265 473 268
475 265 475 267
479 265 480 268
472 266 472 269
475 266 475 268
