472 230 455 255
473 230 458 255
470 231 452 256
472 231 455 256
470 233 452 258
470 234 452 260
466 255 450 278
470 255 457 277
470 256 457 279
470 258 457 281
469 259 455 281
470 261 457 282
472 261 458 282
458 262 452 287
463 262 455 285
466 262 457 285
468 262 460 285
475 262 460 282
463 263 455 287
465 263 456 287
466 263 458 286
468 263 460 286
475 263 459 283
461 265 455 290
465 265 457 288
466 265 458 288
468 265 460 288
477 265 472 288
461 266 456 292
462 266 457 292
463 266 458 292
466 266 458 290
468 266 460 290
469 266 463 291
470 266 465 291
472 266 467 291
473 266 468 291
477 266 477 293
472 268 467 293
473 268 468 293
476 268 473 294
