469 230 468 233
470 230 469 233
472 230 470 233
473 230 472 233
469 231 468 234
472 231 470 235
468 233 467 236
470 233 469 236
473 233 471 236
468 235 468 238
469 235 468 239
470 235 469 238
472 235 471 237
468 237 467 240
470 237 469 240
472 237 470 239
473 237 471 239
465 238 465 241
469 238 468 241
472 238 470 240
473 238 471 240
468 240 467 243
469 240 468 243
470 240 469 242
472 240 470 242
473 240 471 242
468 241 467 244
470 241 469 243
472 241 470 243
473 241 471 243
466 242 465 245
468 242 467 245
469 242 468 245
470 242 469 244
472 242 470 244
473 242 472 244
463 244 462 247
465 244 464 246
469 244 468 246
470 244 469 246
472 244 470 246
465 245 464 248
466 245 465 248
468 245 467 247
469 245 468 247
470 245 469 247
472 245 470 247
465 247 464 250
466 247 465 250
468 247 466 250
469 247 467 250
470 247 469 249
472 247 470 249
463 248 462 251
465 248 464 251
466 248 465 251
468 248 466 252
469 248 467 251
463 249 462 252
465 249 464 252
466 249 465 253
468 249 466 253
469 249 467 253
465 251 464 254
466 251 465 254
468 251 466 255
469 251 467 254
470 251 469 253
472 251 471 252
461 252 460 255
462 252 461 255
463 252 462 255
465 252 464 255
466 252 465 255
459 254 458 257
461 254 460 256
462 254 461 256
463 254 462 257
468 254 467 256
469 254 468 255
470 254 470 256
461 255 460 258
465 255 464 257
466 255 465 258
468 255 467 257
469 255 468 257
470 255 470 257
462 256 461 259
463 256 462 259
468 256 466 259
469 256 469 261
470 256 470 261
462 258 461 260
463 258 462 260
465 258 464 260
470 258 470 263
463 259 462 262
465 259 464 261
466 259 465 261
458 261 458 263
462 261 461 263
466 261 465 263
470 261 469 264
458 262 458 265
459 262 459 265
463 262 462 265
466 262 466 265
473 262 472 264
459 263 459 266
463 263 462 266
465 263 464 266
466 263 466 266
468 263 467 266
475 263 473 266
476 263 474 265
459 265 459 268
461 265 461 268
463 265 463 268
465 265 465 267
470 265 469 267
472 265 471 267
473 265 473 268
475 265 475 267
476 265 476 267
477 265 477 267
479 265 480 268
462 266 462 269
463 266 463 269
465 266 465 269
466 266 466 269
468 266 467 269
469 266 469 269
472 266 472 269
475 266 475 268
472 268 472 271
473 268 473 270
476 268 476 270
