466 244 457 260
465 245 456 261
466 245 458 261
473 248 465 264
465 249 455 265
466 249 457 265
472 249 463 267
473 249 465 266
465 251 456 266
466 251 457 266
470 251 462 269
465 252 456 267
466 252 457 267
463 254 454 269
465 254 456 269
466 254 458 271
468 254 459 270
461 255 453 270
468 255 459 272
469 255 461 272
470 255 464 270
463 256 454 271
469 256 463 273
470 256 464 273
468 258 460 273
470 258 464 275
469 259 462 275
470 259 465 276
473 261 467 276
465 262 460 278
466 262 462 278
459 263 456 280
461 263 458 280
462 263 459 280
466 263 462 279
468 263 464 279
473 263 465 277
475 263 467 277
476 263 468 277
459 265 456 282
461 265 458 282
462 265 459 282
465 265 461 280
466 265 462 281
469 265 465 281
461 266 458 283
462 266 460 283
463 266 461 283
466 266 462 283
468 266 464 283
469 266 466 283
473 266 470 281
472 268 469 283
473 268 471 285
476 268 476 286
