431 302 409 300
449 302 430 310
444 304 422 323
449 304 428 323
446 305 423 324
425 307 384 303
438 307 417 326
440 307 418 326
444 307 421 325
446 307 423 325
449 307 425 326
451 307 427 325
438 309 416 327
440 309 417 327
444 309 421 327
446 309 422 327
451 309 426 327
453 309 428 327
436 311 414 329
438 311 415 329
440 311 417 329
444 311 420 329
449 311 424 328
451 311 425 329
436 313 413 330
438 313 415 331
447 313 422 329
449 313 409 323
451 313 424 330
453 313 425 330
431 314 408 333
436 314 412 333
446 314 419 332
447 314 421 331
451 314 423 331
453 314 424 332
422 316 376 306
425 316 399 318
440 316 414 333
444 316 417 333
427 318 388 309
436 318 411 336
440 318 413 335
444 318 416 335
446 318 405 328
451 318 422 334
453 318 423 334
456 318 428 335
393 320 373 317
429 320 402 320
435 320 408 337
436 320 410 337
440 320 413 336
451 320 421 335
455 320 424 336
458 320 426 335
393 322 372 319
395 322 373 319
398 322 377 322
400 322 378 323
416 322 380 325
420 322 397 337
422 322 398 338
425 322 387 311
438 322 411 324
444 322 415 337
449 322 419 337
451 322 420 337
458 322 425 336
460 322 427 337
420 324 396 339
422 324 398 340
427 324 386 319
429 324 387 320
449 324 418 338
455 324 422 338
458 324 425 338
460 324 426 338
447 325 416 340
449 325 418 340
456 325 422 339
458 325 424 339
396 327 373 323
400 327 376 326
402 327 378 327
404 327 379 328
422 327 397 341
425 327 382 320
433 327 391 329
438 327 409 329
442 327 412 328
447 327 415 341
453 327 419 341
456 327 422 341
398 329 374 325
425 329 382 322
427 329 383 322
433 329 390 331
436 329 407 330
446 329 413 342
447 329 400 337
451 329 418 342
456 329 421 343
458 329 423 342
396 331 373 310
409 331 381 316
413 331 385 321
440 331 408 345
442 331 410 346
446 331 412 344
447 331 400 338
451 331 417 344
420 333 392 344
440 333 407 347
446 333 411 346
447 333 399 340
449 333 414 346
402 334 373 315
404 334 375 316
405 334 377 317
438 334 405 348
440 334 407 348
405 336 376 318
407 336 378 319
411 336 382 324
436 336 404 335
440 336 405 335
405 338 376 319
407 338 377 320
429 338 397 347
431 338 399 348
442 338 407 336
425 340 393 346
429 340 397 349
431 340 398 350
415 344 382 338
416 344 383 339
418 344 385 340
413 347 379 329
415 347 381 330
416 347 382 332
418 347 383 333
436 347 390 344
404 351 373 329
427 353 380 336
