427 300 412 309
429 300 414 309
431 300 417 309
433 300 418 309
435 300 420 309
436 300 422 309
438 300 424 309
440 300 426 309
442 300 428 309
444 300 430 309
446 300 432 309
447 300 433 309
449 300 435 309
426 302 409 309
427 302 412 311
429 302 414 311
431 302 416 311
433 302 418 311
435 302 420 311
440 302 426 311
442 302 428 311
444 302 430 311
446 302 432 311
447 302 433 311
449 302 435 311
451 302 439 310
427 304 412 312
429 304 414 313
431 304 416 312
435 304 420 313
436 304 422 312
438 304 424 312
440 304 426 313
442 304 428 313
444 304 429 313
446 304 431 313
447 304 433 313
449 304 435 313
451 304 437 313
427 305 412 314
436 305 422 314
438 305 423 315
440 305 425 315
442 305 427 315
444 305 429 315
446 305 431 315
447 305 433 315
449 305 435 316
451 305 437 314
409 307 392 313
415 307 397 314
424 307 407 315
426 307 410 315
431 307 415 315
433 307 417 315
435 307 419 316
436 307 421 316
438 307 423 316
440 307 425 316
442 307 428 316
444 307 429 317
446 307 431 317
447 307 433 317
449 307 435 317
451 307 437 318
411 309 394 316
424 309 407 317
426 309 409 317
427 309 411 317
429 309 413 317
431 309 415 317
433 309 417 317
436 309 421 318
438 309 423 318
440 309 425 318
442 309 427 318
444 309 429 318
446 309 431 319
447 309 433 319
449 309 435 319
451 309 437 320
453 309 441 320
409 311 393 318
411 311 394 318
424 311 407 319
426 311 409 319
429 311 413 319
431 311 415 319
435 311 419 319
436 311 421 320
438 311 423 320
440 311 425 320
442 311 427 320
444 311 429 320
446 311 431 320
447 311 433 321
449 311 434 321
451 311 437 321
453 311 438 321
393 313 378 319
395 313 380 319
407 313 390 319
409 313 392 320
413 313 396 320
427 313 411 321
429 313 413 321
431 313 415 321
433 313 417 321
435 313 419 322
436 313 421 322
438 313 423 322
440 313 425 322
442 313 427 322
444 313 429 322
446 313 431 322
447 313 432 323
449 313 434 323
451 313 436 323
453 313 438 323
455 313 440 324
393 314 378 320
395 314 380 320
396 314 381 321
407 314 390 321
409 314 392 322
413 314 396 322
422 314 405 322
424 314 407 323
426 314 409 323
427 314 411 323
429 314 413 323
431 314 415 323
433 314 417 323
435 314 419 323
436 314 421 324
440 314 424 324
444 314 429 324
446 314 431 324
447 314 433 324
449 314 434 324
451 314 436 324
453 314 438 325
455 314 440 325
393 316 378 322
395 316 380 322
396 316 381 322
400 316 384 322
404 316 387 323
405 316 389 323
407 316 390 323
409 316 392 323
411 316 394 323
413 316 396 323
416 316 399 323
418 316 401 323
420 316 403 324
422 316 405 324
424 316 407 324
426 316 409 325
427 316 411 325
429 316 413 325
431 316 415 325
433 316 417 325
435 316 419 325
436 316 421 326
440 316 424 326
442 316 426 326
444 316 428 326
446 316 430 326
447 316 432 326
449 316 434 326
451 316 436 326
453 316 438 326
455 316 440 327
456 316 442 327
393 318 378 324
395 318 380 324
396 318 381 324
398 318 383 325
402 318 386 325
404 318 387 325
405 318 389 325
407 318 390 325
409 318 392 325
411 318 394 325
413 318 396 325
416 318 399 325
418 318 400 325
420 318 403 326
422 318 405 326
424 318 407 326
426 318 409 327
427 318 411 327
429 318 412 327
431 318 414 327
433 318 417 327
435 318 418 327
436 318 420 327
438 318 422 327
440 318 424 328
442 318 426 328
444 318 428 328
446 318 430 328
447 318 432 328
449 318 434 328
451 318 436 328
453 318 438 328
455 318 440 328
456 318 442 329
458 318 444 329
393 320 378 326
395 320 380 326
396 320 381 326
398 320 383 327
402 320 386 326
404 320 388 327
407 320 390 327
409 320 392 327
411 320 394 327
413 320 396 327
415 320 398 327
416 320 399 328
420 320 403 328
422 320 405 328
424 320 407 328
426 320 409 328
427 320 411 329
429 320 412 329
431 320 414 329
433 320 416 329
435 320 418 329
436 320 420 329
438 320 422 329
440 320 424 329
442 320 426 329
444 320 428 329
446 320 430 330
447 320 432 330
449 320 434 330
451 320 436 330
453 320 438 330
455 320 440 330
456 320 442 331
458 320 443 331
393 322 378 328
395 322 379 328
396 322 381 328
398 322 383 328
400 322 385 329
404 322 388 329
405 322 389 329
407 322 391 329
409 322 393 329
411 322 394 329
413 322 396 329
415 322 398 329
416 322 399 330
424 322 407 330
426 322 409 330
427 322 410 330
429 322 412 331
431 322 414 331
433 322 416 331
435 322 418 331
436 322 420 331
438 322 422 331
440 322 424 331
442 322 426 331
444 322 428 331
446 322 430 332
447 322 432 332
449 322 434 332
451 322 436 332
453 322 438 332
455 322 440 332
456 322 441 332
458 322 443 332
460 322 445 333
395 324 379 330
396 324 381 330
398 324 383 330
400 324 385 330
404 324 388 330
405 324 390 331
407 324 391 331
409 324 393 331
411 324 394 330
413 324 396 331
415 324 398 331
416 324 399 332
418 324 401 331
420 324 403 331
422 324 405 332
429 324 412 333
431 324 414 333
433 324 416 333
435 324 418 333
436 324 420 333
438 324 422 333
440 324 424 333
442 324 426 333
444 324 428 333
446 324 430 334
447 324 432 334
449 324 434 334
451 324 435 334
453 324 437 334
455 324 439 334
456 324 441 334
458 324 443 334
460 324 445 334
395 325 379 331
396 325 381 332
398 325 383 331
400 325 384 332
404 325 388 332
405 325 390 332
407 325 391 332
409 325 393 332
411 325 395 332
413 325 396 332
415 325 398 333
422 325 404 334
424 325 407 334
427 325 409 334
429 325 412 334
431 325 414 334
433 325 416 334
435 325 418 334
436 325 419 334
438 325 422 335
440 325 423 335
442 325 426 335
444 325 428 335
446 325 429 335
447 325 431 335
449 325 433 335
451 325 435 335
453 325 437 336
455 325 439 336
456 325 441 336
458 325 443 336
460 325 445 336
395 327 380 333
396 327 381 334
398 327 383 334
400 327 384 334
404 327 388 334
405 327 389 334
407 327 391 334
409 327 393 334
411 327 394 334
413 327 396 334
415 327 398 335
422 327 404 336
424 327 406 336
426 327 408 336
427 327 410 336
429 327 412 336
431 327 414 336
433 327 416 336
435 327 418 336
436 327 419 336
438 327 421 336
440 327 423 337
442 327 425 337
444 327 428 337
446 327 429 337
447 327 431 337
449 327 433 337
451 327 435 337
453 327 437 337
455 327 439 337
456 327 441 338
458 327 443 338
460 327 445 338
404 329 387 336
405 329 389 336
407 329 391 336
409 329 393 336
411 329 394 336
413 329 396 336
415 329 398 337
416 329 399 337
420 329 402 337
422 329 404 337
424 329 406 338
427 329 410 338
429 329 412 338
431 329 413 338
433 329 416 338
435 329 418 338
436 329 419 338
438 329 421 338
440 329 423 338
442 329 425 338
444 329 427 339
446 329 429 339
447 329 431 339
449 329 433 339
451 329 435 339
453 329 437 339
455 329 439 339
456 329 441 340
458 329 442 340
460 329 445 340
396 331 381 337
400 331 385 337
404 331 387 338
405 331 389 338
407 331 391 338
409 331 392 338
411 331 394 338
413 331 396 338
415 331 398 338
416 331 399 339
418 331 401 339
420 331 402 339
422 331 404 339
426 331 408 340
427 331 409 339
429 331 411 340
431 331 413 340
433 331 415 340
435 331 417 340
436 331 419 340
438 331 421 340
440 331 423 340
442 331 425 340
444 331 427 340
446 331 429 341
447 331 431 341
449 331 433 341
451 331 435 341
453 331 436 341
460 331 445 341
398 333 383 339
400 333 385 339
404 333 387 340
405 333 389 340
407 333 391 340
409 333 392 340
411 333 394 340
413 333 396 340
415 333 397 340
416 333 399 340
418 333 401 340
424 333 406 341
426 333 408 341
429 333 411 342
431 333 413 342
433 333 415 342
435 333 417 342
436 333 419 342
438 333 421 342
440 333 423 342
442 333 425 342
444 333 427 342
446 333 429 342
447 333 431 343
449 333 433 343
451 333 434 343
453 333 436 343
398 334 383 340
400 334 384 341
402 334 386 341
405 334 389 341
407 334 391 341
409 334 392 341
411 334 394 342
413 334 396 342
415 334 397 342
416 334 399 342
418 334 400 342
420 334 402 342
424 334 406 343
426 334 408 343
427 334 409 343
429 334 411 343
431 334 413 343
433 334 415 344
435 334 417 344
436 334 419 343
438 334 421 344
440 334 423 344
442 334 425 344
444 334 427 344
446 334 428 344
447 334 430 345
449 334 432 345
451 334 434 345
402 336 386 343
404 336 388 343
407 336 391 343
409 336 392 343
411 336 394 343
413 336 396 344
415 336 397 344
416 336 399 344
418 336 401 344
420 336 402 344
422 336 404 344
424 336 406 345
426 336 407 345
427 336 409 345
429 336 411 345
431 336 413 345
433 336 415 345
435 336 417 345
436 336 418 345
438 336 420 346
440 336 422 346
442 336 425 346
444 336 427 346
446 336 428 346
447 336 431 346
449 336 432 346
451 336 434 346
402 338 386 344
404 338 388 345
407 338 391 345
409 338 392 345
411 338 394 345
413 338 396 345
415 338 397 346
418 338 401 346
420 338 402 346
422 338 404 346
424 338 406 346
426 338 408 347
427 338 409 347
429 338 411 347
431 338 413 347
433 338 415 347
435 338 417 347
436 338 418 347
438 338 421 347
440 338 423 347
442 338 425 347
444 338 426 348
402 340 386 346
404 340 388 347
405 340 389 347
409 340 392 347
411 340 394 347
413 340 396 347
415 340 397 347
416 340 399 347
418 340 400 348
420 340 402 348
422 340 404 348
424 340 406 348
426 340 407 349
427 340 409 349
431 340 413 349
433 340 415 349
435 340 417 349
436 340 418 349
438 340 420 349
440 340 422 349
442 340 424 349
444 340 426 350
446 340 428 350
402 342 386 348
404 342 388 349
405 342 389 349
409 342 392 349
411 342 394 349
413 342 396 349
415 342 397 349
416 342 399 349
418 342 400 350
420 342 402 350
422 342 404 350
424 342 406 350
426 342 408 351
431 342 413 351
433 342 415 351
435 342 417 351
436 342 418 351
438 342 420 351
440 342 422 351
442 342 424 352
402 344 386 350
404 344 388 350
405 344 389 351
409 344 392 351
411 344 394 351
413 344 396 351
415 344 397 351
416 344 399 351
418 344 400 352
420 344 402 352
422 344 404 352
424 344 406 352
426 344 407 352
427 344 409 352
431 344 412 352
435 344 416 353
436 344 418 353
438 344 420 353
402 345 386 352
404 345 388 352
405 345 389 352
409 345 392 352
411 345 394 353
413 345 396 353
415 345 397 353
416 345 399 353
418 345 400 354
420 345 402 353
424 345 405 354
426 345 407 354
438 345 419 355
404 347 388 353
405 347 389 354
409 347 392 354
415 347 397 355
418 347 400 355
420 347 402 355
422 347 404 356
407 349 391 356
409 349 393 356
413 349 395 356
407 351 391 358
409 351 393 358
409 353 393 359
411 353 395 359
416 353 399 360
418 353 400 360
