427 300 411 316
429 300 413 314
436 300 420 317
438 300 422 317
440 300 423 317
442 300 425 317
444 300 427 317
447 300 429 314
451 300 433 314
426 302 409 315
431 302 415 317
433 302 416 317
436 302 420 319
438 302 421 319
440 302 423 319
442 302 424 319
444 302 426 319
447 302 429 317
449 302 430 317
427 304 411 321
431 304 414 318
433 304 416 319
436 304 419 320
438 304 421 320
440 304 422 321
442 304 424 320
444 304 425 320
451 304 432 317
426 305 409 322
427 305 411 322
435 305 417 321
436 305 418 322
438 305 420 322
440 305 421 322
442 305 423 322
446 305 426 322
426 307 408 324
427 307 410 324
429 307 412 324
433 307 415 322
435 307 416 323
436 307 418 323
438 307 419 324
440 307 421 324
442 307 423 323
444 307 424 323
447 307 427 324
449 307 429 323
451 307 430 324
409 309 392 324
426 309 408 326
429 309 411 326
433 309 414 323
435 309 416 325
436 309 417 325
438 309 419 325
440 309 420 325
442 309 422 325
444 309 424 325
447 309 426 325
449 309 428 325
451 309 429 325
407 311 390 325
409 311 392 326
411 311 394 325
426 311 407 327
427 311 409 327
429 311 411 327
431 311 412 327
435 311 415 327
436 311 417 327
438 311 418 327
440 311 420 327
444 311 423 327
446 311 424 327
447 311 425 327
449 311 427 327
451 311 429 327
453 311 430 329
396 313 412 318
404 313 387 326
405 313 388 326
407 313 391 327
415 313 397 326
424 313 405 328
426 313 407 329
427 313 409 328
429 313 410 329
431 313 412 329
435 313 415 329
436 313 416 329
438 313 418 329
442 313 420 329
444 313 422 329
446 313 423 329
447 313 425 329
449 313 426 328
453 313 430 331
396 314 411 320
404 314 387 328
405 314 389 328
409 314 392 328
424 314 404 330
426 314 406 331
429 314 409 330
433 314 412 331
435 314 414 331
436 314 416 330
440 314 418 330
442 314 419 331
444 314 421 330
446 314 423 330
447 314 424 330
449 314 426 330
451 314 428 330
404 316 386 330
405 316 388 330
407 316 390 330
409 316 392 329
416 316 398 329
418 316 399 330
424 316 404 332
426 316 406 332
427 316 407 332
429 316 409 332
433 316 412 332
435 316 413 332
436 316 416 332
440 316 417 332
442 316 418 332
444 316 420 332
446 316 422 332
447 316 424 332
451 316 427 332
453 316 428 332
455 316 429 332
402 318 385 333
404 318 386 333
409 318 392 331
411 318 394 330
413 318 395 330
416 318 397 332
424 318 403 334
426 318 405 334
427 318 407 334
429 318 409 333
433 318 411 333
435 318 413 334
438 318 415 333
440 318 417 333
442 318 418 333
444 318 420 333
446 318 422 333
447 318 423 333
451 318 426 333
453 318 427 333
455 318 429 333
411 320 394 332
415 320 395 332
416 320 397 333
418 320 398 333
420 320 400 334
422 320 401 334
424 320 403 335
426 320 404 335
429 320 408 335
433 320 411 335
438 320 414 335
440 320 416 335
444 320 419 335
446 320 421 335
451 320 425 335
453 320 427 335
455 320 428 335
415 322 395 334
420 322 399 335
422 322 401 336
424 322 402 337
426 322 404 337
427 322 406 336
431 322 409 337
433 322 409 337
435 322 412 336
438 322 414 337
440 322 416 337
442 322 417 336
444 322 419 336
446 322 420 336
449 322 423 336
451 322 425 336
453 322 426 336
455 322 428 337
456 322 432 337
391 324 382 328
418 324 396 335
420 324 398 335
422 324 400 338
424 324 402 338
427 324 406 338
431 324 407 338
433 324 409 339
435 324 411 339
440 324 415 338
442 324 417 337
444 324 418 338
446 324 420 338
449 324 423 338
451 324 424 338
453 324 425 338
456 324 429 338
391 325 382 330
418 325 396 336
420 325 398 337
422 325 400 339
424 325 401 340
426 325 403 339
427 325 403 340
429 325 406 339
431 325 407 340
433 325 408 340
435 325 410 340
438 325 413 340
440 325 414 340
442 325 416 339
446 325 419 339
447 325 420 339
449 325 422 339
451 325 423 339
453 325 425 340
456 325 428 339
458 325 429 339
418 327 396 338
420 327 397 338
422 327 399 339
424 327 401 341
427 327 403 341
429 327 405 341
431 327 406 342
433 327 408 341
438 327 412 342
440 327 414 342
442 327 415 340
446 327 418 341
447 327 420 341
449 327 421 341
451 327 423 341
456 327 427 341
458 327 429 341
398 329 385 324
420 329 396 340
422 329 398 340
424 329 400 341
426 329 401 343
427 329 403 343
429 329 404 343
431 329 406 343
433 329 407 343
436 329 410 343
438 329 411 343
440 329 413 343
446 329 418 343
449 329 420 342
451 329 422 342
453 329 424 342
455 329 426 342
458 329 428 342
460 329 430 342
420 331 395 341
422 331 397 342
424 331 399 343
429 331 404 345
431 331 405 345
433 331 407 345
436 331 410 345
438 331 411 345
440 331 412 345
444 331 415 344
446 331 417 344
447 331 419 344
449 331 420 344
451 331 421 344
453 331 424 344
455 331 425 344
456 331 427 344
460 331 430 344
418 333 394 342
420 333 395 343
422 333 397 343
424 333 398 344
426 333 400 344
427 333 402 345
429 333 403 346
431 333 405 346
436 333 409 346
438 333 410 346
440 333 412 346
444 333 415 346
446 333 416 346
447 333 418 346
449 333 420 346
451 333 421 346
453 333 423 347
458 333 429 345
424 334 398 345
426 334 400 346
429 334 402 348
431 334 404 348
435 334 407 348
436 334 408 348
438 334 410 348
444 334 414 348
446 334 416 347
447 334 417 348
449 334 419 349
453 334 423 349
458 334 429 346
460 334 437 337
398 336 386 338
424 336 397 346
435 336 406 349
436 336 407 349
438 336 409 349
440 336 411 349
442 336 413 349
446 336 415 349
449 336 418 350
400 338 387 340
402 338 388 343
424 338 396 348
426 338 398 348
431 338 402 349
433 338 404 350
435 338 406 351
436 338 407 351
438 338 409 351
440 338 411 350
442 338 412 350
444 338 414 351
400 340 387 342
402 340 388 344
426 340 397 350
427 340 399 350
431 340 402 351
433 340 403 352
435 340 405 352
436 340 407 352
438 340 408 352
400 342 386 344
426 342 397 351
427 342 398 351
429 342 400 352
431 342 401 354
433 342 403 353
435 342 405 354
436 342 406 354
438 342 408 354
433 344 402 355
435 344 404 355
446 344 427 348
411 345 396 352
405 351 393 350
440 351 415 355
