427 300 424 301
429 300 426 301
431 300 428 301
435 300 432 301
436 300 434 301
438 300 436 301
440 300 437 301
444 300 441 301
446 300 443 301
449 300 447 301
427 302 424 303
429 302 426 303
431 302 428 303
435 302 432 303
436 302 433 303
438 302 436 303
442 302 439 303
444 302 441 303
446 302 443 303
447 302 444 303
449 302 446 303
451 302 449 303
426 304 422 304
427 304 424 304
429 304 426 304
431 304 428 305
433 304 430 305
436 304 433 305
438 304 435 305
440 304 437 305
442 304 439 305
444 304 441 305
447 304 444 305
449 304 446 305
451 304 449 304
426 305 422 306
427 305 424 306
429 305 426 306
436 305 433 306
438 305 435 306
440 305 437 306
442 305 439 306
444 305 441 306
446 305 443 306
449 305 446 307
404 307 400 308
405 307 402 308
407 307 403 308
409 307 405 308
411 307 407 308
413 307 409 308
415 307 411 308
424 307 421 308
426 307 422 308
427 307 424 308
429 307 426 308
431 307 428 308
433 307 430 308
435 307 432 308
436 307 433 308
438 307 435 308
440 307 437 308
442 307 439 308
444 307 441 308
446 307 443 308
449 307 446 308
405 309 402 310
407 309 403 310
409 309 405 310
411 309 407 310
413 309 409 310
415 309 411 310
424 309 421 310
426 309 422 310
427 309 424 310
429 309 426 310
431 309 428 310
433 309 430 310
435 309 432 310
436 309 433 310
438 309 435 310
440 309 437 310
442 309 439 310
444 309 441 310
446 309 443 310
449 309 446 310
451 309 448 310
455 309 451 309
393 311 391 312
402 311 398 311
404 311 400 311
405 311 402 312
407 311 403 312
409 311 405 312
411 311 407 311
413 311 409 311
415 311 411 311
424 311 421 312
426 311 422 312
427 311 424 312
429 311 426 312
431 311 428 312
433 311 430 312
438 311 435 312
440 311 437 312
442 311 439 312
444 311 441 312
446 311 443 312
447 311 445 312
451 311 448 312
453 311 450 311
395 313 391 314
396 313 393 314
402 313 398 313
404 313 400 313
405 313 402 313
407 313 404 313
409 313 405 313
411 313 407 313
413 313 409 313
424 313 421 314
426 313 422 314
427 313 424 314
429 313 426 314
431 313 428 314
433 313 430 314
435 313 432 314
438 313 435 314
440 313 437 314
442 313 439 314
444 313 441 314
446 313 443 314
447 313 445 314
449 313 447 314
453 313 450 313
455 313 451 313
395 314 391 315
396 314 393 316
398 314 395 316
402 314 399 315
404 314 400 315
405 314 402 315
407 314 404 315
409 314 406 315
411 314 408 315
413 314 409 315
415 314 411 316
422 314 418 315
424 314 420 315
426 314 422 315
427 314 424 315
429 314 426 315
431 314 428 315
433 314 430 315
435 314 432 315
436 314 433 316
438 314 435 316
440 314 437 316
442 314 439 315
444 314 441 315
446 314 443 315
447 314 445 315
449 314 447 316
451 314 449 316
455 314 452 316
395 316 392 317
396 316 393 317
398 316 395 317
400 316 397 317
407 316 404 317
409 316 406 317
411 316 408 317
413 316 410 317
415 316 411 317
416 316 413 317
418 316 415 317
420 316 417 317
422 316 419 317
424 316 420 317
426 316 422 317
427 316 424 317
429 316 426 317
431 316 428 317
433 316 430 317
435 316 432 317
438 316 435 318
440 316 438 317
442 316 439 317
444 316 441 317
446 316 443 317
447 316 445 317
451 316 448 317
453 316 451 318
455 316 452 318
395 318 392 319
396 318 393 319
398 318 395 319
400 318 397 319
402 318 399 319
404 318 400 319
405 318 402 319
407 318 404 319
411 318 408 319
413 318 410 319
415 318 411 319
416 318 413 319
418 318 415 319
422 318 419 319
424 318 420 319
426 318 422 319
427 318 424 319
429 318 426 319
431 318 427 319
433 318 429 319
435 318 431 319
436 318 433 319
438 318 435 319
440 318 437 319
442 318 439 319
444 318 441 319
446 318 443 319
447 318 445 319
449 318 447 319
451 318 448 319
453 318 450 320
455 318 452 319
458 318 456 319
395 320 391 321
396 320 393 321
398 320 395 321
400 320 397 321
402 320 399 321
404 320 400 321
405 320 402 320
407 320 404 321
409 320 406 321
411 320 408 321
413 320 410 321
415 320 411 321
416 320 413 321
418 320 415 321
420 320 417 321
424 320 420 321
426 320 422 321
427 320 424 321
429 320 426 321
431 320 427 321
433 320 429 321
435 320 431 321
436 320 433 321
438 320 435 321
440 320 437 321
442 320 439 321
444 320 441 321
446 320 443 321
447 320 445 321
449 320 447 321
451 320 449 321
453 320 450 321
455 320 452 321
456 320 454 321
460 320 458 321
395 322 391 323
396 322 393 323
398 322 395 323
400 322 397 323
402 322 399 323
404 322 401 323
405 322 402 323
407 322 404 323
409 322 406 323
411 322 408 323
413 322 410 323
415 322 412 323
416 322 413 323
422 322 418 323
424 322 420 323
426 322 422 323
427 322 424 323
429 322 426 323
431 322 428 323
433 322 429 323
435 322 432 323
436 322 433 323
438 322 435 323
440 322 437 323
442 322 439 323
444 322 441 323
446 322 443 323
447 322 445 323
451 322 448 323
453 322 450 323
455 322 452 323
458 322 456 324
396 324 393 325
398 324 395 325
400 324 397 325
402 324 399 325
404 324 401 325
405 324 402 325
407 324 404 325
409 324 406 325
411 324 408 325
413 324 409 324
415 324 412 325
416 324 413 325
418 324 415 324
420 324 417 324
422 324 419 325
424 324 420 325
426 324 422 324
427 324 424 324
429 324 426 324
431 324 428 325
433 324 430 325
435 324 432 325
436 324 433 325
438 324 435 325
440 324 437 325
442 324 439 325
444 324 441 325
446 324 443 325
447 324 445 325
449 324 447 325
451 324 448 325
455 324 452 325
456 324 454 325
460 324 458 325
396 325 393 326
398 325 395 327
400 325 397 326
402 325 399 326
404 325 400 327
407 325 404 326
409 325 406 326
411 325 407 326
413 325 409 326
415 325 411 326
416 325 413 326
418 325 415 326
420 325 417 326
422 325 419 327
426 325 422 326
427 325 424 326
429 325 426 326
431 325 428 326
433 325 430 326
435 325 432 326
436 325 433 326
438 325 435 326
440 325 437 327
442 325 439 327
444 325 441 327
446 325 442 327
447 325 445 326
449 325 447 326
451 325 449 327
453 325 450 327
455 325 452 327
456 325 454 327
458 325 456 327
460 325 458 327
398 327 395 328
400 327 397 328
402 327 399 328
404 327 401 328
405 327 402 328
407 327 404 328
409 327 406 328
411 327 407 328
413 327 409 328
415 327 411 328
416 327 413 328
418 327 415 328
420 327 417 328
422 327 419 329
424 327 420 328
426 327 422 328
427 327 424 328
429 327 426 328
431 327 428 328
433 327 430 328
435 327 432 328
436 327 433 328
438 327 435 328
440 327 437 328
442 327 439 328
446 327 443 328
447 327 445 328
449 327 447 328
451 327 448 328
453 327 450 328
455 327 452 328
456 327 454 329
458 327 456 329
460 327 458 329
395 329 393 330
400 329 397 330
402 329 399 330
404 329 401 330
405 329 402 330
407 329 404 330
409 329 406 330
411 329 407 330
413 329 409 330
415 329 411 330
416 329 413 330
418 329 415 330
420 329 417 330
422 329 418 330
424 329 420 330
426 329 422 330
427 329 424 330
429 329 426 330
431 329 428 330
433 329 430 330
435 329 432 330
436 329 433 330
438 329 435 330
440 329 437 330
442 329 439 330
444 329 441 330
446 329 442 330
447 329 444 330
449 329 446 330
451 329 449 330
453 329 451 330
455 329 452 331
456 329 454 331
458 329 456 331
460 329 458 330
396 331 394 332
400 331 397 332
402 331 399 332
404 331 400 332
405 331 402 332
407 331 404 332
409 331 406 332
411 331 407 332
413 331 409 332
415 331 411 332
416 331 413 332
418 331 415 332
420 331 417 332
422 331 419 332
424 331 420 332
426 331 422 332
427 331 424 332
429 331 426 332
431 331 428 332
433 331 430 332
435 331 432 332
436 331 433 332
438 331 435 332
440 331 437 332
442 331 439 332
444 331 441 332
446 331 442 332
447 331 444 332
449 331 447 332
451 331 449 332
453 331 451 332
456 331 454 332
458 331 456 332
460 331 460 332
398 333 396 334
402 333 399 334
404 333 401 334
405 333 402 334
407 333 404 334
409 333 406 334
411 333 408 334
413 333 409 334
415 333 411 334
416 333 413 334
418 333 415 334
420 333 417 334
422 333 419 334
424 333 421 334
426 333 422 334
427 333 424 334
429 333 426 334
431 333 428 334
433 333 430 334
435 333 432 334
436 333 433 334
438 333 435 334
440 333 437 334
442 333 439 334
444 333 441 334
446 333 442 334
447 333 444 334
449 333 446 334
451 333 449 334
455 333 451 334
458 333 458 333
460 333 460 334
398 334 396 336
400 334 397 336
404 334 401 336
405 334 402 336
407 334 404 336
409 334 406 336
411 334 408 336
413 334 410 336
415 334 411 336
416 334 413 336
418 334 415 336
420 334 417 336
422 334 419 336
426 334 422 336
427 334 424 335
429 334 426 336
431 334 428 336
433 334 430 335
435 334 431 336
436 334 433 336
438 334 435 336
440 334 437 336
442 334 439 336
444 334 441 336
446 334 442 336
449 334 447 335
451 334 449 335
456 334 456 335
458 334 458 335
460 334 460 335
400 336 397 337
402 336 399 337
404 336 401 338
405 336 402 338
407 336 404 337
409 336 406 338
411 336 408 338
413 336 410 337
415 336 411 337
416 336 413 337
418 336 415 337
420 336 417 337
422 336 419 337
424 336 420 338
427 336 424 337
429 336 426 337
431 336 428 337
433 336 430 337
435 336 432 337
436 336 433 337
438 336 435 337
440 336 437 337
442 336 439 337
444 336 441 337
446 336 443 337
447 336 445 337
456 336 456 337
458 336 458 337
398 338 396 339
402 338 399 339
404 338 401 339
405 338 402 339
407 338 404 339
409 338 406 339
411 338 408 340
413 338 410 339
415 338 411 339
416 338 413 339
418 338 415 339
420 338 417 339
422 338 419 339
424 338 420 339
427 338 424 339
429 338 426 339
431 338 428 339
433 338 430 339
435 338 431 339
436 338 433 339
438 338 435 339
440 338 437 339
442 338 439 339
444 338 441 339
446 338 443 339
449 338 448 338
451 338 450 338
453 338 452 338
402 340 399 341
404 340 401 341
405 340 402 341
407 340 404 341
409 340 406 342
411 340 408 342
413 340 410 341
415 340 411 341
416 340 413 341
418 340 415 341
420 340 417 341
422 340 419 341
424 340 421 341
426 340 422 341
427 340 424 341
429 340 426 341
431 340 428 341
433 340 430 341
435 340 431 341
436 340 433 341
438 340 435 341
440 340 437 341
442 340 439 341
444 340 440 341
446 340 442 341
449 340 448 339
451 340 450 339
453 340 452 339
455 340 455 339
404 342 401 343
405 342 403 343
407 342 404 343
409 342 406 343
411 342 408 343
413 342 410 343
415 342 411 343
416 342 413 343
418 342 415 343
420 342 417 343
422 342 419 343
424 342 420 343
426 342 422 343
427 342 424 343
429 342 426 343
431 342 428 343
433 342 429 343
435 342 431 343
436 342 433 343
438 342 435 343
440 342 437 343
442 342 439 343
444 342 440 343
446 342 441 343
447 342 443 343
451 342 449 341
404 344 401 345
405 344 402 345
407 344 404 345
409 344 406 345
411 344 408 345
413 344 410 345
415 344 412 345
416 344 413 345
418 344 415 345
420 344 417 345
422 344 419 345
424 344 421 345
426 344 422 345
427 344 424 345
429 344 426 345
431 344 427 345
433 344 429 345
435 344 431 345
436 344 433 345
438 344 435 345
440 344 437 345
442 344 438 345
444 344 440 345
446 344 442 345
447 344 447 343
402 345 400 348
404 345 401 347
405 345 402 347
407 345 404 347
409 345 406 347
411 345 408 347
415 345 411 347
420 345 417 347
422 345 419 347
424 345 420 346
426 345 422 346
427 345 424 346
429 345 426 347
431 345 427 346
433 345 429 347
435 345 431 347
436 345 433 346
438 345 435 347
440 345 437 347
442 345 438 347
444 345 440 347
407 347 404 349
411 347 408 349
413 347 410 348
426 347 422 348
427 347 424 348
429 347 426 348
431 347 428 348
433 347 429 348
435 347 431 348
436 347 433 348
438 347 434 348
440 347 437 349
442 347 438 349
405 349 403 351
407 349 404 351
409 349 406 351
411 349 408 350
429 349 425 350
431 349 428 350
433 349 430 350
435 349 431 350
440 349 437 350
407 351 404 352
409 351 406 352
411 351 409 352
413 351 411 352
440 351 437 352
407 353 404 354
409 353 406 354
411 353 407 354
413 353 412 354
415 353 413 354
