427 300 412 311
429 300 414 311
431 300 416 311
433 300 418 311
435 300 420 312
436 300 421 311
438 300 423 311
440 300 425 311
442 300 427 311
444 300 429 311
446 300 430 311
447 300 432 310
449 300 436 311
427 302 412 313
429 302 414 313
431 302 416 313
433 302 418 313
435 302 419 313
436 302 421 313
438 302 423 313
440 302 425 313
442 302 427 314
444 302 429 314
446 302 431 314
447 302 432 313
427 304 411 315
429 304 413 314
431 304 415 315
433 304 417 315
435 304 419 315
436 304 421 315
438 304 423 315
440 304 425 316
442 304 426 316
444 304 428 316
446 304 430 316
447 304 432 316
426 305 409 316
427 305 411 316
429 305 413 316
431 305 415 316
433 305 417 316
435 305 419 317
436 305 421 317
438 305 422 317
440 305 424 317
442 305 426 317
444 305 428 317
446 305 430 317
447 305 432 318
449 305 433 317
451 305 435 315
404 307 387 316
407 307 390 316
409 307 392 316
411 307 394 316
413 307 395 316
415 307 397 316
424 307 406 317
426 307 409 318
427 307 411 318
429 307 413 318
431 307 415 318
433 307 416 318
435 307 419 319
436 307 420 319
438 307 422 319
440 307 424 319
442 307 426 319
444 307 428 319
446 307 430 319
447 307 431 319
449 307 433 319
451 307 435 319
400 309 384 317
402 309 385 317
404 309 387 318
405 309 388 318
409 309 392 318
411 309 394 318
415 309 397 319
424 309 406 319
426 309 409 320
427 309 410 320
429 309 412 320
431 309 414 320
433 309 416 320
435 309 418 321
436 309 420 321
438 309 422 321
440 309 424 321
442 309 426 321
444 309 428 321
446 309 430 321
447 309 431 321
449 309 433 321
451 309 435 321
400 311 384 319
402 311 385 319
404 311 387 319
405 311 389 320
407 311 390 320
409 311 392 320
413 311 395 320
415 311 397 320
424 311 406 321
426 311 408 322
427 311 410 322
429 311 412 322
431 311 414 322
433 311 416 322
435 311 418 322
436 311 420 322
438 311 422 323
440 311 423 323
442 311 425 323
444 311 427 323
446 311 429 323
447 311 431 323
449 311 433 323
451 311 435 323
396 313 380 318
402 313 385 321
404 313 387 321
405 313 388 322
407 313 390 321
409 313 392 322
411 313 394 322
413 313 396 323
415 313 397 322
424 313 406 323
426 313 408 324
427 313 410 324
429 313 412 324
431 313 414 324
433 313 416 324
435 313 418 324
436 313 419 324
438 313 421 325
440 313 423 324
442 313 425 324
444 313 427 324
446 313 429 325
447 313 431 325
449 313 433 325
451 313 434 325
453 313 436 325
455 313 439 325
396 314 380 320
398 314 382 320
404 314 386 323
405 314 389 323
407 314 390 323
409 314 392 324
411 314 394 324
413 314 396 325
416 314 398 323
422 314 404 325
424 314 406 325
427 314 410 325
429 314 412 325
431 314 414 325
433 314 416 326
435 314 417 326
436 314 419 326
438 314 421 326
440 314 423 326
442 314 425 326
444 314 427 327
446 314 429 326
447 314 430 326
449 314 432 327
451 314 434 327
453 314 436 327
455 314 438 326
396 316 380 321
398 316 382 322
404 316 386 325
405 316 388 325
407 316 390 325
409 316 392 325
411 316 393 325
416 316 398 326
418 316 400 326
420 316 402 326
422 316 404 327
424 316 406 327
426 316 407 327
427 316 409 327
429 316 412 327
431 316 413 327
433 316 416 327
435 316 417 328
436 316 419 328
438 316 421 328
440 316 423 328
442 316 424 328
444 316 426 328
446 316 428 328
447 316 430 328
449 316 432 328
451 316 434 329
453 316 436 329
396 318 380 323
398 318 381 323
400 318 383 324
402 318 385 324
404 318 387 327
405 318 388 327
407 318 390 327
409 318 392 327
411 318 393 327
413 318 395 327
416 318 398 328
418 318 399 327
420 318 402 328
422 318 404 329
424 318 405 329
426 318 407 329
427 318 409 329
429 318 411 329
431 318 413 329
433 318 415 329
435 318 417 330
436 318 419 330
438 318 421 330
442 318 424 330
444 318 426 330
446 318 428 330
447 318 430 330
449 318 432 330
451 318 434 330
453 318 435 331
455 318 437 330
456 318 439 331
398 320 381 325
400 320 383 325
402 320 385 326
404 320 387 328
405 320 388 328
407 320 390 328
409 320 392 328
411 320 393 329
413 320 395 329
416 320 398 329
418 320 399 330
422 320 403 330
424 320 405 331
426 320 407 331
427 320 409 331
429 320 411 331
433 320 414 332
436 320 417 332
438 320 420 332
440 320 422 332
442 320 424 332
444 320 426 332
446 320 428 332
447 320 429 332
451 320 433 332
453 320 435 332
455 320 437 333
456 320 439 333
458 320 441 333
396 322 379 326
407 322 390 330
409 322 391 330
411 322 393 330
413 322 395 330
416 322 397 331
418 322 399 332
420 322 401 332
422 322 403 332
424 322 405 332
426 322 407 333
427 322 409 333
429 322 410 333
431 322 412 333
433 322 414 333
435 322 416 333
436 322 418 334
438 322 420 334
440 322 422 334
442 322 424 334
444 322 426 334
447 322 429 334
449 322 431 334
451 322 433 334
453 322 435 334
455 322 437 335
456 322 438 335
458 322 440 334
460 322 442 334
396 324 379 328
398 324 381 328
400 324 383 328
402 324 384 329
404 324 386 330
405 324 387 330
407 324 390 331
409 324 391 331
411 324 393 332
413 324 394 332
416 324 397 333
418 324 399 333
420 324 401 333
422 324 403 334
424 324 405 334
426 324 406 334
427 324 408 334
429 324 410 335
431 324 412 335
433 324 414 335
435 324 415 335
436 324 417 335
438 324 419 335
440 324 421 335
442 324 423 335
444 324 425 335
446 324 427 336
447 324 429 336
451 324 432 336
453 324 434 336
455 324 436 336
456 324 438 337
458 324 440 337
460 324 442 337
396 325 379 330
398 325 381 330
400 325 382 331
402 325 384 331
404 325 386 331
405 325 387 332
411 325 393 334
413 325 394 334
416 325 397 334
418 325 399 335
420 325 401 335
422 325 402 336
424 325 404 336
426 325 406 336
427 325 408 336
429 325 410 336
431 325 412 336
433 325 414 337
435 325 415 337
436 325 417 337
438 325 419 337
440 325 421 337
442 325 423 337
444 325 425 337
446 325 427 337
447 325 428 337
449 325 430 337
451 325 432 338
453 325 434 338
455 325 436 338
456 325 438 338
396 327 379 331
398 327 380 332
400 327 382 332
402 327 384 333
404 327 385 333
405 327 387 334
407 327 389 334
416 327 397 336
418 327 399 336
420 327 400 337
422 327 402 337
424 327 404 338
426 327 406 338
427 327 408 338
429 327 409 338
431 327 411 338
433 327 413 338
435 327 415 339
436 327 417 339
438 327 419 339
440 327 421 339
442 327 423 339
444 327 425 339
446 327 426 339
447 327 428 339
449 327 430 339
451 327 432 339
453 327 434 340
455 327 436 340
456 327 437 340
460 327 442 340
391 329 379 337
396 329 379 333
398 329 380 333
404 329 385 335
405 329 387 335
407 329 389 335
411 329 391 337
413 329 394 337
415 329 396 338
418 329 399 338
420 329 400 338
422 329 402 339
424 329 404 339
426 329 406 340
427 329 407 340
429 329 409 340
431 329 411 340
433 329 413 340
435 329 415 340
436 329 417 340
438 329 419 340
440 329 420 341
442 329 422 341
444 329 424 341
446 329 426 342
447 329 428 341
449 329 430 341
451 329 432 341
453 329 433 342
455 329 435 342
456 329 437 342
460 329 442 341
396 331 378 335
398 331 380 335
400 331 382 335
404 331 385 337
405 331 387 337
407 331 389 337
409 331 390 338
411 331 392 338
413 331 394 338
418 331 398 340
420 331 400 340
422 331 402 341
424 331 404 341
426 331 405 341
427 331 407 342
429 331 409 342
431 331 411 342
433 331 413 342
435 331 415 342
436 331 416 342
438 331 419 342
440 331 420 342
442 331 422 342
444 331 424 342
446 331 426 343
447 331 427 343
449 331 430 343
451 331 432 343
453 331 433 344
455 331 435 344
458 331 440 343
460 331 443 343
398 333 380 337
400 333 382 337
404 333 383 338
405 333 387 339
407 333 388 339
409 333 390 340
411 333 392 340
415 333 395 341
416 333 396 341
418 333 398 342
420 333 400 342
422 333 402 342
424 333 404 343
426 333 405 343
427 333 407 344
429 333 409 344
431 333 411 344
433 333 412 344
435 333 414 344
436 333 416 344
438 333 418 344
440 333 420 344
442 333 422 344
444 333 424 344
446 333 425 344
447 333 427 345
449 333 429 345
451 333 431 345
453 333 433 345
455 333 435 345
460 333 444 345
400 334 381 339
402 334 383 339
404 334 385 340
405 334 387 340
407 334 388 340
409 334 390 341
411 334 392 342
415 334 395 342
416 334 396 343
420 334 400 344
422 334 401 344
424 334 403 344
426 334 405 345
427 334 407 345
429 334 409 345
431 334 411 346
433 334 412 346
435 334 414 346
436 334 416 346
438 334 418 346
440 334 420 346
442 334 422 346
444 334 423 346
446 334 425 346
447 334 427 347
458 334 442 347
460 334 444 347
400 336 382 340
402 336 383 341
404 336 385 341
409 336 390 343
411 336 392 344
415 336 395 344
416 336 396 344
418 336 398 345
422 336 401 346
424 336 403 346
426 336 404 346
427 336 406 347
429 336 408 347
431 336 410 347
433 336 412 347
435 336 414 347
436 336 415 347
438 336 417 348
440 336 419 348
442 336 421 348
444 336 423 348
446 336 424 348
453 336 433 348
460 336 444 348
402 338 383 342
404 338 385 343
405 338 386 343
407 338 388 344
409 338 390 345
413 338 393 345
415 338 395 346
416 338 396 346
418 338 398 346
420 338 400 347
422 338 401 347
424 338 403 347
426 338 404 348
427 338 406 349
429 338 408 349
431 338 410 349
433 338 412 349
435 338 414 349
436 338 415 349
438 338 417 349
440 338 419 350
442 338 421 350
444 338 422 350
447 338 428 349
451 338 430 351
404 340 385 345
405 340 386 345
407 340 388 345
411 340 391 346
415 340 394 347
416 340 396 348
418 340 397 348
420 340 399 348
424 340 403 349
426 340 404 350
427 340 406 351
429 340 408 351
431 340 410 351
433 340 411 351
435 340 413 351
436 340 415 351
438 340 417 351
440 340 419 351
442 340 421 351
444 340 422 352
446 340 427 352
447 340 428 353
451 340 430 353
404 342 385 346
405 342 386 346
407 342 387 347
409 342 389 347
415 342 394 349
416 342 396 349
418 342 397 350
420 342 399 350
422 342 401 351
426 342 404 352
429 342 407 352
431 342 409 353
433 342 411 353
435 342 413 353
436 342 415 353
438 342 417 353
440 342 419 353
444 342 425 354
446 342 426 354
447 342 428 354
449 342 430 354
451 342 432 355
405 344 386 349
407 344 387 349
409 344 389 349
411 344 391 350
416 344 395 351
418 344 397 351
420 344 399 352
422 344 401 352
424 344 402 353
427 344 406 354
429 344 407 354
431 344 409 354
433 344 411 355
435 344 413 355
436 344 415 355
438 344 417 355
446 344 428 356
449 344 430 357
405 345 386 350
407 345 387 350
409 345 389 351
411 345 391 351
416 345 395 352
418 345 397 353
420 345 399 353
422 345 400 354
424 345 402 354
426 345 404 354
429 345 407 356
431 345 409 356
433 345 410 356
435 345 412 356
436 345 414 356
409 347 389 352
411 347 391 353
413 347 392 353
420 347 398 355
422 347 400 356
424 347 402 356
426 347 403 356
427 347 405 357
429 347 407 357
431 347 408 357
433 347 410 358
407 349 397 355
411 349 391 354
413 349 393 355
436 349 420 359
440 349 423 360
440 351 422 362
416 353 417 360
