444 304 422 323
438 307 417 326
440 307 418 326
444 307 421 325
438 309 416 327
440 309 417 327
444 309 421 327
436 311 414 329
438 311 415 329
440 311 417 329
444 311 420 329
436 313 413 330
438 313 415 331
431 314 408 333
436 314 412 333
446 314 419 332
447 314 421 331
440 316 414 333
444 316 417 333
436 318 411 336
440 318 413 335
444 318 416 335
451 318 422 334
393 320 373 317
435 320 408 337
436 320 410 337
440 320 413 336
451 320 421 335
393 322 372 319
395 322 373 319
398 322 377 322
400 322 378 323
420 322 397 337
422 322 398 338
444 322 415 337
449 322 419 337
451 322 420 337
420 324 396 339
422 324 398 340
449 324 418 338
447 325 416 340
449 325 418 340
396 327 373 323
400 327 376 326
402 327 378 327
404 327 379 328
422 327 397 341
447 327 415 341
453 327 419 341
398 329 374 325
446 329 413 342
451 329 418 342
440 331 408 345
442 331 410 346
446 331 412 344
451 331 417 344
420 333 392 344
440 333 407 347
446 333 411 346
449 333 414 346
438 334 405 348
440 334 407 348
429 338 397 347
431 338 399 348
425 340 393 346
429 340 397 349
431 340 398 350
