427 300 410 313
429 300 413 314
431 300 415 312
433 300 418 316
436 300 421 316
438 300 422 316
440 300 424 315
442 300 426 315
444 300 427 315
446 300 428 314
447 300 430 313
449 300 432 313
427 302 412 317
429 302 414 317
431 302 415 314
433 302 416 315
436 302 420 318
438 302 422 318
440 302 423 317
442 302 425 318
444 302 427 317
447 302 429 316
449 302 432 315
427 304 411 319
429 304 413 319
433 304 416 317
435 304 418 319
436 304 420 319
438 304 421 319
440 304 423 319
442 304 425 319
444 304 426 320
447 304 429 318
449 304 430 319
451 304 433 317
426 305 409 321
427 305 411 321
429 305 413 321
433 305 416 320
435 305 417 321
436 305 419 321
438 305 420 321
440 305 422 321
442 305 424 321
446 305 427 321
447 305 429 321
449 305 430 321
451 305 432 319
409 307 392 321
411 307 394 321
413 307 395 321
426 307 409 322
427 307 410 323
429 307 412 323
433 307 415 323
435 307 417 323
436 307 418 322
438 307 420 323
440 307 422 322
442 307 424 323
446 307 426 323
447 307 428 323
449 307 430 323
409 309 392 322
411 309 393 323
426 309 408 324
427 309 410 324
433 309 415 325
435 309 416 325
436 309 418 324
440 309 421 324
442 309 423 324
446 309 426 325
447 309 427 325
405 311 389 324
407 311 390 324
413 311 395 323
415 311 397 323
426 311 407 326
429 311 411 326
433 311 414 326
435 311 416 327
436 311 417 326
438 311 419 326
440 311 421 326
444 311 423 327
446 311 425 326
407 313 390 326
409 313 392 325
411 313 394 325
415 313 397 325
424 313 405 327
426 313 407 328
427 313 409 327
429 313 411 328
433 313 413 328
435 313 415 328
436 313 417 328
442 313 421 328
444 313 423 328
446 313 425 328
447 313 426 328
409 314 392 326
411 314 394 326
413 314 395 327
422 314 403 328
424 314 405 329
426 314 407 329
429 314 410 329
431 314 411 329
433 314 413 330
435 314 414 329
436 314 416 330
442 314 421 330
444 314 422 330
446 314 424 330
447 314 426 330
407 316 390 328
409 316 392 328
411 316 393 328
413 316 395 329
416 316 397 329
418 316 399 330
420 316 401 329
422 316 403 331
424 316 404 331
429 316 409 331
431 316 411 331
433 316 413 331
435 316 414 331
436 316 416 332
440 316 418 331
442 316 420 331
444 316 422 331
446 316 424 331
407 318 390 330
411 318 393 330
413 318 395 330
416 318 397 331
418 318 399 332
422 318 402 332
424 318 404 333
429 318 409 332
431 318 410 333
433 318 412 333
435 318 414 333
440 318 418 333
442 318 420 333
444 318 421 333
446 318 423 333
447 318 425 333
418 320 398 333
420 320 400 332
422 320 402 334
424 320 403 334
427 320 407 334
431 320 409 335
433 320 411 335
438 320 416 335
440 320 418 334
442 320 419 334
444 320 421 335
449 320 426 335
411 322 392 332
415 322 395 333
416 322 396 333
420 322 399 334
422 322 401 336
426 322 405 336
429 322 407 336
431 322 409 336
433 322 411 336
438 322 415 336
440 322 417 336
442 322 419 336
444 322 420 336
446 322 422 336
449 322 425 336
451 322 427 337
415 324 394 334
416 324 395 335
418 324 397 336
424 324 402 337
427 324 405 337
429 324 407 338
431 324 408 338
433 324 410 338
438 324 415 338
440 324 416 338
442 324 418 338
446 324 422 338
449 324 425 338
451 324 426 338
453 324 428 338
405 325 385 332
407 325 387 332
416 325 395 336
426 325 403 339
427 325 404 339
429 325 406 339
431 325 408 339
433 325 410 339
436 325 413 340
438 325 414 340
440 325 416 340
442 325 418 340
446 325 421 339
447 325 422 340
449 325 424 340
451 325 425 340
420 327 397 338
422 327 399 338
426 327 403 341
427 327 404 341
429 327 405 341
431 327 407 341
436 327 412 341
438 327 414 341
440 327 415 342
442 327 417 342
446 327 420 341
447 327 422 341
449 327 423 341
451 327 425 341
453 327 427 341
455 327 428 341
456 327 430 341
411 329 388 335
413 329 390 336
420 329 397 339
422 329 399 340
424 329 400 340
426 329 402 343
427 329 403 343
429 329 405 343
433 329 409 343
436 329 412 343
438 329 413 343
440 329 415 343
446 329 420 343
447 329 421 343
449 329 423 343
453 329 426 343
456 329 429 343
458 329 431 343
396 331 377 330
411 331 388 336
413 331 390 337
418 331 395 341
420 331 396 341
422 331 398 341
424 331 400 342
426 331 401 344
427 331 403 344
429 331 405 344
431 331 407 344
435 331 410 344
436 331 411 345
438 331 413 344
440 331 415 345
444 331 417 345
446 331 419 345
447 331 420 345
449 331 422 345
451 331 424 345
453 331 426 344
455 331 428 345
413 333 389 339
415 333 391 340
418 333 395 342
420 333 396 343
422 333 398 343
424 333 400 344
426 333 401 346
427 333 403 346
431 333 406 346
435 333 409 346
436 333 411 346
438 333 412 346
444 333 417 346
446 333 418 346
447 333 420 346
449 333 422 347
451 333 424 346
453 333 425 347
404 334 380 335
405 334 382 335
409 334 385 338
413 334 389 340
415 334 390 341
420 334 395 344
422 334 397 344
424 334 399 345
429 334 404 347
433 334 407 348
435 334 409 348
436 334 410 348
442 334 415 348
444 334 417 348
446 334 418 348
447 334 420 349
405 336 381 337
407 336 383 337
411 336 387 341
415 336 390 342
416 336 392 343
418 336 393 344
424 336 398 347
426 336 400 347
431 336 405 349
433 336 406 349
435 336 408 349
436 336 409 349
438 336 411 349
440 336 413 349
444 336 416 349
446 336 417 350
411 338 386 342
413 338 388 343
420 338 395 347
422 338 396 347
426 338 400 349
429 338 402 350
431 338 404 350
433 338 406 351
435 338 407 351
436 338 409 351
438 338 411 351
442 338 414 351
444 338 415 352
420 340 394 348
424 340 397 349
426 340 399 349
431 340 404 352
433 340 405 352
435 340 407 353
436 340 408 353
438 340 411 352
442 340 413 353
418 342 391 347
426 342 398 351
427 342 400 351
429 342 402 354
431 342 403 354
433 342 405 354
435 342 406 354
438 342 410 354
418 344 391 349
426 344 398 352
427 344 399 353
