427 300 411 313
429 300 414 313
431 300 416 313
433 300 418 314
435 300 419 314
436 300 421 314
438 300 423 314
440 300 424 314
442 300 426 314
444 300 428 314
446 300 429 312
447 300 431 312
449 300 434 312
451 300 436 312
427 302 411 315
429 302 413 315
431 302 415 315
433 302 417 316
435 302 419 316
436 302 420 315
438 302 422 316
440 302 424 316
442 302 426 316
444 302 428 316
446 302 429 316
447 302 431 316
449 302 434 316
427 304 411 317
429 304 413 317
431 304 415 317
433 304 417 317
435 304 419 317
436 304 420 317
438 304 422 317
440 304 424 318
444 304 427 318
446 304 429 318
447 304 431 318
449 304 433 318
451 304 435 316
426 305 409 318
427 305 411 319
429 305 412 319
431 305 414 319
433 305 416 319
435 305 418 319
436 305 420 319
438 305 421 319
440 305 423 319
442 305 425 319
444 305 427 319
446 305 429 319
449 305 432 320
451 305 434 320
404 307 387 318
407 307 390 318
409 307 392 318
411 307 394 318
413 307 395 318
426 307 409 320
429 307 412 320
431 307 414 321
433 307 416 321
435 307 418 321
436 307 419 321
438 307 421 321
440 307 423 321
442 307 425 321
444 307 427 321
446 307 428 321
449 307 431 322
402 309 386 319
404 309 387 320
405 309 388 320
409 309 392 320
415 309 397 319
424 309 406 321
427 309 410 322
429 309 412 322
431 309 414 323
433 309 415 322
435 309 417 322
436 309 419 323
438 309 420 323
440 309 422 323
442 309 424 323
444 309 426 323
446 309 428 323
449 309 431 324
451 309 432 322
400 311 384 321
402 311 385 321
404 311 387 321
405 311 389 322
407 311 390 322
409 311 392 322
411 311 394 322
415 311 396 321
424 311 406 323
426 311 408 324
427 311 410 324
429 311 411 324
431 311 413 324
433 311 415 324
435 311 417 324
436 311 418 324
438 311 420 325
442 311 423 325
444 311 425 325
447 311 429 325
449 311 430 325
451 311 432 325
404 313 387 323
405 313 388 323
407 313 390 324
409 313 392 324
411 313 394 323
413 313 395 324
415 313 397 323
424 313 405 325
426 313 407 326
427 313 409 326
429 313 411 326
431 313 413 326
433 313 415 326
435 313 416 326
436 313 418 327
438 313 420 327
442 313 423 327
446 313 427 327
447 313 428 327
449 313 430 327
451 313 432 327
453 313 434 327
455 313 436 326
402 314 385 323
405 314 388 325
407 314 391 325
413 314 395 326
416 314 398 324
424 314 405 327
426 314 407 327
427 314 409 327
429 314 410 328
431 314 412 328
433 314 414 328
435 314 416 328
436 314 418 328
440 314 421 328
442 314 422 329
444 314 424 329
446 314 426 329
447 314 428 329
449 314 429 329
451 314 431 329
453 314 433 329
402 316 385 324
405 316 388 326
409 316 392 326
411 316 393 326
416 316 398 327
418 316 399 327
420 316 401 327
424 316 405 329
426 316 407 329
427 316 408 329
429 316 410 329
431 316 412 329
433 316 414 329
435 316 415 330
436 316 417 330
440 316 420 330
442 316 422 330
446 316 426 330
447 316 427 330
449 316 429 330
451 316 431 331
453 316 433 331
391 318 379 322
398 318 381 322
407 318 390 328
409 318 392 328
411 318 394 328
413 318 395 328
416 318 397 329
418 318 399 329
420 318 401 330
422 318 403 330
424 318 404 331
426 318 406 331
427 318 408 331
429 318 410 331
431 318 412 331
433 318 414 331
436 318 416 332
438 318 418 332
440 318 420 332
444 318 423 332
446 318 425 332
447 318 427 332
449 318 429 332
451 318 431 332
453 318 432 333
455 318 434 333
396 320 379 323
405 320 388 329
407 320 390 330
409 320 391 329
411 320 393 330
413 320 394 330
416 320 397 331
420 320 401 333
422 320 402 332
424 320 404 332
426 320 405 333
427 320 408 333
429 320 409 333
431 320 411 333
435 320 414 334
436 320 416 333
438 320 417 333
442 320 422 333
444 320 423 334
446 320 425 334
447 320 427 334
449 320 428 334
451 320 430 334
453 320 432 334
455 320 434 335
400 322 382 326
404 322 384 326
405 322 386 327
411 322 392 331
413 322 394 331
416 322 396 332
418 322 398 333
422 322 402 334
424 322 404 334
426 322 405 335
427 322 407 335
429 322 409 335
433 322 412 335
435 322 414 335
436 322 415 335
438 322 417 335
440 322 419 335
442 322 421 335
444 322 423 335
446 322 424 336
447 322 426 336
449 322 428 336
451 322 430 336
453 322 431 336
460 322 443 338
405 324 386 329
409 324 389 331
411 324 391 332
413 324 393 333
415 324 395 333
416 324 396 334
418 324 398 334
420 324 400 335
422 324 401 335
424 324 403 336
426 324 405 336
429 324 408 336
431 324 410 337
433 324 412 337
435 324 413 337
436 324 415 337
438 324 417 337
440 324 418 337
442 324 420 337
444 324 422 337
446 324 424 338
447 324 426 338
449 324 427 338
451 324 429 338
456 324 434 338
458 324 436 338
460 324 437 338
402 325 382 328
404 325 384 330
405 325 385 330
409 325 389 333
411 325 390 333
416 325 396 335
418 325 397 336
420 325 399 337
422 325 401 338
424 325 403 338
426 325 405 338
429 325 407 338
431 325 409 338
433 325 411 338
435 325 413 338
436 325 415 339
438 325 416 339
440 325 418 338
442 325 420 339
444 325 422 339
446 325 423 339
447 325 425 339
449 325 427 339
453 325 430 340
455 325 432 339
456 325 434 339
458 325 435 339
460 325 437 339
400 327 380 330
404 327 383 331
405 327 385 332
409 327 388 334
411 327 390 335
413 327 392 335
424 327 402 340
426 327 404 340
429 327 407 340
431 327 409 340
433 327 411 340
435 327 413 340
436 327 414 340
440 327 418 340
442 327 419 340
444 327 421 341
446 327 423 341
447 327 425 341
451 327 428 341
453 327 430 341
455 327 432 341
456 327 433 341
458 327 435 341
460 327 437 341
400 329 379 331
404 329 385 334
413 329 391 337
415 329 393 337
416 329 395 338
420 329 398 339
422 329 400 339
424 329 402 341
426 329 404 341
429 329 407 342
431 329 409 342
433 329 410 342
435 329 412 342
438 329 416 342
440 329 417 342
442 329 419 342
444 329 421 342
446 329 423 342
449 329 426 343
451 329 428 343
453 329 429 343
455 329 431 343
456 329 433 343
458 329 435 343
460 329 437 343
400 331 379 333
402 331 381 334
407 331 386 336
409 331 388 337
411 331 389 337
415 331 393 339
416 331 395 340
418 331 397 340
422 331 400 341
424 331 401 341
426 331 403 343
427 331 405 343
429 331 406 343
431 331 408 344
433 331 410 344
436 331 414 344
438 331 415 344
440 331 417 344
442 331 419 344
444 331 420 344
446 331 422 344
449 331 425 345
451 331 427 345
455 331 431 345
456 331 433 345
400 333 379 334
402 333 381 335
404 333 382 335
405 333 384 336
409 333 387 338
411 333 389 339
413 333 391 340
415 333 393 341
416 333 394 341
418 333 396 342
422 333 399 343
424 333 401 343
426 333 403 345
427 333 404 345
429 333 406 345
431 333 408 345
435 333 411 345
436 333 413 345
438 333 415 346
440 333 417 346
442 333 418 346
446 333 422 346
449 333 425 347
451 333 428 346
455 333 431 347
456 333 433 347
458 333 436 347
460 333 438 347
402 334 380 337
404 334 382 337
405 334 384 337
407 334 385 338
409 334 387 340
411 334 389 341
413 334 391 341
416 334 394 343
418 334 396 343
422 334 399 344
424 334 400 344
431 334 408 347
433 334 409 347
435 334 411 347
436 334 413 347
438 334 415 347
440 334 416 347
442 334 418 348
444 334 420 348
449 334 426 347
451 334 428 347
453 334 430 348
456 334 434 348
458 334 436 349
404 336 382 339
405 336 383 339
407 336 385 340
411 336 389 342
413 336 390 343
416 336 393 343
420 336 397 345
422 336 398 346
424 336 400 346
426 336 402 346
427 336 403 347
429 336 405 347
433 336 409 348
435 336 411 349
436 336 412 349
438 336 414 349
440 336 416 349
442 336 418 349
444 336 419 350
447 336 423 351
449 336 425 351
451 336 428 351
453 336 429 350
455 336 431 350
456 336 434 350
460 336 444 345
404 338 382 341
405 338 383 341
407 338 385 341
409 338 386 342
413 338 390 344
416 338 393 345
418 338 395 346
422 338 398 348
424 338 400 348
426 338 401 348
427 338 403 349
429 338 405 350
431 338 407 350
433 338 408 350
435 338 410 351
436 338 412 350
438 338 414 350
440 338 415 351
442 338 417 351
444 338 419 351
453 338 430 351
398 340 380 339
407 340 385 343
413 340 389 345
416 340 393 347
418 340 394 347
420 340 396 348
424 340 399 350
426 340 401 350
427 340 403 350
429 340 404 352
431 340 406 352
433 340 408 352
435 340 410 352
436 340 411 352
438 340 413 352
440 340 415 352
447 340 425 352
453 340 431 352
400 342 390 348
402 342 392 348
413 342 389 346
418 342 394 349
420 342 396 349
422 342 397 350
427 342 402 352
429 342 404 353
431 342 406 354
433 342 408 354
435 342 409 354
436 342 411 354
438 342 413 354
440 342 415 355
449 342 429 353
451 342 431 354
402 344 392 350
409 344 385 346
411 344 387 347
418 344 394 350
420 344 395 351
422 344 397 352
424 344 399 352
426 344 400 353
427 344 402 354
429 344 404 354
431 344 405 355
433 344 407 356
435 344 409 356
436 344 411 356
438 344 413 356
446 344 426 355
449 344 429 356
409 345 385 348
411 345 386 348
413 345 388 349
422 345 397 353
424 345 399 354
426 345 400 354
429 345 403 356
431 345 405 357
433 345 407 357
435 345 409 357
436 345 411 358
402 347 390 352
405 347 394 353
411 347 386 350
427 347 402 357
429 347 403 358
431 347 405 358
433 347 406 359
435 347 408 359
407 349 396 355
440 351 422 362
