455 295 418 324
460 295 422 324
460 297 421 326
458 299 419 327
460 299 420 328
458 301 418 329
464 302 422 330
451 304 410 332
413 306 377 316
449 306 408 333
455 306 413 333
457 306 414 334
458 306 416 333
467 306 423 333
410 308 372 315
412 308 374 316
448 308 405 334
449 308 407 335
455 308 411 335
457 308 413 335
462 308 418 335
467 308 422 335
413 310 375 318
448 310 405 336
449 310 406 337
455 310 410 337
457 310 412 337
460 310 415 336
462 310 417 336
466 310 420 336
467 310 421 337
469 310 423 337
413 311 374 319
446 311 402 338
453 311 408 338
455 311 410 338
462 311 416 338
466 311 419 338
467 311 420 338
453 313 408 339
455 313 409 340
466 313 418 340
467 313 419 340
444 315 399 341
453 315 407 341
455 315 409 341
464 315 416 341
466 315 417 341
446 317 399 342
462 317 413 342
464 317 415 342
466 317 416 343
442 319 396 341
444 319 398 342
449 319 402 344
457 319 408 344
458 319 410 344
462 319 412 344
444 320 397 344
457 320 407 346
462 320 412 345
464 320 414 345
455 322 405 347
457 322 406 347
458 322 408 347
462 322 411 347
446 328 395 345
446 329 394 347
448 329 396 347
449 329 397 348
451 329 399 349
444 331 392 347
446 331 393 349
448 331 395 349
449 331 397 350
451 331 398 351
