451 290 419 316
453 290 421 316
455 290 423 316
457 290 424 316
458 290 426 316
451 292 419 318
453 292 420 318
455 292 422 318
457 292 424 318
458 292 425 318
462 292 428 317
451 293 418 319
453 293 420 319
455 293 421 320
457 293 423 320
458 293 425 320
460 293 426 320
451 295 417 321
453 295 419 321
455 295 420 321
457 295 422 321
458 295 424 322
451 297 416 322
453 297 418 323
457 297 422 323
458 297 423 323
449 299 413 323
451 299 415 323
453 299 417 324
455 299 419 325
457 299 421 325
458 299 423 325
462 299 425 326
446 301 409 325
448 301 411 326
451 301 414 326
453 301 416 326
455 301 418 327
457 301 420 327
462 301 425 327
446 302 409 327
448 302 410 327
453 302 416 328
455 302 417 328
457 302 419 328
460 302 423 328
462 302 424 329
464 302 425 329
431 304 393 325
446 304 408 329
448 304 410 329
449 304 411 329
451 304 413 329
453 304 415 329
455 304 417 330
457 304 418 330
458 304 420 330
460 304 421 330
462 304 423 331
464 304 425 331
430 306 391 327
431 306 393 327
433 306 395 326
435 306 398 329
444 306 405 330
446 306 407 330
448 306 409 331
449 306 410 331
451 306 412 331
453 306 414 331
455 306 416 331
457 306 417 331
458 306 420 331
460 306 421 332
462 306 423 332
464 306 424 332
430 308 391 328
431 308 393 328
433 308 395 328
435 308 397 329
439 308 400 329
444 308 405 332
446 308 407 332
448 308 408 332
449 308 410 333
451 308 412 333
453 308 414 333
455 308 415 333
457 308 416 333
458 308 418 334
460 308 420 334
462 308 422 334
464 308 424 334
466 308 425 334
430 310 391 330
440 310 401 330
444 310 404 333
446 310 406 334
448 310 408 334
449 310 409 334
453 310 413 334
455 310 414 335
457 310 416 335
458 310 417 335
460 310 419 335
462 310 421 335
464 310 423 336
466 310 424 336
430 311 392 330
440 311 400 333
444 311 403 335
446 311 405 335
451 311 411 335
453 311 412 335
455 311 413 336
457 311 415 336
462 311 420 337
464 311 422 338
467 311 425 338
430 313 391 332
433 313 393 333
435 313 395 333
437 313 396 334
439 313 398 335
440 313 399 335
442 313 401 336
444 313 403 337
446 313 404 337
448 313 406 337
451 313 410 337
453 313 412 337
455 313 413 338
457 313 414 338
462 313 420 339
466 313 422 339
467 313 424 339
469 313 426 339
435 315 394 335
437 315 395 335
440 315 399 337
442 315 400 338
444 315 402 338
446 315 404 338
453 315 411 339
455 315 412 340
457 315 414 340
464 315 420 341
466 315 422 341
467 315 423 341
444 317 401 341
446 317 403 340
449 317 406 341
455 317 411 341
457 317 413 342
460 317 416 341
462 317 418 342
464 317 420 342
466 317 421 342
467 317 423 343
440 319 397 338
442 319 398 338
446 319 402 342
449 319 405 343
453 319 409 343
455 319 411 343
458 319 414 343
460 319 415 342
462 319 417 344
464 319 419 344
439 320 395 339
440 320 396 340
442 320 398 340
444 320 400 340
457 320 411 345
458 320 413 345
460 320 415 345
462 320 416 345
464 320 418 345
439 322 394 341
440 322 396 341
442 322 397 342
444 322 399 343
446 322 401 343
449 322 404 345
451 322 405 346
455 322 409 346
457 322 410 346
458 322 412 346
460 322 414 346
462 322 415 346
464 322 417 347
439 324 394 342
440 324 395 343
442 324 396 344
444 324 398 344
446 324 400 345
448 324 402 345
449 324 403 347
451 324 405 347
455 324 408 348
457 324 410 348
458 324 412 348
460 324 413 348
462 324 415 348
437 326 391 343
439 326 393 344
440 326 394 344
442 326 396 345
444 326 397 346
446 326 399 346
449 326 403 348
451 326 404 349
455 326 408 349
457 326 409 350
458 326 411 350
462 326 414 350
439 328 392 345
440 328 394 346
442 328 395 347
444 328 397 347
446 328 399 347
449 328 402 350
453 328 405 351
455 328 407 351
457 328 408 351
439 329 392 347
440 329 393 347
442 329 395 348
444 329 396 349
446 329 398 349
449 329 401 352
453 329 404 352
455 329 406 352
457 329 408 353
442 331 394 350
444 331 396 350
446 331 397 350
451 331 402 353
453 331 404 354
455 331 406 354
457 331 407 354
444 333 395 352
446 333 397 353
453 333 403 355
