451 290 440 297
453 290 442 297
455 290 444 297
457 290 446 297
458 290 448 297
460 290 450 297
462 290 452 297
464 290 453 297
449 292 438 298
451 292 440 299
453 292 442 298
455 292 444 299
457 292 446 299
458 292 448 299
460 292 450 299
462 292 452 299
464 292 454 299
448 293 434 297
449 293 438 300
451 293 440 300
453 293 442 300
455 293 444 301
457 293 446 301
458 293 448 300
460 293 450 300
462 293 452 301
467 293 456 300
446 295 433 299
451 295 440 302
453 295 442 302
455 295 444 302
457 295 446 303
458 295 448 302
460 295 450 303
462 295 452 303
464 295 454 303
466 295 456 303
448 297 435 301
449 297 438 303
453 297 442 304
455 297 444 304
457 297 446 304
458 297 448 305
460 297 450 305
462 297 452 305
464 297 454 305
466 297 456 305
446 299 433 305
448 299 436 305
449 299 437 305
451 299 439 305
457 299 446 307
460 299 450 307
462 299 452 307
464 299 454 307
466 299 456 307
467 299 458 307
446 301 433 307
448 301 436 307
449 301 437 307
451 301 439 307
453 301 442 307
455 301 444 308
457 301 446 308
458 301 448 308
460 301 450 308
462 301 452 309
464 301 454 309
466 301 456 309
467 301 458 309
469 301 459 309
471 301 461 309
410 302 400 309
428 302 413 307
446 302 433 309
448 302 436 309
449 302 437 309
451 302 439 309
453 302 442 309
455 302 444 310
457 302 446 309
458 302 448 310
460 302 450 310
462 302 452 310
464 302 454 311
466 302 456 310
467 302 457 310
469 302 459 311
471 302 461 311
410 304 400 310
415 304 402 311
421 304 408 310
422 304 409 310
424 304 411 310
428 304 413 309
431 304 418 309
444 304 431 310
448 304 436 311
449 304 437 311
451 304 439 311
453 304 441 311
455 304 444 311
457 304 446 312
458 304 448 312
460 304 450 312
462 304 452 312
464 304 454 312
466 304 456 312
467 304 457 312
469 304 459 312
471 304 461 312
412 306 400 312
417 306 404 312
419 306 406 312
424 306 410 312
426 306 412 312
433 306 419 311
435 306 421 311
437 306 423 312
442 306 429 312
444 306 431 312
446 306 433 312
448 306 435 312
449 306 437 313
451 306 439 313
453 306 441 313
455 306 443 313
457 306 446 314
458 306 448 314
460 306 450 314
462 306 452 314
464 306 454 314
466 306 456 314
467 306 457 314
469 306 459 314
412 308 400 315
413 308 401 315
415 308 403 315
419 308 406 314
421 308 408 314
422 308 409 313
424 308 410 313
431 308 417 313
433 308 419 313
435 308 421 314
439 308 425 314
440 308 427 314
442 308 429 314
444 308 431 314
446 308 433 314
448 308 435 314
449 308 437 315
451 308 439 315
453 308 441 315
455 308 443 315
457 308 445 316
458 308 447 316
460 308 449 316
462 308 452 316
464 308 454 316
466 308 456 316
467 308 458 316
469 308 459 316
471 308 461 316
412 310 400 317
413 310 401 317
415 310 403 317
419 310 406 316
421 310 408 316
422 310 409 315
424 310 410 315
426 310 412 315
428 310 414 315
430 310 416 315
431 310 417 315
433 310 419 315
435 310 421 315
437 310 423 316
439 310 425 316
442 310 429 316
444 310 431 316
446 310 433 316
448 310 436 316
451 310 439 317
453 310 441 317
455 310 443 317
457 310 445 317
458 310 447 317
460 310 449 318
462 310 451 318
464 310 454 318
466 310 456 318
467 310 457 318
469 310 459 318
471 310 462 319
473 310 464 319
412 311 400 318
413 311 401 318
415 311 403 318
417 311 405 318
421 311 408 318
422 311 409 318
424 311 411 318
426 311 413 318
428 311 414 317
430 311 416 318
431 311 418 318
433 311 420 317
435 311 421 317
437 311 423 317
439 311 425 317
440 311 427 317
442 311 429 318
444 311 431 317
446 311 434 317
451 311 439 319
453 311 441 319
455 311 443 319
457 311 445 319
458 311 447 319
460 311 449 319
462 311 451 320
464 311 454 320
466 311 456 320
467 311 457 320
469 311 459 320
473 311 464 321
475 311 466 320
412 313 400 320
413 313 401 320
415 313 403 320
417 313 405 320
419 313 407 320
422 313 409 319
424 313 411 320
426 313 413 320
428 313 415 320
430 313 416 320
431 313 418 320
433 313 420 320
435 313 422 319
437 313 423 319
439 313 425 319
440 313 427 319
444 313 431 320
446 313 434 319
448 313 436 319
449 313 436 321
451 313 439 321
453 313 441 321
455 313 443 321
457 313 445 321
458 313 447 321
460 313 449 321
462 313 452 321
464 313 454 322
466 313 456 322
467 313 457 322
469 313 459 322
471 313 462 322
473 313 464 323
478 313 468 322
413 315 401 322
415 315 403 322
417 315 405 322
419 315 407 322
421 315 409 322
424 315 412 322
428 315 415 322
430 315 417 322
431 315 418 322
433 315 420 322
435 315 422 322
437 315 423 321
439 315 425 321
440 315 426 321
446 315 434 321
449 315 436 323
451 315 439 322
453 315 441 322
455 315 443 322
457 315 445 323
458 315 447 323
460 315 449 323
462 315 451 323
464 315 454 323
466 315 456 324
467 315 457 324
469 315 460 324
471 315 462 324
473 315 464 324
475 315 466 324
478 315 468 324
413 317 402 325
415 317 403 325
417 317 405 324
419 317 407 324
421 317 408 324
422 317 410 324
424 317 412 324
426 317 414 324
430 317 417 324
431 317 418 324
433 317 420 324
435 317 422 323
437 317 423 323
439 317 425 323
440 317 427 323
442 317 429 323
444 317 431 324
446 317 433 323
448 317 435 324
449 317 437 324
451 317 439 324
453 317 441 324
455 317 443 324
457 317 445 325
458 317 447 325
460 317 449 325
462 317 451 325
464 317 453 325
466 317 455 326
467 317 457 326
469 317 459 326
471 317 462 326
473 317 464 326
475 317 466 326
415 319 404 327
419 319 407 327
421 319 408 326
422 319 410 326
424 319 412 326
426 319 414 326
428 319 415 326
430 319 417 326
433 319 420 326
435 319 422 325
437 319 424 325
439 319 425 325
440 319 427 326
442 319 429 326
444 319 431 326
446 319 433 326
448 319 435 326
449 319 437 326
451 319 439 326
453 319 441 326
455 319 443 326
457 319 445 327
458 319 447 326
460 319 449 327
462 319 451 327
464 319 453 327
466 319 455 327
467 319 457 328
469 319 459 328
473 319 464 328
478 319 467 327
415 320 404 328
417 320 405 328
419 320 407 328
421 320 409 328
422 320 410 328
424 320 412 328
426 320 414 328
428 320 415 328
430 320 417 327
431 320 419 327
433 320 421 327
437 320 423 327
439 320 425 327
440 320 427 327
442 320 429 327
444 320 431 328
446 320 433 328
448 320 435 328
449 320 437 327
451 320 439 328
453 320 441 328
455 320 443 328
457 320 445 328
458 320 447 328
460 320 448 329
462 320 451 329
464 320 453 329
466 320 455 329
467 320 457 330
469 320 459 330
471 320 462 330
415 322 404 330
417 322 405 330
419 322 407 330
421 322 408 330
422 322 410 330
424 322 412 330
426 322 414 330
428 322 415 330
430 322 417 329
431 322 419 329
435 322 422 329
437 322 424 329
439 322 425 329
440 322 427 329
442 322 429 329
444 322 431 330
446 322 433 329
448 322 435 329
449 322 436 329
451 322 438 330
453 322 441 330
455 322 443 330
457 322 445 330
458 322 447 330
460 322 449 330
464 322 453 331
467 322 457 332
469 322 458 332
473 322 462 332
415 324 404 332
417 324 405 332
419 324 407 332
421 324 409 332
422 324 410 332
424 324 412 332
426 324 414 332
428 324 416 332
430 324 417 331
431 324 419 331
433 324 420 331
437 324 424 331
439 324 425 331
440 324 427 331
442 324 429 331
444 324 431 331
446 324 433 331
448 324 435 331
449 324 436 331
451 324 439 331
453 324 441 332
455 324 443 332
457 324 445 332
458 324 446 332
460 324 449 332
462 324 451 332
464 324 453 334
466 324 455 333
467 324 457 334
469 324 458 334
417 326 406 334
419 326 407 334
421 326 409 334
422 326 410 334
424 326 412 334
426 326 414 334
428 326 416 334
430 326 417 333
431 326 419 333
433 326 420 333
435 326 422 333
439 326 426 333
440 326 427 333
442 326 429 333
444 326 431 333
448 326 434 333
449 326 436 333
451 326 438 333
453 326 441 334
455 326 443 334
457 326 445 334
458 326 447 334
460 326 449 334
464 326 453 335
419 328 407 336
421 328 409 336
422 328 410 336
424 328 412 336
426 328 414 336
428 328 416 336
430 328 418 336
431 328 419 336
433 328 421 335
435 328 422 335
437 328 424 335
439 328 426 335
440 328 427 335
442 328 429 335
446 328 432 335
448 328 435 335
449 328 436 335
451 328 438 335
453 328 441 336
455 328 443 336
457 328 445 336
458 328 447 336
460 328 448 337
464 328 451 335
419 329 407 338
421 329 409 338
422 329 411 338
424 329 412 338
426 329 414 338
428 329 416 338
430 329 418 338
431 329 419 338
433 329 421 338
435 329 423 337
437 329 424 337
439 329 426 337
440 329 428 337
442 329 429 337
444 329 431 337
446 329 433 337
448 329 434 337
449 329 436 337
451 329 438 337
453 329 440 337
455 329 443 337
457 329 445 337
458 329 446 338
460 329 448 338
419 331 407 339
421 331 409 340
422 331 411 340
424 331 412 340
426 331 414 340
428 331 416 339
430 331 418 340
431 331 419 340
433 331 421 340
435 331 423 339
437 331 424 339
439 331 426 339
440 331 428 339
442 331 429 339
444 331 431 339
446 331 433 339
448 331 435 339
449 331 436 339
453 331 440 339
455 331 442 339
457 331 444 339
458 331 446 339
469 331 458 337
419 333 407 341
421 333 409 342
422 333 411 342
424 333 412 342
426 333 414 342
428 333 416 342
430 333 418 342
431 333 419 342
433 333 421 342
435 333 423 341
437 333 424 341
439 333 426 341
440 333 428 341
442 333 429 341
444 333 431 341
446 333 433 341
449 333 436 340
451 333 438 341
453 333 440 341
455 333 442 341
421 335 409 345
422 335 411 344
424 335 412 344
426 335 414 344
428 335 416 344
430 335 418 344
431 335 419 344
433 335 421 344
435 335 423 343
437 335 424 343
439 335 426 343
440 335 428 343
444 335 431 343
446 335 433 343
448 335 435 343
449 335 436 343
451 335 438 343
453 335 440 343
455 335 442 343
469 335 453 342
422 337 411 346
424 337 413 346
426 337 414 346
428 337 416 346
430 337 418 346
433 337 421 345
435 337 422 345
437 337 424 345
439 337 426 345
440 337 427 346
446 337 433 345
448 337 435 345
449 337 436 345
451 337 438 345
455 337 442 345
424 338 413 348
426 338 415 348
431 338 419 347
433 338 421 347
437 338 424 347
442 338 429 346
449 338 437 346
453 338 440 346
458 338 445 346
426 340 415 350
428 340 417 350
430 340 418 350
433 340 421 349
437 340 424 349
457 340 444 348
453 342 439 349
458 342 446 347
462 342 449 346
