451 290 448 292
453 290 450 292
455 290 452 292
457 290 454 292
458 290 455 292
460 290 457 292
462 290 459 292
464 290 461 292
449 292 446 294
451 292 448 294
453 292 450 294
455 292 452 294
457 292 454 294
458 292 456 294
460 292 457 293
462 292 459 293
464 292 461 293
448 293 445 296
449 293 446 295
451 293 448 295
453 293 450 295
455 293 452 295
457 293 454 295
458 293 456 295
460 293 457 295
462 293 459 295
464 293 461 295
446 295 443 295
451 295 448 297
453 295 450 297
455 295 452 297
457 295 454 297
458 295 456 297
460 295 458 297
462 295 459 297
464 295 461 298
466 295 463 297
446 297 442 299
448 297 444 299
451 297 448 299
453 297 450 299
455 297 452 299
457 297 454 299
458 297 456 299
460 297 458 299
462 297 459 299
464 297 461 300
466 297 463 300
446 299 442 301
448 299 444 301
449 299 446 301
451 299 448 301
453 299 450 301
455 299 452 301
457 299 454 301
458 299 455 301
460 299 458 301
462 299 459 301
464 299 461 301
466 299 463 301
467 299 464 301
412 301 408 303
424 301 421 303
426 301 423 303
446 301 443 303
448 301 444 303
449 301 446 303
451 301 448 303
453 301 450 303
455 301 452 303
457 301 454 303
458 301 456 303
460 301 458 303
462 301 459 303
464 301 461 303
466 301 463 303
467 301 464 303
469 301 466 303
473 301 468 301
410 302 407 304
413 302 410 304
419 302 416 304
421 302 417 304
422 302 419 304
426 302 423 304
428 302 425 304
446 302 442 304
448 302 444 304
449 302 446 304
451 302 448 305
453 302 450 305
455 302 452 305
457 302 454 304
458 302 456 304
460 302 458 304
462 302 459 304
464 302 461 305
466 302 463 305
467 302 464 304
471 302 468 305
410 304 407 306
412 304 408 306
413 304 410 306
415 304 412 306
422 304 419 306
428 304 423 306
431 304 428 306
444 304 440 306
446 304 442 306
448 304 444 306
449 304 446 306
451 304 448 306
453 304 450 306
455 304 452 306
457 304 454 306
458 304 456 306
460 304 458 306
462 304 459 306
464 304 461 306
466 304 463 306
467 304 465 306
469 304 467 306
410 306 407 308
412 306 408 308
413 306 410 308
415 306 412 308
417 306 414 308
419 306 416 308
421 306 417 308
428 306 424 308
430 306 425 308
433 306 429 308
437 306 433 308
442 306 438 308
444 306 440 308
446 306 442 308
448 306 444 308
449 306 446 308
451 306 448 308
453 306 450 308
455 306 452 308
457 306 454 308
458 306 456 308
460 306 457 308
462 306 459 308
464 306 461 308
466 306 463 308
467 306 465 308
469 306 466 308
471 306 468 308
410 308 407 310
412 308 408 310
413 308 410 310
415 308 412 310
417 308 414 310
419 308 416 310
421 308 417 310
422 308 419 310
424 308 420 309
426 308 422 310
428 308 424 310
430 308 426 310
431 308 428 310
433 308 429 310
437 308 433 310
439 308 435 310
440 308 437 310
442 308 438 310
444 308 440 310
446 308 442 310
448 308 444 310
449 308 446 310
451 308 448 310
453 308 450 310
455 308 451 310
457 308 454 310
458 308 456 310
460 308 457 310
462 308 459 310
464 308 461 310
466 308 463 310
467 308 465 310
469 308 466 310
471 308 468 310
473 308 470 310
476 308 472 308
410 310 407 312
412 310 409 312
413 310 410 312
415 310 412 312
417 310 414 312
419 310 416 312
421 310 418 312
422 310 419 312
424 310 420 311
426 310 422 311
430 310 426 311
431 310 428 312
433 310 429 311
435 310 431 311
437 310 433 311
439 310 435 311
440 310 437 312
442 310 439 312
444 310 441 312
446 310 442 312
448 310 444 312
449 310 446 312
451 310 448 312
453 310 450 312
455 310 452 312
457 310 454 312
458 310 455 312
460 310 457 312
462 310 459 312
464 310 461 312
466 310 463 312
467 310 465 312
469 310 466 312
471 310 468 312
476 310 471 310
410 311 407 313
412 311 409 313
413 311 410 313
415 311 412 314
417 311 414 314
419 311 416 314
421 311 418 314
422 311 419 313
424 311 421 313
428 311 424 313
430 311 426 313
431 311 428 313
433 311 430 313
435 311 431 313
437 311 433 313
439 311 435 313
442 311 439 314
444 311 441 313
446 311 442 313
448 311 444 314
449 311 446 314
451 311 448 314
453 311 450 314
455 311 452 314
457 311 454 314
458 311 455 314
460 311 457 314
462 311 459 314
464 311 461 314
466 311 463 314
467 311 465 314
469 311 467 314
471 311 469 314
475 311 472 314
476 311 473 314
478 311 475 315
410 313 407 315
412 313 409 315
413 313 410 315
415 313 412 315
417 313 414 315
419 313 416 315
421 313 418 316
424 313 421 315
426 313 423 315
428 313 424 315
430 313 426 315
431 313 428 315
433 313 430 315
435 313 432 315
437 313 433 315
439 313 435 315
440 313 437 315
444 313 440 315
446 313 442 315
448 313 444 315
449 313 446 315
451 313 448 315
453 313 450 315
455 313 452 315
457 313 454 316
458 313 455 316
460 313 457 315
462 313 459 316
464 313 461 316
466 313 463 316
467 313 465 316
469 313 467 316
471 313 469 316
473 313 470 316
475 313 472 316
476 313 474 316
478 313 475 317
410 315 407 317
412 315 409 317
413 315 410 317
415 315 412 317
417 315 414 317
419 315 416 317
421 315 418 317
422 315 419 317
424 315 421 317
426 315 423 317
428 315 424 317
430 315 426 317
431 315 428 317
433 315 430 317
435 315 432 317
437 315 433 317
439 315 435 317
440 315 437 317
442 315 439 317
444 315 440 317
446 315 442 317
448 315 444 317
449 315 446 317
451 315 448 317
453 315 450 317
455 315 452 317
457 315 454 317
458 315 455 317
460 315 457 317
462 315 459 317
464 315 461 317
466 315 463 317
467 315 465 318
469 315 467 318
471 315 469 318
473 315 471 318
475 315 472 318
476 315 474 318
478 315 475 319
410 317 407 319
412 317 409 319
413 317 410 319
415 317 412 319
417 317 414 319
419 317 416 319
421 317 417 319
422 317 419 319
424 317 421 319
426 317 423 319
428 317 424 319
430 317 426 319
431 317 428 319
433 317 430 319
435 317 432 319
437 317 433 319
439 317 435 319
440 317 437 319
442 317 439 319
446 317 442 319
448 317 444 319
449 317 446 319
451 317 448 319
453 317 450 319
455 317 452 319
457 317 454 319
458 317 455 319
460 317 457 319
462 317 459 319
464 317 461 319
466 317 463 319
467 317 465 319
469 317 467 319
471 317 468 320
473 317 471 319
412 319 408 321
413 319 410 321
415 319 412 321
417 319 414 321
419 319 415 321
421 319 417 321
422 319 419 321
424 319 421 321
426 319 423 321
428 319 425 321
430 319 426 321
431 319 428 321
433 319 430 321
435 319 432 321
437 319 433 321
439 319 435 321
440 319 437 321
442 319 439 321
444 319 441 321
446 319 443 321
448 319 444 321
449 319 446 321
451 319 448 321
453 319 450 321
455 319 452 321
457 319 454 321
458 319 455 321
460 319 457 321
462 319 459 321
464 319 461 321
466 319 463 321
467 319 465 321
469 319 467 321
471 319 469 321
473 319 472 321
475 319 473 321
413 320 410 322
417 320 414 323
419 320 416 322
421 320 418 322
422 320 419 322
424 320 421 323
426 320 423 323
428 320 425 323
430 320 426 322
431 320 428 322
433 320 430 322
435 320 432 322
437 320 433 322
439 320 435 322
440 320 437 322
442 320 439 323
444 320 441 323
448 320 444 323
449 320 446 322
451 320 448 323
453 320 450 322
455 320 452 322
457 320 454 322
458 320 455 323
460 320 457 323
462 320 459 323
464 320 461 323
466 320 463 323
467 320 465 323
471 320 470 323
478 320 475 322
415 322 412 324
417 322 414 324
419 322 416 324
421 322 418 324
422 322 419 324
424 322 421 324
426 322 423 324
428 322 425 324
430 322 426 324
431 322 428 324
433 322 430 324
435 322 431 324
437 322 433 324
439 322 435 324
440 322 437 324
442 322 439 324
444 322 441 325
446 322 443 325
448 322 444 325
449 322 446 324
451 322 448 324
453 322 450 324
455 322 452 324
457 322 454 324
458 322 455 324
460 322 457 325
462 322 459 324
464 322 461 325
467 322 464 325
415 324 412 326
417 324 414 326
419 324 416 326
421 324 418 326
422 324 419 326
424 324 421 326
426 324 423 326
428 324 425 326
430 324 426 326
431 324 428 326
433 324 430 326
435 324 432 326
437 324 434 326
439 324 435 326
440 324 437 326
442 324 439 326
444 324 440 326
446 324 442 326
449 324 446 326
451 324 448 326
453 324 450 326
455 324 452 326
457 324 453 326
458 324 455 326
460 324 457 326
462 324 459 327
464 324 461 327
466 324 462 326
467 324 466 325
415 326 412 329
417 326 414 328
419 326 416 328
421 326 418 328
422 326 419 328
424 326 421 328
426 326 423 328
428 326 425 329
430 326 426 328
431 326 428 328
433 326 430 328
435 326 432 328
437 326 434 328
439 326 435 328
440 326 437 328
442 326 439 328
444 326 440 328
446 326 442 328
448 326 444 328
449 326 446 328
451 326 448 328
453 326 450 328
455 326 452 328
457 326 454 328
458 326 455 328
460 326 457 328
462 326 459 328
464 326 461 328
469 326 469 326
471 326 470 326
417 328 414 330
419 328 416 330
421 328 418 330
422 328 419 330
424 328 421 330
426 328 423 330
428 328 425 330
430 328 427 330
431 328 428 330
433 328 430 330
435 328 432 330
437 328 433 330
439 328 435 330
440 328 437 330
442 328 439 330
444 328 441 330
446 328 442 330
448 328 444 330
449 328 446 330
451 328 448 330
453 328 450 330
455 328 452 330
457 328 454 330
458 328 455 330
460 328 457 330
466 328 465 328
467 328 467 328
469 328 468 328
471 328 470 328
417 329 413 331
419 329 416 332
421 329 418 332
422 329 419 332
424 329 421 332
426 329 423 332
428 329 425 332
430 329 426 332
431 329 428 332
433 329 430 332
435 329 432 332
437 329 433 332
439 329 435 332
440 329 437 332
442 329 439 332
444 329 441 332
446 329 442 332
448 329 444 332
451 329 448 332
453 329 450 332
455 329 452 332
457 329 453 332
458 329 455 332
460 329 457 332
467 329 466 329
469 329 468 329
471 329 470 329
419 331 416 334
421 331 418 334
422 331 419 334
424 331 421 334
426 331 423 334
428 331 425 334
430 331 427 334
431 331 428 334
433 331 430 334
435 331 432 333
437 331 434 333
439 331 435 333
440 331 437 333
442 331 439 334
444 331 441 334
446 331 442 333
448 331 444 333
449 331 446 333
451 331 448 334
453 331 450 334
455 331 452 333
457 331 453 334
458 331 455 333
464 331 462 332
467 331 467 331
469 331 468 331
471 331 470 331
419 333 416 335
421 333 418 335
422 333 419 336
424 333 421 336
426 333 423 336
428 333 425 336
430 333 427 336
431 333 428 336
433 333 430 336
435 333 432 336
437 333 434 335
439 333 435 335
440 333 437 335
442 333 439 335
444 333 441 335
446 333 443 335
448 333 444 335
449 333 446 335
451 333 448 335
453 333 450 335
455 333 452 335
462 333 459 335
466 333 466 333
469 333 468 333
471 333 470 334
421 335 418 337
422 335 420 338
424 335 421 338
426 335 423 338
428 335 425 338
430 335 427 338
431 335 428 337
433 335 430 337
435 335 432 337
437 335 434 337
439 335 436 337
440 335 437 337
442 335 439 337
444 335 441 337
446 335 443 337
448 335 444 337
449 335 446 337
451 335 448 337
453 335 450 337
455 335 452 337
460 335 457 337
467 335 461 337
422 337 419 339
424 337 421 339
426 337 423 339
430 337 426 339
431 337 429 339
433 337 430 339
435 337 432 339
437 337 434 339
440 337 438 339
442 337 439 339
444 337 441 339
446 337 442 339
448 337 445 339
449 337 446 339
451 337 448 339
455 337 452 339
458 337 456 339
460 337 457 339
424 338 421 341
428 338 425 341
430 338 427 341
431 338 429 341
433 338 431 341
435 338 432 341
437 338 434 341
439 338 436 341
440 338 438 341
442 338 439 341
444 338 441 341
448 338 444 341
449 338 446 341
453 338 450 340
426 340 422 342
428 340 423 342
433 340 430 343
435 340 432 343
439 340 437 343
440 340 439 343
458 340 453 342
460 340 455 342
466 340 470 335
448 342 443 344
449 342 444 344
451 342 446 344
453 342 448 344
455 342 452 344
458 342 453 344
460 342 455 344
462 342 457 344
