451 290 419 312
453 290 421 313
455 290 423 312
457 290 425 312
458 290 427 313
460 290 429 313
462 290 430 312
464 290 432 312
466 290 435 312
449 292 417 314
451 292 419 315
453 292 421 315
455 292 422 315
457 292 424 316
460 292 428 315
462 292 430 315
449 293 416 316
451 293 418 316
453 293 420 316
455 293 422 317
457 293 424 317
458 293 426 317
460 293 428 317
462 293 430 318
464 293 432 318
467 293 436 317
451 295 418 318
453 295 420 318
455 295 422 319
457 295 424 319
458 295 425 319
462 295 430 319
464 295 432 320
466 295 433 320
449 297 415 319
451 297 417 320
453 297 419 320
455 297 421 321
457 297 423 321
458 297 425 321
460 297 428 321
462 297 430 322
466 297 433 322
446 299 410 320
448 299 412 320
449 299 414 321
451 299 417 321
453 299 419 322
455 299 420 322
457 299 422 323
458 299 425 323
466 299 432 324
412 301 380 318
421 301 392 318
448 301 412 323
449 301 414 323
451 301 416 323
453 301 418 324
455 301 420 324
457 301 422 325
458 301 424 325
460 301 426 325
464 301 429 326
466 301 432 326
467 301 433 326
469 301 435 326
448 302 411 324
449 302 413 324
451 302 415 325
453 302 418 326
455 302 419 326
457 302 421 326
458 302 424 327
460 302 426 327
462 302 428 327
464 302 429 328
466 302 431 328
467 302 433 328
421 304 385 321
430 304 391 321
431 304 393 322
433 304 395 323
444 304 405 324
446 304 408 326
448 304 411 326
449 304 413 326
451 304 415 327
453 304 417 327
455 304 419 328
457 304 421 328
458 304 423 328
460 304 424 329
462 304 427 329
464 304 429 330
466 304 431 330
467 304 432 330
469 304 434 330
428 306 389 323
430 306 391 323
431 306 393 323
433 306 395 324
435 306 397 325
437 306 399 325
442 306 404 326
444 306 406 327
446 306 408 327
449 306 412 328
451 306 414 328
453 306 416 329
455 306 418 329
457 306 420 330
458 306 422 330
460 306 424 331
462 306 426 331
466 306 430 331
467 306 432 332
469 306 434 332
471 306 435 332
422 308 385 322
424 308 387 322
428 308 389 325
431 308 393 325
433 308 395 326
437 308 398 327
439 308 399 326
440 308 401 326
442 308 403 329
444 308 405 329
446 308 407 329
448 308 409 330
449 308 412 330
451 308 414 330
453 308 416 331
457 308 420 332
458 308 422 332
460 308 423 333
462 308 426 333
464 308 428 333
466 308 430 333
467 308 431 333
469 308 433 334
471 308 435 334
419 310 382 323
422 310 384 323
426 310 387 327
428 310 389 327
431 310 393 328
433 310 395 328
439 310 399 329
440 310 401 328
442 310 403 331
444 310 405 331
446 310 407 331
448 310 408 332
449 310 410 332
451 310 413 333
453 310 415 333
455 310 417 333
457 310 419 334
458 310 421 334
460 310 423 334
464 310 427 335
466 310 429 335
467 310 431 336
469 310 433 336
471 310 435 336
473 310 437 337
475 310 439 337
417 311 380 324
426 311 387 328
430 311 391 328
437 311 397 330
439 311 399 331
440 311 401 332
442 311 402 332
444 311 405 332
446 311 406 333
448 311 408 333
449 311 410 334
451 311 412 334
453 311 414 334
455 311 416 335
457 311 419 336
458 311 420 336
460 311 422 336
462 311 424 337
464 311 426 337
466 311 429 337
467 311 430 337
469 311 433 338
471 311 434 338
473 311 436 338
475 311 438 338
417 313 380 326
419 313 381 327
421 313 383 326
422 313 384 326
428 313 389 330
430 313 390 330
439 313 398 333
440 313 400 334
442 313 402 334
444 313 404 334
446 313 406 334
448 313 408 335
449 313 410 335
451 313 411 336
457 313 417 337
458 313 420 338
460 313 422 338
462 313 424 338
466 313 428 339
467 313 430 339
469 313 432 340
471 313 434 340
473 313 436 340
475 313 438 340
422 315 383 328
424 315 385 330
426 315 387 331
428 315 389 331
430 315 390 332
431 315 392 332
435 315 395 333
439 315 398 335
440 315 400 335
442 315 402 336
444 315 403 336
446 315 405 336
448 315 407 337
449 315 409 337
451 315 411 338
453 315 413 338
455 315 415 338
457 315 417 339
458 315 419 338
460 315 421 340
462 315 423 340
464 315 425 340
466 315 428 341
467 315 429 341
469 315 431 342
471 315 433 342
473 315 436 342
475 315 437 343
419 317 381 330
422 317 383 330
424 317 385 331
426 317 387 332
428 317 389 333
430 317 390 333
431 317 392 334
437 317 396 335
442 317 401 338
444 317 403 338
446 317 405 338
448 317 407 339
449 317 409 339
451 317 411 339
453 317 413 340
455 317 415 340
458 317 418 341
464 317 425 342
466 317 427 342
467 317 429 343
469 317 431 344
471 317 433 344
475 317 436 345
419 319 379 331
421 319 382 332
426 319 386 334
428 319 388 335
430 319 389 335
431 319 391 335
433 319 393 336
437 319 395 337
439 319 397 337
440 319 399 338
444 319 402 340
446 319 404 340
448 319 406 341
449 319 408 341
451 319 410 341
457 319 416 342
458 319 418 342
460 319 420 342
466 319 426 344
467 319 428 345
469 319 430 345
471 319 433 346
473 319 435 346
475 319 436 347
419 320 380 333
421 320 382 333
428 320 387 336
430 320 389 337
431 320 391 337
433 320 393 338
437 320 395 339
439 320 397 339
442 320 400 340
446 320 404 342
448 320 406 342
449 320 408 342
455 320 414 343
457 320 416 344
458 320 417 344
460 320 419 344
462 320 421 345
464 320 424 346
466 320 426 346
467 320 428 346
469 320 430 347
473 320 432 347
475 320 434 347
421 322 380 335
422 322 382 335
424 322 384 336
426 322 386 336
430 322 389 338
437 322 395 340
439 322 396 341
440 322 398 341
442 322 399 341
444 322 401 342
448 322 405 344
451 322 409 344
453 322 411 345
455 322 413 345
457 322 415 346
458 322 417 346
460 322 419 346
462 322 421 347
464 322 423 347
467 322 427 348
421 324 381 337
422 324 383 337
426 324 385 338
428 324 387 339
430 324 388 340
431 324 390 341
437 324 395 342
439 324 396 343
440 324 398 343
442 324 399 343
444 324 401 344
446 324 403 345
451 324 408 346
453 324 410 346
455 324 412 347
457 324 414 347
458 324 417 348
460 324 418 348
462 324 420 348
415 326 380 339
422 326 382 339
426 326 385 340
428 326 387 341
437 326 394 344
439 326 396 344
440 326 397 345
442 326 399 345
444 326 400 345
446 326 402 346
448 326 404 347
449 326 406 347
451 326 408 348
453 326 410 348
455 326 412 349
457 326 414 349
458 326 416 350
460 326 418 350
462 326 419 350
422 328 382 341
426 328 385 342
428 328 387 343
430 328 387 343
431 328 389 344
433 328 391 345
437 328 394 345
439 328 396 346
440 328 397 347
442 328 399 347
444 328 400 347
446 328 402 348
448 328 404 349
449 328 405 349
451 328 407 350
455 328 411 351
457 328 413 351
458 328 415 352
422 329 382 342
424 329 383 343
428 329 386 344
430 329 388 345
431 329 389 346
435 329 392 347
439 329 395 348
440 329 397 348
442 329 398 349
444 329 400 349
446 329 402 350
448 329 403 351
449 329 405 351
451 329 407 352
453 329 409 352
455 329 411 352
457 329 413 353
428 331 386 346
430 331 387 346
431 331 389 347
433 331 390 348
440 331 396 350
442 331 398 351
444 331 399 351
446 331 401 351
449 331 405 353
451 331 406 353
453 331 408 354
455 331 410 354
457 331 412 355
421 333 392 351
422 333 394 351
426 333 397 352
428 333 385 347
430 333 387 348
431 333 388 348
433 333 390 349
435 333 392 350
444 333 399 353
446 333 401 353
448 333 402 354
451 333 406 355
453 333 408 356
455 333 410 356
462 333 431 349
426 335 397 354
431 335 388 350
433 335 390 351
444 335 399 355
446 335 401 355
448 335 402 356
449 335 404 356
451 335 406 357
460 335 428 350
466 335 429 354
469 335 431 355
448 337 402 358
449 337 404 358
439 338 410 357
442 338 414 357
440 340 410 360
442 340 412 360
444 340 416 359
439 342 406 362
440 342 409 362
442 342 413 362
458 342 417 361
462 342 421 361
