451 290 419 315
453 290 421 315
457 290 425 315
458 290 426 315
460 290 428 314
462 290 429 313
464 290 431 313
466 290 434 313
449 292 417 316
451 292 419 317
453 292 421 317
455 292 422 317
457 292 424 317
458 292 426 317
462 292 429 316
464 292 431 316
451 293 418 318
453 293 420 318
455 293 422 318
457 293 423 318
458 293 425 319
460 293 427 319
464 293 430 319
466 293 433 319
451 295 417 320
453 295 419 320
455 295 421 320
457 295 423 320
458 295 425 321
462 295 428 321
464 295 430 320
449 297 414 321
451 297 416 321
455 297 420 322
457 297 423 322
458 297 424 323
460 297 426 323
466 297 431 322
448 299 412 322
449 299 414 322
451 299 416 323
453 299 418 323
457 299 421 324
458 299 424 324
462 299 426 325
448 301 411 324
449 301 413 325
451 301 415 325
453 301 417 325
455 301 419 326
457 301 420 326
460 301 424 326
462 301 425 327
446 302 409 326
448 302 411 326
449 302 413 326
451 302 414 327
455 302 418 327
457 302 420 328
458 302 422 328
460 302 424 328
462 302 425 328
431 304 393 323
444 304 405 326
446 304 408 327
448 304 410 328
449 304 412 328
451 304 413 328
455 304 418 329
458 304 422 329
460 304 423 330
462 304 425 330
464 304 426 330
430 306 391 324
431 306 393 324
437 306 398 326
442 306 403 328
444 306 405 329
446 306 407 329
448 306 409 329
449 306 411 330
451 306 413 330
453 306 415 330
455 306 417 331
457 306 418 331
458 306 421 331
460 306 422 332
462 306 424 332
464 306 426 332
433 308 395 329
435 308 397 328
439 308 399 328
440 308 401 329
442 308 403 330
444 308 405 331
446 308 407 331
448 308 409 331
449 308 411 331
451 308 413 332
453 308 415 332
457 308 418 333
458 308 420 333
460 308 421 333
462 308 423 334
464 308 425 334
466 308 427 334
467 308 429 335
428 310 390 328
430 310 391 328
431 310 393 329
433 310 394 330
435 310 396 331
439 310 399 330
440 310 401 331
442 310 402 332
444 310 404 332
446 310 406 332
448 310 408 333
449 310 410 333
453 310 413 333
455 310 415 334
457 310 417 335
458 310 419 335
460 310 421 335
462 310 423 335
464 310 424 336
466 310 426 336
469 310 430 336
428 311 389 329
430 311 391 330
431 311 393 330
439 311 398 332
440 311 400 333
442 311 402 334
444 311 404 334
446 311 406 334
448 311 407 335
449 311 409 335
451 311 411 335
453 311 413 335
455 311 415 336
457 311 417 336
458 311 418 337
460 311 420 337
462 311 422 337
464 311 424 337
466 311 426 338
428 313 389 331
430 313 391 331
431 313 392 332
433 313 394 333
435 313 395 333
439 313 398 334
440 313 399 335
442 313 401 336
444 313 403 336
446 313 405 336
448 313 407 336
451 313 410 337
453 313 412 337
455 313 414 338
457 313 416 338
458 313 418 338
460 313 419 338
462 313 421 339
466 313 424 339
469 313 429 340
437 315 396 335
439 315 397 336
440 315 399 336
442 315 401 337
444 315 403 337
446 315 405 338
448 315 406 338
449 315 408 338
451 315 409 339
455 315 413 339
457 315 415 339
458 315 417 340
464 315 422 341
466 315 424 341
469 315 428 341
426 317 386 332
428 317 388 333
442 317 400 339
444 317 402 339
446 317 404 339
448 317 405 340
449 317 407 340
451 317 409 340
453 317 411 341
457 317 415 341
462 317 420 342
464 317 422 343
466 317 423 343
467 317 425 343
426 319 386 334
428 319 387 334
431 319 389 335
433 319 391 336
440 319 397 338
442 319 399 338
444 319 401 341
446 319 403 341
448 319 405 341
449 319 406 342
453 319 410 342
455 319 412 343
457 319 414 343
460 319 417 343
462 319 419 344
464 319 421 344
466 319 422 345
431 320 389 337
433 320 391 338
435 320 393 338
437 320 394 339
439 320 396 339
442 320 398 340
444 320 401 343
446 320 403 343
448 320 404 343
451 320 408 343
453 320 410 344
455 320 412 344
457 320 413 345
460 320 416 345
462 320 418 346
464 320 420 346
466 320 423 346
435 322 392 340
437 322 394 340
439 322 395 341
442 322 398 342
444 322 400 342
446 322 402 345
451 322 407 345
453 322 409 345
457 322 412 346
458 322 414 346
460 322 416 347
421 324 378 334
422 324 380 335
430 324 387 339
431 324 388 340
439 324 395 343
442 324 397 344
444 324 399 344
446 324 401 344
453 324 408 347
455 324 410 348
457 324 412 348
458 324 413 348
460 324 415 349
462 324 417 348
464 324 419 349
426 326 383 338
431 326 388 341
433 326 390 342
435 326 391 342
439 326 394 344
442 326 397 345
444 326 398 346
446 326 400 346
448 326 402 347
449 326 404 348
451 326 406 349
453 326 408 349
455 326 409 349
457 326 411 350
462 326 417 350
433 328 389 343
437 328 392 344
439 328 394 346
440 328 395 347
444 328 398 347
448 328 402 349
449 328 403 350
451 328 405 351
453 328 407 351
455 328 408 351
457 328 410 351
460 328 414 352
437 329 392 346
440 329 395 348
446 329 399 348
448 329 401 351
449 329 403 351
451 329 404 352
453 329 406 352
455 329 408 353
457 329 410 353
460 329 413 354
428 331 383 343
430 331 385 344
433 331 388 346
435 331 389 347
437 331 391 347
444 331 397 350
446 331 399 351
448 331 400 352
449 331 402 353
451 331 404 354
453 331 406 354
455 331 408 354
446 333 398 352
448 333 400 354
449 333 401 355
451 333 403 355
453 333 405 356
455 333 407 356
449 335 401 356
451 335 403 357
453 335 405 358
