460 290 427 306
453 292 397 297
458 292 421 304
462 292 428 307
451 293 409 304
462 293 425 323
455 295 418 324
458 295 418 307
460 295 422 324
462 295 424 324
460 297 421 326
464 297 425 326
458 299 419 327
460 299 420 328
466 299 425 328
467 299 426 328
458 301 418 329
464 301 423 329
466 301 424 329
467 301 426 330
469 301 428 331
471 301 432 326
464 302 422 330
466 302 424 331
467 302 425 316
473 302 433 320
448 304 397 311
451 304 410 332
457 304 413 316
462 304 419 317
464 304 422 320
467 304 424 318
413 306 377 316
442 306 379 303
449 306 408 333
455 306 413 333
457 306 414 334
458 306 416 333
462 306 417 320
464 306 419 320
467 306 423 333
473 306 429 333
475 306 430 334
410 308 372 315
412 308 374 316
448 308 405 334
449 308 407 335
455 308 411 335
457 308 413 335
460 308 416 335
462 308 418 335
467 308 422 335
469 308 424 335
413 310 375 318
448 310 405 336
449 310 406 337
455 310 410 337
457 310 412 337
460 310 415 336
462 310 417 336
466 310 420 336
467 310 421 337
469 310 423 337
473 310 425 336
413 311 374 319
446 311 402 338
453 311 408 338
455 311 410 338
457 311 412 322
462 311 416 338
466 311 419 338
467 311 420 338
473 311 425 338
476 311 427 339
453 313 408 339
455 313 409 340
457 313 411 326
460 313 414 327
466 313 418 340
467 313 419 340
471 313 423 339
473 313 424 340
476 313 426 341
444 315 399 341
453 315 407 341
455 315 409 341
458 315 412 328
460 315 413 324
464 315 416 341
466 315 417 341
471 315 422 341
473 315 423 342
446 317 399 342
455 317 408 328
457 317 409 329
460 317 412 326
462 317 413 342
464 317 415 342
466 317 416 343
471 317 421 343
442 319 396 341
444 319 398 342
449 319 402 344
457 319 408 344
458 319 410 344
462 319 412 344
467 319 418 344
431 320 385 320
444 320 397 344
457 320 407 346
462 320 412 345
464 320 414 345
466 320 415 345
415 322 374 311
424 322 378 317
430 322 383 321
431 322 385 322
435 322 388 325
451 322 402 330
453 322 404 331
455 322 405 347
457 322 406 347
458 322 408 347
462 322 411 347
426 324 379 319
431 324 383 323
440 324 392 331
451 324 402 332
453 324 404 333
455 324 406 332
462 324 410 349
421 326 373 317
426 326 378 319
428 326 380 322
430 326 382 323
435 326 387 327
442 326 393 333
444 326 394 334
451 326 401 334
453 326 402 335
424 328 376 320
428 328 379 323
430 328 381 324
433 328 384 328
435 328 387 329
442 328 392 336
446 328 395 345
421 329 373 319
422 329 374 322
428 329 378 324
444 329 392 346
446 329 394 347
448 329 396 347
449 329 397 348
451 329 399 349
460 329 420 344
424 331 375 324
430 331 379 325
431 331 381 326
444 331 392 347
446 331 393 349
448 331 395 349
449 331 397 350
451 331 398 351
455 331 401 339
421 333 373 323
431 333 380 328
433 333 381 328
430 335 378 327
431 335 379 329
433 335 381 330
435 335 382 332
437 335 384 333
444 335 390 338
422 337 372 327
428 337 375 329
435 337 382 333
424 338 373 330
435 338 381 335
437 338 383 336
439 338 385 337
444 338 389 342
439 342 385 343
440 342 386 344
