451 290 420 310
453 290 422 311
455 290 423 311
457 290 426 311
458 290 428 311
460 290 429 310
462 290 431 310
464 290 434 310
466 290 436 310
449 292 417 312
451 292 419 312
453 292 421 312
455 292 423 313
457 292 426 313
458 292 428 313
460 292 430 313
462 292 431 312
464 292 433 312
449 293 417 314
451 293 419 314
453 293 421 314
455 293 423 315
457 293 425 315
458 293 427 315
460 293 429 315
462 293 431 315
464 293 433 315
466 293 437 315
451 295 418 316
453 295 421 316
455 295 422 316
457 295 424 317
458 295 427 317
460 295 429 317
462 295 431 317
464 295 433 317
466 295 435 316
451 297 418 318
453 297 420 318
455 297 422 318
457 297 425 319
458 297 427 319
460 297 429 319
462 297 431 320
464 297 433 320
466 297 435 319
469 297 438 317
446 299 411 318
448 299 413 318
451 299 417 319
453 299 420 320
455 299 422 320
457 299 424 321
458 299 427 320
460 299 429 321
462 299 431 321
464 299 433 322
466 299 434 322
467 299 436 321
446 301 410 320
448 301 412 320
449 301 415 320
451 301 417 321
453 301 419 321
455 301 421 322
457 301 423 323
458 301 426 322
460 301 428 323
462 301 430 323
464 301 433 324
466 301 434 324
467 301 436 324
469 301 438 325
419 302 391 317
446 302 410 322
448 302 412 322
449 302 414 322
451 302 416 323
453 302 419 324
455 302 421 324
457 302 423 324
458 302 426 324
460 302 428 325
462 302 430 325
464 302 432 326
466 302 434 326
467 302 436 326
469 302 438 326
421 304 385 320
431 304 393 320
433 304 394 321
444 304 407 323
446 304 410 324
448 304 412 324
449 304 414 324
451 304 416 325
453 304 418 325
455 304 421 325
457 304 422 326
462 304 429 327
464 304 431 327
466 304 433 328
467 304 435 328
469 304 437 328
415 306 380 320
417 306 381 320
424 306 387 320
428 306 389 321
430 306 391 321
431 306 393 322
433 306 394 323
435 306 396 322
437 306 398 323
442 306 404 324
444 306 407 325
446 306 409 325
448 306 411 326
449 306 413 326
451 306 416 326
453 306 418 327
455 306 420 327
457 306 422 328
458 306 424 328
460 306 426 329
462 306 429 329
464 306 431 329
466 306 433 330
467 306 435 330
469 306 437 330
471 306 439 331
417 308 381 322
422 308 385 322
428 308 389 323
431 308 392 324
433 308 395 325
435 308 397 326
439 308 400 325
440 308 402 325
442 308 404 327
444 308 406 327
446 308 409 327
448 308 411 328
449 308 413 328
451 308 416 328
453 308 417 329
455 308 419 329
457 308 422 330
458 308 424 330
460 308 426 331
462 308 428 331
464 308 431 331
466 308 433 332
467 308 435 332
469 308 437 332
471 308 439 333
475 308 441 330
476 308 443 331
413 310 379 324
417 310 381 324
419 310 383 323
421 310 385 324
424 310 386 324
430 310 391 325
431 310 392 326
433 310 395 327
435 310 397 327
439 310 400 327
440 310 402 328
442 310 404 329
444 310 406 329
446 310 408 329
448 310 410 330
449 310 412 330
451 310 415 330
453 310 417 331
455 310 419 331
457 310 421 332
458 310 423 332
460 310 426 332
462 310 428 333
464 310 430 333
466 310 432 334
467 310 434 334
469 310 436 334
471 310 439 334
473 310 441 335
475 310 441 333
476 310 443 333
478 310 444 333
413 311 378 325
415 311 380 325
419 311 383 326
421 311 385 326
426 311 388 327
428 311 390 327
431 311 393 328
433 311 395 329
435 311 396 329
439 311 400 329
440 311 402 330
442 311 404 331
444 311 406 330
446 311 408 331
448 311 410 331
449 311 412 332
451 311 414 332
453 311 416 332
455 311 419 333
457 311 421 333
458 311 423 335
460 311 425 334
462 311 428 335
464 311 430 335
466 311 432 336
467 311 434 335
469 311 436 336
471 311 438 336
473 311 440 337
475 311 443 337
413 313 378 327
415 313 380 327
419 313 383 328
421 313 384 328
424 313 387 329
428 313 390 330
430 313 391 330
431 313 393 330
433 313 395 330
435 313 396 331
437 313 398 331
439 313 400 332
440 313 402 332
442 313 403 332
444 313 405 333
446 313 407 333
448 313 409 333
449 313 412 334
451 313 414 334
453 313 416 334
455 313 419 335
457 313 421 335
460 313 425 336
462 313 427 336
464 313 430 337
466 313 431 337
467 313 434 338
469 313 436 338
471 313 438 338
473 313 440 339
475 313 443 339
478 313 445 338
413 315 378 329
415 315 380 329
419 315 383 330
421 315 384 330
422 315 385 330
424 315 387 331
426 315 389 331
430 315 391 332
431 315 393 332
433 315 395 332
435 315 396 332
437 315 398 333
439 315 400 333
442 315 403 334
444 315 405 334
446 315 407 335
448 315 409 335
449 315 411 335
451 315 413 336
453 315 415 336
455 315 418 337
457 315 420 337
458 315 422 337
460 315 424 338
462 315 427 338
464 315 429 339
466 315 431 339
467 315 433 339
469 315 436 340
471 315 438 340
475 315 442 341
478 315 445 341
415 317 380 332
419 317 382 332
421 317 384 332
422 317 385 332
424 317 387 333
426 317 389 333
428 317 390 333
433 317 395 334
435 317 396 334
437 317 398 335
442 317 402 336
444 317 405 336
446 317 407 337
448 317 409 337
449 317 411 337
451 317 413 338
453 317 415 338
455 317 417 339
457 317 420 339
458 317 421 339
460 317 424 340
462 317 426 340
464 317 428 341
466 317 430 341
467 317 433 341
471 317 438 342
473 317 439 343
475 317 442 343
415 319 379 334
417 319 393 334
424 319 387 335
426 319 389 335
428 319 390 336
430 319 392 336
431 319 394 336
437 319 398 337
440 319 400 337
442 319 402 338
444 319 404 338
446 319 406 339
448 319 408 339
449 319 410 339
451 319 412 339
453 319 415 340
455 319 417 341
457 319 419 341
458 319 421 341
460 319 423 341
462 319 426 342
464 319 428 342
466 319 431 343
467 319 432 343
469 319 434 343
473 319 439 344
475 319 441 345
476 319 443 345
478 319 444 344
413 320 378 335
422 320 386 337
426 320 388 337
428 320 390 337
430 320 391 337
431 320 393 338
435 320 396 338
437 320 397 338
439 320 399 339
442 320 402 339
444 320 404 340
446 320 406 341
448 320 408 341
449 320 410 341
451 320 412 341
453 320 414 342
455 320 417 342
457 320 419 342
458 320 421 343
460 320 423 343
462 320 425 344
464 320 428 344
466 320 430 345
467 320 432 345
469 320 434 345
471 320 437 346
475 320 440 346
476 320 442 346
478 320 444 346
421 322 383 337
422 322 385 338
426 322 388 339
428 322 390 339
430 322 391 339
444 322 404 342
446 322 406 342
448 322 408 343
449 322 409 343
451 322 411 343
453 322 414 343
455 322 416 344
457 322 418 344
458 322 421 344
460 322 422 345
462 322 424 345
464 322 427 346
469 322 434 347
475 322 440 347
419 324 382 339
421 324 384 340
422 324 385 340
428 324 390 341
430 324 391 341
431 324 393 341
437 324 397 342
439 324 398 342
440 324 400 343
442 324 402 343
446 324 406 344
448 324 408 345
449 324 409 345
451 324 411 345
453 324 413 345
455 324 416 346
457 324 418 346
458 324 420 347
460 324 422 347
462 324 424 347
464 324 426 348
415 326 380 340
419 326 382 341
421 326 384 342
422 326 385 342
424 326 387 342
428 326 390 343
430 326 391 343
431 326 392 343
433 326 394 344
437 326 397 344
439 326 398 344
440 326 400 345
442 326 402 345
444 326 403 345
446 326 404 344
449 326 409 347
451 326 411 347
453 326 413 347
455 326 415 348
457 326 417 348
458 326 420 348
460 326 422 349
462 326 424 349
464 326 426 350
417 328 382 342
421 328 384 344
422 328 385 344
424 328 387 344
426 328 388 345
430 328 391 345
431 328 392 345
433 328 394 346
435 328 396 346
439 328 399 346
440 328 400 347
442 328 402 347
448 328 406 347
449 328 409 348
451 328 411 349
453 328 413 349
455 328 415 350
457 328 417 350
458 328 419 350
460 328 421 351
462 328 424 351
417 329 382 344
421 329 384 346
424 329 387 346
426 329 388 346
428 329 390 347
431 329 392 347
433 329 394 347
435 329 396 348
439 329 399 348
440 329 400 348
442 329 401 349
444 329 403 349
446 329 405 349
448 329 406 350
449 329 408 350
451 329 410 351
453 329 412 351
455 329 415 352
457 329 417 352
458 329 418 352
424 331 387 348
426 331 388 348
428 331 390 349
433 331 394 349
435 331 395 349
437 331 397 350
440 331 400 350
442 331 401 351
444 331 403 351
446 331 405 351
448 331 406 352
449 331 408 352
451 331 410 352
453 331 412 353
455 331 414 353
457 331 416 353
424 333 386 350
426 333 388 350
428 333 390 350
430 333 391 351
431 333 392 350
433 333 394 351
435 333 395 351
437 333 397 352
442 333 401 352
444 333 403 353
446 333 404 353
448 333 406 353
451 333 409 354
453 333 412 355
455 333 414 355
424 335 399 354
428 335 389 353
430 335 391 353
433 335 394 353
435 335 395 354
437 335 397 354
442 335 401 355
444 335 402 355
446 335 404 355
448 335 406 355
449 335 407 356
451 335 409 356
453 335 411 356
462 335 426 354
433 337 393 355
437 337 396 356
439 337 398 356
440 337 400 356
444 337 402 357
446 337 404 357
448 337 406 358
449 337 407 358
460 337 428 353
462 337 430 353
464 337 427 357
444 338 402 358
446 338 404 359
448 338 406 359
460 338 427 355
426 340 398 360
467 340 439 353
444 342 404 361
458 342 417 361
460 342 418 361
