451 290 420 308
453 290 422 308
455 290 424 309
457 290 427 309
458 290 428 309
460 290 431 309
462 290 433 309
466 290 438 309
449 292 418 310
451 292 420 310
453 292 422 310
455 292 424 310
457 292 426 311
458 292 429 311
460 292 431 311
464 292 434 310
466 292 438 312
449 293 417 312
451 293 420 312
453 293 422 312
455 293 424 312
457 293 426 312
458 293 428 313
460 293 431 313
462 293 432 313
464 293 435 314
466 293 438 314
467 293 440 314
451 295 419 313
455 295 423 314
457 295 426 314
458 295 428 314
460 295 430 315
462 295 433 315
464 295 435 315
466 295 437 316
448 297 414 313
449 297 416 314
451 297 419 315
453 297 421 315
455 297 423 316
457 297 426 316
458 297 428 316
460 297 430 317
462 297 432 317
464 297 435 317
466 297 436 318
467 297 438 316
469 297 440 316
446 299 412 315
448 299 414 315
449 299 416 316
451 299 419 318
453 299 421 318
455 299 423 318
457 299 425 318
458 299 427 318
460 299 430 319
462 299 432 319
464 299 434 319
466 299 436 319
467 299 438 320
469 299 439 318
419 301 386 313
446 301 411 317
448 301 414 318
449 301 415 318
451 301 418 318
453 301 421 320
455 301 423 320
457 301 425 320
458 301 427 320
460 301 430 320
462 301 432 321
464 301 434 322
466 301 436 322
467 301 438 322
469 301 439 319
471 301 442 320
410 302 379 316
412 302 380 316
422 302 386 316
446 302 411 319
448 302 413 319
449 302 415 319
451 302 417 320
453 302 420 321
455 302 423 321
457 302 425 321
458 302 427 322
460 302 429 322
462 302 432 323
464 302 434 323
466 302 436 323
467 302 438 323
469 302 440 324
412 304 380 318
422 304 386 318
430 304 391 319
444 304 407 320
446 304 410 321
448 304 413 321
449 304 415 322
451 304 417 322
453 304 420 323
455 304 422 323
457 304 424 323
458 304 427 324
460 304 429 324
462 304 431 325
464 304 433 325
466 304 436 325
467 304 437 325
469 304 439 325
413 306 379 321
415 306 381 321
417 306 382 320
419 306 383 321
426 306 387 320
428 306 389 320
430 306 391 320
431 306 393 320
433 306 395 320
435 306 397 320
442 306 405 322
444 306 408 322
446 306 410 323
448 306 413 323
449 306 415 323
451 306 417 324
453 306 419 324
455 306 422 325
457 306 424 326
458 306 426 326
460 306 429 326
462 306 431 327
464 306 433 327
466 306 435 327
467 306 437 327
469 306 439 327
471 306 441 327
413 308 380 323
415 308 381 323
417 308 383 323
426 308 387 322
428 308 389 322
430 308 391 322
431 308 393 322
433 308 395 322
435 308 397 323
437 308 399 323
439 308 401 323
440 308 403 324
442 308 405 324
444 308 407 324
446 308 410 325
448 308 412 325
449 308 415 325
451 308 417 326
457 308 424 328
458 308 426 328
460 308 428 328
462 308 431 329
464 308 433 329
466 308 435 329
467 308 437 329
469 308 439 329
471 308 442 331
473 308 444 331
413 310 380 325
415 310 381 325
417 310 383 325
419 310 385 325
428 310 389 323
430 310 391 324
431 310 393 324
433 310 396 325
435 310 398 325
439 310 401 325
440 310 403 325
442 310 405 326
444 310 407 326
446 310 409 326
448 310 412 327
449 310 415 327
451 310 417 327
453 310 418 328
455 310 421 329
457 310 424 329
458 310 426 330
460 310 428 330
462 310 430 331
464 310 433 331
466 310 435 331
467 310 437 331
469 310 439 331
471 310 442 333
473 310 444 333
475 310 446 333
412 311 379 327
415 311 381 327
417 311 383 327
419 311 385 327
422 311 387 327
426 311 388 325
431 311 394 327
433 311 396 327
435 311 397 327
439 311 400 327
440 311 403 327
442 311 405 328
444 311 407 328
446 311 409 328
448 311 411 329
451 311 417 330
453 311 418 330
455 311 421 330
457 311 423 331
458 311 425 332
460 311 428 332
462 311 430 332
464 311 432 333
466 311 434 333
467 311 437 333
471 311 441 334
473 311 444 334
475 311 446 335
412 313 378 329
413 313 380 329
417 313 383 329
419 313 385 329
421 313 386 330
424 313 389 329
426 313 390 329
428 313 392 329
431 313 394 329
433 313 396 329
435 313 398 329
437 313 399 329
439 313 401 329
440 313 403 329
442 313 405 330
444 313 407 330
446 313 409 330
449 313 413 332
451 313 416 332
457 313 423 333
458 313 425 333
460 313 427 334
462 313 430 334
464 313 432 334
466 313 434 335
469 313 439 336
471 313 441 336
473 313 444 337
475 313 446 337
410 315 378 332
412 315 379 331
413 315 380 331
417 315 383 331
419 315 385 331
421 315 386 332
422 315 387 331
426 315 390 331
428 315 392 331
431 315 394 331
433 315 396 331
435 315 398 331
437 315 399 331
439 315 401 331
440 315 402 331
442 315 404 331
444 315 407 332
446 315 409 332
448 315 411 332
449 315 413 333
451 315 416 333
453 315 418 334
455 315 420 334
457 315 423 335
458 315 425 335
460 315 427 336
462 315 430 336
464 315 432 336
466 315 434 337
467 315 436 337
469 315 438 338
471 315 441 338
473 315 443 339
475 315 445 339
410 317 378 334
413 317 381 334
415 317 382 334
417 317 383 333
419 317 385 334
421 317 386 334
422 317 387 333
424 317 389 333
428 317 392 333
430 317 393 334
435 317 398 333
437 317 399 333
439 317 401 333
440 317 402 333
442 317 405 333
444 317 407 334
446 317 409 334
448 317 410 335
449 317 413 335
451 317 416 335
453 317 418 336
455 317 420 336
457 317 422 336
458 317 424 337
460 317 427 338
462 317 429 338
464 317 432 338
466 317 434 339
467 317 436 339
469 317 438 340
471 317 441 340
473 317 443 341
475 317 445 341
412 319 380 336
417 319 395 334
419 319 384 335
421 319 386 335
422 319 388 335
424 319 389 335
426 319 391 336
430 319 393 335
431 319 395 335
437 319 399 335
439 319 400 335
440 319 402 335
442 319 404 335
444 319 406 336
446 319 408 337
448 319 410 337
449 319 412 337
451 319 415 337
453 319 418 338
455 319 420 338
457 319 422 338
458 319 424 339
460 319 426 339
462 319 429 340
467 319 435 341
469 319 438 342
471 319 441 342
473 319 443 343
419 320 397 336
421 320 386 337
422 320 388 337
424 320 389 338
426 320 391 337
430 320 393 337
431 320 395 337
433 320 397 337
437 320 399 337
439 320 401 337
440 320 402 337
442 320 404 337
444 320 406 338
446 320 408 339
448 320 410 339
449 320 412 339
451 320 415 339
453 320 417 339
455 320 419 340
457 320 421 340
458 320 424 341
460 320 426 341
462 320 428 342
464 320 431 342
467 320 435 343
469 320 437 343
471 320 441 345
473 320 443 345
476 320 445 343
417 322 383 340
421 322 386 339
422 322 388 339
424 322 389 340
426 322 391 339
428 322 392 339
431 322 395 339
433 322 397 339
437 322 399 339
439 322 401 339
440 322 402 339
442 322 404 339
444 322 406 340
446 322 408 340
448 322 410 341
449 322 412 341
451 322 414 341
453 322 417 341
455 322 419 342
457 322 421 342
458 322 423 342
460 322 426 343
462 322 428 343
467 322 435 345
469 322 437 345
417 324 383 342
419 324 385 342
421 324 386 342
422 324 388 341
424 324 389 342
426 324 391 342
428 324 392 342
431 324 395 341
433 324 397 341
435 324 398 341
437 324 400 341
440 324 402 341
442 324 404 341
446 324 408 342
449 324 412 343
451 324 414 343
453 324 416 343
455 324 419 344
457 324 421 344
458 324 423 344
460 324 425 345
462 324 428 345
419 326 385 344
421 326 386 344
422 326 388 344
426 326 391 344
428 326 393 344
430 326 394 343
433 326 397 343
435 326 398 344
437 326 400 344
439 326 401 343
442 326 404 344
444 326 406 343
446 326 408 344
448 326 409 343
449 326 412 345
451 326 414 345
453 326 416 345
455 326 418 345
457 326 421 346
458 326 423 346
460 326 426 346
462 326 428 347
464 326 431 347
419 328 385 346
421 328 387 346
422 328 388 346
424 328 390 346
428 328 393 346
430 328 394 345
431 328 395 346
435 328 398 346
437 328 400 346
439 328 401 346
440 328 403 346
444 328 406 346
448 328 409 345
449 328 411 346
451 328 414 347
453 328 416 347
455 328 418 347
457 328 420 348
458 328 422 348
460 328 426 348
462 328 428 348
417 329 385 348
421 329 387 348
422 329 389 348
424 329 390 348
426 329 391 348
428 329 393 348
430 329 394 347
431 329 395 347
433 329 397 348
437 329 400 348
439 329 402 348
440 329 403 348
442 329 404 348
446 329 407 347
448 329 409 347
449 329 411 348
451 329 414 349
453 329 416 349
455 329 418 349
457 329 420 350
458 329 422 350
460 329 424 350
462 329 427 350
421 331 387 350
422 331 388 350
424 331 390 350
426 331 392 350
428 331 393 350
430 331 394 350
431 331 395 349
433 331 397 350
437 331 400 350
439 331 401 350
440 331 403 350
442 331 404 350
444 331 406 350
446 331 407 349
448 331 409 349
449 331 411 350
451 331 413 350
453 331 416 351
455 331 417 351
457 331 420 351
458 331 421 352
471 331 445 345
419 333 386 352
422 333 388 352
424 333 390 352
426 333 391 352
428 333 393 352
431 333 395 351
433 333 397 352
435 333 399 352
439 333 402 352
440 333 403 352
442 333 405 352
444 333 406 352
446 333 408 352
449 333 411 352
451 333 412 352
453 333 414 352
455 333 417 353
421 335 388 354
424 335 390 354
426 335 391 354
428 335 393 354
430 335 395 354
433 335 397 354
435 335 399 354
437 335 400 354
440 335 403 354
442 335 404 354
444 335 406 354
446 335 408 354
449 335 411 354
451 335 412 354
453 335 414 354
455 335 417 355
424 337 391 356
428 337 393 356
430 337 395 356
431 337 396 356
437 337 400 357
444 337 406 356
446 337 408 356
449 337 410 356
451 337 412 356
466 337 433 351
426 338 393 358
428 338 395 358
431 338 396 358
426 340 393 360
428 340 395 360
457 340 419 358
457 342 419 360
458 342 417 360
464 342 431 354
