397 296 395 295
399 296 396 295
400 296 399 295
402 296 400 295
404 296 402 295
405 296 404 295
407 296 406 295
408 296 407 295
410 296 409 295
412 296 411 295
413 296 412 295
397 298 395 296
400 298 400 298
404 298 404 298
405 298 405 298
407 298 407 298
408 298 409 297
410 298 410 297
413 298 412 297
415 298 415 298
399 299 399 299
400 299 400 299
402 299 402 299
404 299 404 299
405 299 405 299
407 299 407 299
408 299 409 299
410 299 410 299
412 299 412 299
413 299 412 298
415 299 415 299
417 299 417 299
399 301 399 301
400 301 400 301
402 301 402 301
405 301 405 301
407 301 407 301
408 301 408 301
410 301 410 301
412 301 412 301
413 301 414 301
415 301 415 301
417 301 417 301
418 301 418 301
420 301 420 301
387 303 386 302
399 303 399 303
400 303 400 303
404 303 403 303
405 303 404 303
407 303 407 303
408 303 408 303
410 303 410 303
412 303 412 303
413 303 413 303
415 303 415 303
417 303 417 303
418 303 418 303
420 303 420 303
422 303 422 303
423 303 424 303
379 304 377 303
380 304 379 303
387 304 387 304
394 304 391 302
397 304 397 304
399 304 399 304
400 304 400 304
402 304 402 304
404 304 404 304
405 304 405 304
407 304 407 304
408 304 408 304
410 304 410 304
412 304 412 304
413 304 413 304
415 304 415 304
417 304 417 304
418 304 418 304
420 304 420 304
422 304 422 304
423 304 423 304
425 304 425 304
372 306 373 306
374 306 374 306
375 306 375 306
385 306 385 306
387 306 387 306
389 306 389 306
390 306 390 306
392 306 392 306
394 306 394 306
395 306 396 306
397 306 398 306
399 306 399 306
400 306 400 306
402 306 402 306
404 306 403 306
405 306 405 306
407 306 407 306
408 306 408 306
410 306 410 306
412 306 412 306
413 306 413 306
415 306 415 306
417 306 417 306
418 306 418 306
420 306 420 306
422 306 422 306
423 306 423 306
425 306 425 306
427 306 427 306
428 306 428 306
430 306 430 306
372 308 373 308
374 308 374 308
375 308 375 308
380 308 379 307
382 308 382 308
384 308 384 308
387 308 387 308
389 308 389 308
390 308 390 308
392 308 392 308
394 308 394 308
395 308 396 308
397 308 397 308
399 308 399 308
400 308 400 308
402 308 402 308
404 308 403 308
405 308 405 308
407 308 407 308
408 308 408 308
410 308 410 308
412 308 412 308
413 308 413 308
415 308 415 308
417 308 417 308
418 308 418 308
420 308 420 308
422 308 422 308
423 308 423 308
425 308 425 308
427 308 427 308
428 308 428 308
430 308 430 308
372 309 373 310
374 309 374 309
375 309 375 309
377 309 377 309
379 309 379 309
380 309 380 309
382 309 382 309
384 309 384 309
385 309 385 309
387 309 387 309
389 309 389 309
390 309 390 309
392 309 392 309
394 309 394 309
395 309 395 309
397 309 397 309
399 309 399 309
400 309 400 309
402 309 402 309
404 309 404 309
405 309 405 309
407 309 407 309
408 309 408 309
410 309 410 309
412 309 412 309
413 309 413 309
415 309 415 309
417 309 417 309
418 309 418 309
420 309 420 309
422 309 422 309
423 309 423 309
425 309 425 309
427 309 427 309
428 309 428 309
430 309 430 309
372 311 373 312
374 311 374 311
375 311 376 311
377 311 377 311
379 311 379 311
380 311 380 311
382 311 382 311
384 311 384 311
385 311 385 311
387 311 387 311
389 311 388 311
390 311 390 311
392 311 392 311
394 311 394 311
395 311 395 311
397 311 397 311
399 311 399 311
400 311 400 311
402 311 402 311
404 311 404 311
405 311 405 311
408 311 408 311
410 311 410 311
412 311 412 311
413 311 413 311
415 311 415 311
417 311 417 311
418 311 418 311
420 311 420 311
422 311 422 311
423 311 423 311
425 311 425 311
427 311 427 311
428 311 428 311
430 311 430 311
372 313 373 313
374 313 374 313
375 313 376 313
377 313 377 313
379 313 379 313
380 313 380 313
382 313 382 313
384 313 384 312
385 313 385 312
387 313 387 312
390 313 390 313
392 313 392 313
394 313 394 313
395 313 395 313
397 313 397 312
399 313 399 313
400 313 400 313
402 313 402 313
404 313 404 313
405 313 405 313
407 313 407 313
408 313 409 313
410 313 410 313
412 313 412 313
413 313 413 313
415 313 415 313
417 313 417 313
418 313 418 313
420 313 420 313
422 313 422 313
423 313 423 313
425 313 425 313
427 313 427 313
428 313 428 313
430 313 430 313
372 314 373 314
374 314 374 314
375 314 375 314
377 314 377 314
379 314 379 314
380 314 380 314
382 314 382 314
385 314 385 314
387 314 387 314
389 314 389 314
390 314 390 314
392 314 392 314
394 314 394 314
395 314 395 314
397 314 397 314
399 314 399 314
400 314 400 314
402 314 402 314
404 314 404 314
405 314 405 314
407 314 407 314
408 314 409 314
410 314 410 314
412 314 412 314
413 314 413 314
415 314 415 314
417 314 417 314
418 314 418 314
420 314 420 314
422 314 422 314
425 314 425 314
427 314 427 314
428 314 428 314
430 314 430 315
372 316 373 316
374 316 374 316
377 316 377 316
379 316 379 316
380 316 380 316
382 316 382 316
384 316 384 316
387 316 387 316
389 316 389 316
390 316 390 316
392 316 392 316
394 316 394 316
395 316 395 316
397 316 397 316
399 316 399 316
400 316 400 316
402 316 402 316
404 316 404 316
405 316 405 316
407 316 407 316
408 316 409 316
410 316 410 316
412 316 412 316
413 316 413 316
415 316 415 316
417 316 417 316
418 316 418 316
420 316 420 316
422 316 422 316
423 316 423 316
425 316 425 316
427 316 427 316
428 316 428 316
432 316 432 316
433 316 433 316
372 318 373 318
374 318 374 318
375 318 375 318
379 318 379 318
380 318 380 317
382 318 382 318
385 318 385 317
387 318 387 318
389 318 389 318
390 318 390 318
392 318 392 318
394 318 394 318
395 318 395 318
397 318 397 318
399 318 399 318
400 318 400 318
402 318 402 318
404 318 403 318
405 318 405 318
407 318 407 318
408 318 409 318
410 318 410 318
412 318 412 318
413 318 413 318
415 318 415 318
417 318 417 318
418 318 418 318
420 318 420 318
422 318 422 318
423 318 423 317
425 318 425 317
427 318 427 317
432 318 432 318
433 318 433 317
372 319 373 319
375 319 375 319
377 319 377 319
379 319 378 319
380 319 380 319
382 319 382 319
385 319 385 319
387 319 387 319
389 319 388 319
390 319 390 319
392 319 392 319
394 319 394 319
395 319 395 319
397 319 397 319
399 319 399 319
400 319 400 319
402 319 402 319
404 319 403 319
405 319 405 319
407 319 407 319
408 319 409 319
410 319 410 319
412 319 412 319
413 319 413 319
415 319 415 319
417 319 417 319
418 319 418 319
420 319 420 319
422 319 422 319
423 319 423 319
425 319 425 319
430 319 430 319
432 319 432 319
433 319 433 319
372 321 373 321
375 321 375 321
377 321 377 321
379 321 379 321
382 321 382 321
384 321 384 321
385 321 385 321
389 321 388 321
390 321 390 321
392 321 392 321
394 321 394 321
395 321 395 321
397 321 397 321
399 321 399 321
400 321 400 321
402 321 402 321
404 321 404 321
405 321 405 321
407 321 407 321
408 321 408 321
410 321 410 321
412 321 412 321
413 321 414 321
415 321 415 321
417 321 417 321
418 321 418 321
420 321 420 321
422 321 422 321
423 321 423 321
427 321 427 321
430 321 430 321
432 321 432 321
433 321 433 321
372 323 373 323
374 323 374 323
379 323 379 322
382 323 382 323
384 323 384 323
385 323 385 323
387 323 387 323
389 323 389 323
390 323 390 323
392 323 392 323
394 323 394 323
395 323 395 323
397 323 397 323
399 323 399 323
400 323 400 322
402 323 402 322
404 323 404 323
405 323 405 323
407 323 407 323
408 323 409 323
410 323 410 323
412 323 412 322
413 323 414 322
415 323 415 323
417 323 417 323
418 323 418 323
420 323 420 323
422 323 422 322
423 323 423 322
430 323 430 322
432 323 432 322
433 323 433 323
435 323 435 323
372 324 373 325
374 324 374 324
377 324 377 324
379 324 379 324
382 324 382 324
384 324 384 324
385 324 385 324
387 324 387 324
389 324 389 324
390 324 390 324
392 324 392 324
394 324 394 324
395 324 395 324
397 324 397 324
399 324 398 324
400 324 400 324
402 324 402 324
404 324 404 324
405 324 405 324
407 324 407 324
408 324 408 324
410 324 410 324
412 324 412 324
413 324 413 324
415 324 415 324
417 324 417 324
418 324 418 324
420 324 420 324
422 324 422 324
425 324 425 324
430 324 430 324
432 324 432 324
433 324 434 324
435 324 435 324
372 326 373 326
374 326 374 326
375 326 375 326
377 326 377 326
379 326 379 326
382 326 382 326
384 326 384 326
385 326 385 326
387 326 387 326
390 326 390 326
392 326 392 326
394 326 394 326
395 326 395 326
397 326 397 326
399 326 399 326
400 326 400 326
402 326 402 326
404 326 404 326
405 326 405 326
407 326 407 326
408 326 408 326
410 326 410 326
412 326 412 326
413 326 414 326
415 326 415 326
417 326 417 326
418 326 418 326
420 326 420 326
422 326 422 326
423 326 423 326
427 326 427 326
428 326 428 326
430 326 430 326
432 326 432 326
433 326 433 326
435 326 435 326
372 328 373 328
374 328 374 328
375 328 376 328
377 328 377 328
379 328 379 328
380 328 380 328
382 328 382 328
384 328 384 328
385 328 385 328
387 328 387 327
389 328 389 327
390 328 390 328
392 328 392 328
394 328 394 328
395 328 395 327
397 328 397 328
399 328 399 328
400 328 400 328
402 328 402 327
404 328 404 327
405 328 405 328
407 328 407 328
408 328 408 328
410 328 410 328
412 328 412 327
413 328 414 327
415 328 415 327
417 328 417 328
418 328 418 328
420 328 420 328
422 328 422 328
423 328 423 327
425 328 425 328
428 328 428 328
430 328 430 328
432 328 432 328
433 328 433 328
435 328 435 328
372 329 373 329
374 329 374 329
375 329 375 329
377 329 377 329
379 329 379 329
380 329 380 329
382 329 382 329
384 329 384 329
385 329 385 329
387 329 387 329
389 329 389 329
390 329 390 329
392 329 392 329
394 329 394 329
395 329 395 329
397 329 397 329
399 329 399 329
400 329 400 329
402 329 402 329
404 329 403 329
405 329 405 329
407 329 407 329
408 329 408 329
410 329 410 329
412 329 412 329
413 329 413 329
415 329 415 329
417 329 417 329
418 329 419 329
420 329 420 329
422 329 422 329
423 329 423 329
425 329 425 329
427 329 427 329
428 329 428 329
430 329 430 329
432 329 432 330
433 329 433 330
435 329 435 330
372 331 373 331
374 331 374 331
377 331 377 331
379 331 379 331
380 331 380 331
382 331 382 331
384 331 384 331
385 331 385 331
387 331 387 331
389 331 389 331
390 331 390 331
392 331 392 331
394 331 394 331
395 331 395 331
397 331 397 331
399 331 399 331
400 331 400 331
402 331 402 331
404 331 403 331
405 331 405 331
407 331 407 331
408 331 408 331
410 331 410 331
412 331 412 331
413 331 413 331
415 331 415 331
417 331 417 331
418 331 418 331
420 331 420 331
422 331 422 331
423 331 423 331
425 331 425 331
427 331 427 331
428 331 428 331
430 331 430 331
432 331 432 331
433 331 433 331
435 331 435 331
374 332 374 332
375 332 375 332
377 332 377 332
379 332 379 332
380 332 380 332
382 332 382 332
384 332 384 333
385 332 385 333
387 332 387 332
389 332 389 333
390 332 390 333
392 332 392 332
394 332 394 332
395 332 395 332
397 332 397 332
399 332 399 332
400 332 400 333
402 332 402 333
404 332 403 333
405 332 405 332
407 332 407 332
408 332 408 332
410 332 410 332
412 332 412 333
413 332 413 332
415 332 415 333
417 332 417 333
418 332 418 332
420 332 420 333
422 332 422 332
423 332 423 333
425 332 425 333
427 332 427 332
428 332 428 333
430 332 430 332
432 332 432 333
433 332 434 333
435 332 435 333
377 334 377 334
379 334 379 334
380 334 380 334
382 334 382 334
384 334 384 334
385 334 385 334
387 334 387 334
389 334 389 334
392 334 392 334
394 334 393 334
395 334 395 334
397 334 397 334
399 334 399 334
400 334 400 334
402 334 402 334
404 334 403 334
405 334 405 334
407 334 407 334
408 334 409 334
410 334 410 334
412 334 412 334
413 334 413 334
415 334 415 334
417 334 417 334
418 334 418 334
420 334 420 334
422 334 422 334
423 334 423 334
425 334 425 334
427 334 427 334
428 334 428 334
430 334 430 334
432 334 432 334
433 334 433 334
377 336 377 336
380 336 380 336
382 336 382 336
384 336 384 336
385 336 385 336
387 336 387 336
389 336 389 336
390 336 390 336
392 336 392 336
394 336 393 336
395 336 395 336
397 336 397 336
399 336 399 336
400 336 400 336
402 336 402 336
404 336 403 336
405 336 405 336
407 336 407 336
408 336 409 336
410 336 410 336
412 336 412 336
413 336 413 336
415 336 415 336
417 336 417 336
418 336 418 336
420 336 420 336
422 336 422 336
423 336 423 336
425 336 425 336
427 336 427 336
428 336 428 336
430 336 430 336
379 337 379 337
380 337 380 337
382 337 382 337
384 337 384 337
385 337 385 337
387 337 387 337
389 337 389 337
390 337 390 337
392 337 392 337
394 337 394 337
395 337 395 337
397 337 397 337
399 337 399 337
400 337 400 337
402 337 402 337
404 337 403 337
405 337 405 337
407 337 407 337
408 337 409 337
410 337 410 337
412 337 412 337
413 337 413 337
415 337 415 337
417 337 417 337
418 337 418 337
420 337 420 337
422 337 422 337
423 337 423 337
425 337 425 337
427 337 427 338
428 337 428 337
430 337 430 338
382 339 382 339
384 339 384 339
385 339 385 339
387 339 387 339
389 339 389 339
390 339 390 339
392 339 392 339
394 339 394 339
397 339 397 339
399 339 399 339
400 339 400 339
402 339 402 339
404 339 403 339
405 339 405 339
407 339 407 339
408 339 408 339
410 339 410 339
412 339 412 339
413 339 413 339
415 339 415 339
417 339 417 339
418 339 418 339
420 339 420 339
422 339 422 339
423 339 423 339
425 339 425 339
427 339 427 339
428 339 428 339
384 341 384 341
385 341 385 341
387 341 387 341
389 341 389 341
390 341 390 341
392 341 392 341
394 341 394 341
395 341 395 341
399 341 399 341
400 341 400 341
402 341 402 341
404 341 403 341
405 341 405 341
407 341 407 341
408 341 408 341
410 341 410 341
412 341 412 341
413 341 413 341
415 341 415 341
417 341 417 341
418 341 418 341
420 341 420 341
422 341 422 341
423 341 423 341
425 341 425 341
384 342 384 342
385 342 385 342
387 342 387 342
389 342 389 342
390 342 390 342
392 342 392 342
394 342 394 343
395 342 395 343
397 342 397 342
399 342 399 342
400 342 400 342
402 342 402 342
404 342 403 342
405 342 405 342
407 342 407 342
408 342 408 342
410 342 410 342
412 342 412 342
413 342 413 342
415 342 415 342
417 342 417 342
418 342 418 342
420 342 420 342
422 342 422 342
387 344 387 344
389 344 389 344
390 344 390 344
392 344 392 344
394 344 394 344
395 344 395 344
397 344 397 344
399 344 399 344
400 344 400 344
402 344 402 344
404 344 403 344
405 344 405 344
407 344 407 344
408 344 408 344
410 344 410 344
412 344 412 344
413 344 413 344
415 344 415 344
417 344 417 344
418 344 418 344
420 344 420 344
389 346 389 346
390 346 390 346
392 346 392 346
394 346 394 346
395 346 395 346
397 346 397 346
399 346 399 346
400 346 400 346
402 346 402 346
404 346 403 346
405 346 405 346
407 346 407 346
408 346 409 346
410 346 410 346
412 346 412 346
413 346 413 346
415 346 415 346
417 346 417 346
418 346 419 346
390 347 390 347
392 347 392 347
394 347 394 347
395 347 395 347
397 347 397 347
399 347 399 347
400 347 400 347
402 347 402 347
404 347 404 347
405 347 405 347
407 347 407 347
408 347 409 347
410 347 410 347
412 347 412 347
413 347 413 347
415 347 415 347
394 349 394 349
395 349 395 349
397 349 397 349
399 349 399 349
400 349 400 349
402 349 402 349
404 349 403 349
405 349 405 349
407 349 407 349
408 349 408 349
410 349 410 349
412 349 412 349
395 351 395 350
397 351 397 351
399 351 399 351
400 351 400 351
402 351 402 351
404 351 403 351
405 351 405 351
407 351 407 351
408 351 408 351
410 351 410 351
