450 258 412 315
441 269 411 319
444 269 409 318
440 272 429 318
445 281 393 345
447 281 394 345
450 281 404 323
447 282 394 346
448 282 410 342
441 284 391 330
442 284 395 329
444 284 415 321
445 284 386 329
475 284 425 310
442 285 395 331
444 285 397 331
445 285 416 322
448 285 419 321
451 285 405 327
482 285 392 319
442 287 395 333
445 287 398 332
447 287 418 324
448 287 419 323
450 287 421 322
451 287 405 329
453 287 407 329
454 287 409 328
464 287 433 315
473 287 429 329
475 287 431 328
445 288 398 334
447 288 400 334
448 288 388 336
450 288 390 336
451 288 422 323
454 288 409 332
464 288 433 317
473 288 430 332
448 290 388 338
450 290 390 338
451 290 422 326
454 290 410 333
466 290 435 319
473 290 430 334
475 290 432 334
477 290 429 316
445 291 399 340
448 291 389 341
450 291 391 340
454 291 425 327
460 291 414 333
463 291 416 331
464 291 433 323
466 291 435 321
472 291 428 336
473 291 429 336
475 291 431 336
450 293 392 343
453 293 408 338
454 293 409 338
457 293 412 337
458 293 414 337
460 293 415 335
461 293 417 333
464 293 401 341
467 293 423 332
472 293 427 338
473 293 429 338
480 293 441 328
482 293 443 327
450 294 404 345
453 294 409 342
456 294 411 340
458 294 414 339
460 294 416 339
464 294 420 338
475 294 431 338
457 296 412 342
460 296 415 341
463 296 402 346
464 296 402 345
475 296 430 340
451 297 394 349
454 297 395 349
461 297 417 344
463 297 402 348
470 297 408 348
472 297 409 348
473 297 411 348
475 297 430 342
456 298 397 351
460 298 416 347
461 298 417 346
463 298 420 346
464 298 403 350
466 298 405 350
467 298 406 350
472 298 409 350
473 298 411 350
456 300 397 354
460 300 417 349
463 300 420 348
473 300 411 352
475 300 413 352
472 301 443 338
473 301 411 354
475 301 412 354
457 303 400 358
475 306 413 361
