444 268 410 318
442 281 418 338
444 281 382 323
447 281 391 344
437 282 405 324
442 282 381 326
444 282 414 321
445 282 383 325
437 284 406 326
438 284 408 326
442 284 412 324
444 284 383 328
451 284 395 348
473 284 422 311
475 284 424 311
444 285 383 331
445 285 384 331
447 285 416 323
448 285 424 342
464 285 433 316
477 285 430 313
482 285 391 321
444 287 395 334
445 287 384 333
447 287 416 326
448 287 418 326
450 287 402 332
453 287 406 331
456 287 409 330
473 287 427 332
477 287 436 335
479 287 442 334
480 287 444 335
448 288 417 328
450 288 388 335
451 288 404 334
453 288 422 325
454 288 408 333
464 288 432 319
473 288 427 334
475 288 429 335
447 290 383 337
448 290 386 337
450 290 387 337
451 290 420 328
453 290 405 337
454 290 407 336
456 290 409 336
463 290 414 331
466 290 433 322
473 290 427 337
450 291 389 340
453 291 406 339
454 291 392 339
456 291 408 338
463 291 413 335
464 291 430 325
466 291 433 324
473 291 427 338
447 293 399 344
448 293 387 342
453 293 406 341
456 293 408 340
457 293 410 339
458 293 411 339
460 293 413 338
464 293 417 338
467 293 420 334
469 293 436 325
480 293 439 330
447 294 387 343
450 294 402 346
451 294 402 344
453 294 405 345
454 294 407 343
457 294 410 342
458 294 412 341
466 294 420 340
475 294 412 349
450 296 402 348
458 296 412 344
460 296 414 343
461 296 415 343
464 296 418 343
470 296 404 347
472 296 406 347
473 296 408 347
451 297 403 350
461 297 414 346
463 297 416 346
472 297 406 349
473 297 408 350
480 297 424 354
456 298 393 350
460 298 413 349
463 298 416 348
470 298 405 351
473 298 407 351
457 300 411 352
458 300 413 353
460 300 413 351
461 300 415 351
467 300 438 342
470 300 439 338
472 300 407 354
473 300 408 354
475 300 410 354
472 301 406 356
473 301 408 356
467 303 403 358
470 303 406 357
472 303 407 358
480 303 424 358
469 306 407 362
470 306 409 362
477 306 421 362
479 306 423 362
