450 253 449 255
456 253 454 255
458 253 456 255
460 253 457 255
450 255 449 257
453 255 452 257
454 255 453 257
456 255 454 257
458 255 456 257
460 255 457 257
461 255 458 257
450 256 449 259
454 256 453 258
461 256 458 258
450 258 449 260
457 258 454 260
458 258 456 259
460 258 457 259
448 259 447 262
450 259 449 262
458 259 456 260
460 259 457 260
461 259 458 260
457 261 454 262
458 261 455 261
460 261 457 262
461 261 458 262
448 262 448 264
453 262 450 268
454 262 451 268
457 262 454 263
458 262 456 263
460 262 457 263
461 262 458 263
453 263 450 269
454 263 451 269
457 263 454 264
460 263 457 265
461 263 458 267
458 265 455 266
460 265 457 266
461 265 458 269
447 266 446 269
460 266 457 271
461 266 458 271
440 268 439 270
441 268 440 270
442 268 441 271
444 268 443 270
453 268 450 272
454 268 451 272
456 268 452 272
458 268 455 272
460 268 457 273
461 268 458 273
440 269 439 272
441 269 440 272
444 269 443 272
445 269 444 272
454 269 451 273
456 269 452 274
457 269 454 274
458 269 455 274
460 269 457 274
461 269 458 274
438 271 437 273
440 271 439 273
444 271 443 273
445 271 444 273
450 271 448 274
454 271 451 275
456 271 452 275
438 272 436 275
440 272 438 275
442 272 441 275
444 272 442 275
445 272 444 275
450 272 448 275
453 272 450 275
440 274 438 276
441 274 439 276
442 274 441 276
444 274 442 276
445 274 444 276
450 274 448 276
453 274 450 277
454 274 451 276
440 275 438 278
441 275 439 277
442 275 441 277
444 275 442 277
445 275 444 278
451 275 448 278
438 277 437 279
440 277 438 279
441 277 440 279
445 277 444 279
450 277 448 279
453 277 451 280
456 277 453 280
458 277 456 278
437 278 436 281
440 278 438 281
441 278 439 281
442 278 441 281
448 278 446 281
451 278 449 281
453 278 451 281
454 278 452 281
457 278 455 280
458 278 456 280
437 280 436 282
438 280 437 282
440 280 439 282
442 280 441 282
444 280 442 281
445 280 443 281
447 280 445 281
453 280 451 282
454 280 453 282
457 280 454 281
458 280 456 281
460 280 458 281
461 280 459 282
437 281 436 284
438 281 437 284
440 281 439 284
442 281 441 284
444 281 443 284
445 281 443 283
447 281 445 283
450 281 449 284
456 281 454 283
460 281 458 283
461 281 460 283
463 281 461 283
437 282 436 285
438 282 437 285
440 282 438 285
441 282 440 285
442 282 441 285
445 282 444 284
447 282 445 284
448 282 446 284
451 282 450 285
457 282 456 284
458 282 457 284
461 282 460 285
464 282 462 284
466 282 464 284
437 284 436 287
438 284 437 287
440 284 439 287
441 284 440 287
442 284 441 287
445 284 444 286
447 284 446 287
448 284 447 285
450 284 449 287
457 284 456 286
467 284 465 286
469 284 468 287
470 284 469 287
472 284 471 287
473 284 472 287
476 284 475 287
477 284 477 287
479 284 478 287
480 284 480 287
440 285 439 288
441 285 440 288
444 285 443 288
445 285 444 288
450 285 449 288
451 285 450 288
453 285 452 288
458 285 457 287
466 285 464 287
467 285 466 287
469 285 468 288
472 285 471 288
473 285 472 288
475 285 474 288
476 285 475 288
477 285 477 289
479 285 478 289
480 285 480 288
482 285 482 288
450 287 449 290
451 287 450 290
453 287 452 290
454 287 453 290
456 287 454 289
458 287 457 289
460 287 459 289
461 287 460 290
463 287 462 290
464 287 463 289
467 287 466 290
469 287 468 290
470 287 469 290
472 287 471 290
473 287 472 290
475 287 474 290
476 287 475 290
477 287 477 290
479 287 478 290
480 287 480 290
482 287 482 290
440 288 439 291
441 288 440 291
442 288 442 291
444 288 443 291
447 288 446 291
450 288 449 291
453 288 452 291
454 288 453 291
456 288 454 291
458 288 457 291
460 288 459 291
461 288 460 291
463 288 462 291
464 288 463 290
469 288 468 291
470 288 469 291
472 288 471 291
473 288 472 291
475 288 474 291
476 288 475 291
477 288 477 291
479 288 478 291
480 288 480 291
482 288 481 291
441 290 440 293
442 290 442 293
444 290 443 293
445 290 445 293
447 290 446 293
448 290 448 293
450 290 449 293
453 290 451 293
454 290 453 293
456 290 454 293
458 290 457 293
460 290 459 293
461 290 460 293
463 290 462 292
464 290 463 292
466 290 465 292
467 290 466 292
469 290 468 293
470 290 469 293
472 290 471 293
473 290 472 293
475 290 474 293
476 290 475 293
477 290 477 293
479 290 478 293
480 290 480 293
482 290 481 293
442 291 442 294
444 291 443 294
445 291 444 294
447 291 446 294
450 291 449 294
453 291 452 294
454 291 453 294
456 291 455 294
457 291 456 294
458 291 457 294
460 291 459 294
461 291 460 294
463 291 462 294
464 291 463 294
466 291 465 294
467 291 466 294
469 291 468 294
470 291 469 294
472 291 471 294
473 291 472 294
475 291 473 294
476 291 475 294
477 291 477 294
480 291 480 294
482 291 481 295
445 293 444 296
447 293 446 296
448 293 447 296
456 293 455 296
457 293 456 296
458 293 458 296
460 293 459 296
461 293 460 296
463 293 462 296
464 293 463 296
466 293 465 296
467 293 466 296
473 293 472 296
475 293 474 296
476 293 475 296
477 293 477 296
480 293 480 296
447 294 446 297
448 294 447 297
451 294 450 297
453 294 452 297
456 294 455 297
457 294 456 297
458 294 458 297
460 294 459 297
461 294 460 297
463 294 462 297
464 294 463 297
466 294 465 297
467 294 466 297
469 294 468 297
470 294 469 296
472 294 471 296
473 294 472 297
475 294 474 297
476 294 475 297
477 294 477 297
479 294 478 297
480 294 479 299
450 296 449 298
451 296 450 298
458 296 457 299
460 296 459 299
461 296 460 299
463 296 462 299
464 296 463 299
466 296 465 299
467 296 466 299
469 296 468 298
470 296 469 298
472 296 471 298
473 296 472 298
475 296 474 299
476 296 475 299
477 296 476 299
479 296 478 299
482 296 483 296
451 297 450 300
454 297 453 300
456 297 455 300
458 297 457 300
460 297 459 300
461 297 460 300
463 297 462 300
464 297 463 300
466 297 465 300
467 297 466 300
469 297 468 300
470 297 469 300
472 297 471 300
475 297 474 300
476 297 475 300
477 297 477 300
479 297 478 301
454 298 453 301
457 298 456 301
460 298 459 301
461 298 460 302
463 298 462 302
464 298 463 302
466 298 465 302
467 298 466 301
469 298 468 301
470 298 469 302
472 298 471 302
456 300 455 303
460 300 459 303
461 300 460 303
463 300 462 303
464 300 463 303
466 300 465 303
467 300 466 303
469 300 468 303
470 300 469 303
472 300 471 303
473 300 472 303
475 300 474 303
476 300 475 303
477 300 477 302
479 300 480 300
457 301 457 305
460 301 459 304
461 301 460 304
463 301 462 304
464 301 463 304
466 301 465 304
467 301 466 304
469 301 468 304
470 301 469 304
472 301 471 304
473 301 472 304
475 301 474 304
476 301 475 304
477 301 477 305
480 301 481 305
461 303 460 306
463 303 461 306
464 303 463 306
466 303 464 306
467 303 466 306
469 303 468 306
470 303 469 306
472 303 471 306
473 303 472 306
475 303 474 306
476 303 475 306
477 303 476 306
479 303 480 306
464 304 463 307
466 304 464 307
467 304 466 308
469 304 468 307
470 304 469 307
472 304 471 307
473 304 472 307
475 304 474 307
476 304 475 308
477 304 478 307
479 304 480 308
469 306 469 310
470 306 470 310
472 306 472 309
475 306 474 310
476 306 475 309
477 306 476 310
