442 278 403 312
444 280 405 314
444 282 406 318
445 284 408 320
447 285 409 322
447 287 409 324
451 287 412 323
453 287 414 323
448 288 411 326
450 288 413 326
453 288 415 325
454 288 417 325
450 290 413 328
453 290 416 328
456 290 419 327
464 290 424 326
466 290 426 326
467 290 427 326
469 290 429 326
477 290 445 327
450 291 414 330
453 291 416 330
454 291 417 330
464 291 425 328
467 291 428 328
469 291 429 328
470 291 431 328
457 293 420 331
458 293 422 331
466 293 427 330
467 293 429 330
470 293 431 330
476 293 442 334
456 294 419 334
463 294 425 333
464 294 427 333
467 294 429 332
469 294 431 332
470 294 432 333
472 294 434 333
475 294 440 335
476 294 443 335
461 296 425 336
463 296 426 335
466 296 428 335
467 296 430 335
470 296 432 334
472 296 434 334
475 296 440 337
476 296 443 337
460 297 424 338
463 297 426 337
464 297 428 337
467 297 430 337
469 297 432 337
470 297 433 338
472 297 434 336
473 297 436 337
475 297 440 339
460 298 424 340
461 298 426 340
463 298 426 339
464 298 428 339
466 298 429 339
470 298 434 339
473 298 437 339
466 300 430 342
467 300 431 342
469 300 433 342
472 300 435 341
473 300 437 341
475 300 438 341
469 301 433 343
473 301 437 343
475 301 439 343
472 303 436 346
476 303 440 345
