453 253 444 271
457 253 447 269
458 253 448 269
460 253 450 269
461 253 451 269
453 255 444 273
457 255 447 271
458 255 448 271
460 255 450 271
461 255 451 271
453 256 444 274
460 256 450 272
461 258 451 273
461 266 451 280
440 268 436 275
441 268 437 275
442 268 438 275
461 268 451 282
438 269 434 276
440 269 436 277
441 269 437 276
437 271 433 278
438 271 434 278
440 271 436 278
437 272 433 280
438 272 434 280
441 272 436 280
444 272 439 280
442 274 438 281
444 274 439 281
445 274 440 282
441 275 436 282
437 277 433 284
441 277 436 284
442 277 438 284
444 277 439 284
451 277 444 283
453 277 445 283
457 277 449 282
458 277 451 282
437 278 433 285
438 278 434 285
444 278 439 285
445 278 441 285
451 278 445 285
453 278 446 285
454 278 447 284
456 278 448 283
457 278 449 284
437 280 433 287
444 280 439 287
445 280 441 287
447 280 442 287
457 280 449 285
458 280 451 285
460 280 452 285
437 281 433 289
438 281 434 289
440 281 435 289
441 281 437 289
444 281 440 289
445 281 441 288
447 281 442 288
448 281 443 288
457 281 450 287
458 281 451 287
460 281 453 287
437 282 433 290
438 282 434 290
441 282 437 290
442 282 438 290
445 282 441 290
447 282 442 290
448 282 444 290
450 282 445 290
451 282 447 290
454 282 449 289
457 282 452 289
458 282 453 290
461 282 453 288
440 284 435 292
441 284 437 292
442 284 438 292
444 284 440 292
447 284 443 292
448 284 444 292
450 284 446 292
451 284 447 292
463 284 458 290
467 284 462 290
469 284 465 291
470 284 467 290
475 284 472 292
476 284 473 292
477 284 475 293
438 285 434 293
440 285 435 293
441 285 437 293
442 285 438 293
445 285 441 293
448 285 444 293
450 285 446 293
451 285 447 293
453 285 449 293
456 285 451 293
458 285 453 292
464 285 459 292
466 285 461 292
467 285 462 292
469 285 465 293
473 285 470 293
475 285 472 293
476 285 473 293
440 287 435 295
441 287 437 295
442 287 438 295
444 287 440 295
445 287 441 295
448 287 444 295
451 287 447 295
453 287 449 295
454 287 450 295
456 287 452 295
458 287 454 294
460 287 456 294
461 287 457 294
463 287 459 295
466 287 461 294
469 287 464 294
470 287 466 295
472 287 468 294
473 287 470 295
475 287 472 295
476 287 473 295
477 287 475 295
479 287 477 295
480 287 478 295
482 287 481 295
440 288 436 296
441 288 437 296
442 288 438 296
444 288 440 296
445 288 442 296
447 288 443 296
450 288 446 296
451 288 447 296
453 288 449 296
454 288 450 296
456 288 452 296
458 288 455 296
460 288 456 296
461 288 457 296
463 288 459 296
464 288 460 296
467 288 463 296
469 288 465 296
470 288 466 296
472 288 468 296
473 288 470 296
475 288 472 296
476 288 473 297
477 288 475 297
479 288 477 297
441 290 437 298
442 290 439 298
444 290 440 298
445 290 442 298
447 290 443 298
448 290 445 298
451 290 447 298
453 290 449 298
454 290 450 298
456 290 452 298
457 290 453 298
458 290 455 298
460 290 456 298
461 290 457 298
463 290 459 298
464 290 460 298
466 290 462 297
467 290 463 298
469 290 465 298
470 290 466 298
472 290 468 298
473 290 470 298
475 290 472 298
476 290 473 299
477 290 475 299
479 290 477 299
480 290 478 299
482 290 480 299
442 291 439 300
444 291 440 300
445 291 442 300
450 291 446 299
453 291 449 299
454 291 450 299
456 291 452 299
457 291 453 299
458 291 455 299
460 291 456 299
461 291 457 299
463 291 459 299
464 291 460 299
466 291 462 299
467 291 463 299
469 291 465 299
470 291 466 299
472 291 468 299
473 291 470 300
475 291 472 300
476 291 473 300
477 291 475 300
479 291 477 300
480 291 478 300
445 293 442 302
447 293 443 301
448 293 445 301
450 293 446 301
453 293 449 301
454 293 450 301
456 293 452 301
457 293 453 301
458 293 455 301
460 293 456 301
461 293 458 301
463 293 459 301
464 293 460 301
466 293 462 301
467 293 463 301
469 293 465 301
470 293 466 301
472 293 468 301
473 293 470 301
475 293 472 301
476 293 473 302
447 294 443 303
448 294 445 303
450 294 447 303
451 294 448 303
453 294 449 302
454 294 451 303
457 294 453 303
458 294 455 303
460 294 456 302
461 294 458 302
463 294 459 302
464 294 461 302
466 294 462 303
467 294 464 302
469 294 465 302
470 294 466 302
472 294 469 303
473 294 470 303
475 294 472 303
476 294 473 303
477 294 475 303
479 294 477 303
450 296 447 304
451 296 448 304
453 296 450 304
454 296 451 304
458 296 455 304
460 296 456 304
461 296 458 304
463 296 459 304
464 296 461 304
466 296 462 304
467 296 464 304
469 296 465 304
470 296 467 304
472 296 469 305
473 296 470 304
475 296 471 304
476 296 473 305
477 296 475 304
479 296 477 304
451 297 448 306
453 297 450 306
456 297 453 306
457 297 454 306
458 297 455 306
460 297 457 306
463 297 459 306
464 297 461 306
466 297 463 306
467 297 464 306
469 297 466 306
470 297 467 306
472 297 469 306
473 297 470 306
475 297 472 306
476 297 473 306
477 297 475 306
479 297 476 306
453 298 450 307
454 298 451 308
456 298 453 308
457 298 454 308
458 298 455 307
460 298 457 307
463 298 460 307
464 298 461 307
466 298 463 307
467 298 464 307
469 298 466 307
470 298 467 307
472 298 469 307
473 298 470 307
475 298 472 308
476 298 473 308
477 298 475 307
479 298 476 307
456 300 453 309
457 300 454 309
458 300 455 309
460 300 457 309
461 300 458 309
464 300 461 309
466 300 463 309
467 300 464 309
469 300 466 309
470 300 467 309
472 300 469 309
473 300 470 309
475 300 472 309
476 300 473 309
477 300 474 309
456 301 453 310
457 301 454 310
458 301 455 310
460 301 457 310
461 301 459 310
464 301 461 310
466 301 463 310
467 301 464 310
469 301 466 310
470 301 467 310
472 301 469 310
473 301 470 310
475 301 472 310
476 301 473 310
477 301 474 310
479 301 476 311
457 303 454 312
458 303 455 312
460 303 457 312
463 303 459 312
464 303 461 312
466 303 462 312
467 303 464 312
469 303 466 312
470 303 467 312
472 303 469 312
473 303 470 312
475 303 472 312
476 303 473 312
477 303 474 312
463 304 459 313
464 304 460 313
466 304 462 313
469 304 466 313
470 304 467 313
472 304 468 313
473 304 470 313
475 304 472 313
476 304 473 313
470 306 467 315
472 306 468 315
473 306 470 315
475 306 472 315
476 306 473 315
482 306 479 316
