442 274 438 281
444 274 439 281
441 275 436 282
437 277 433 284
441 277 436 284
458 277 451 282
437 278 433 285
438 278 434 285
444 278 439 285
457 278 449 284
444 280 439 287
445 280 441 287
440 281 435 289
441 281 437 289
444 281 440 289
445 281 441 288
447 281 442 288
448 281 443 288
457 281 450 287
460 281 453 287
441 282 437 290
442 282 438 290
445 282 441 290
447 282 442 290
448 282 444 290
450 282 445 290
457 282 452 289
461 282 453 288
441 284 437 292
442 284 438 292
444 284 440 292
447 284 443 292
448 284 444 292
450 284 446 292
451 284 447 292
475 284 472 292
476 284 473 292
477 284 475 293
442 285 438 293
445 285 441 293
448 285 444 293
450 285 446 293
451 285 447 293
466 285 461 292
473 285 470 293
475 285 472 293
476 285 473 293
444 287 440 295
445 287 441 295
448 287 444 295
451 287 447 295
453 287 449 295
454 287 450 295
460 287 456 294
461 287 457 294
469 287 464 294
470 287 466 295
472 287 468 294
473 287 470 295
475 287 472 295
476 287 473 295
477 287 475 295
482 287 481 295
447 288 443 296
450 288 446 296
451 288 447 296
453 288 449 296
454 288 450 296
456 288 452 296
463 288 459 296
464 288 460 296
467 288 463 296
469 288 465 296
470 288 466 296
472 288 468 296
473 288 470 296
475 288 472 296
476 288 473 297
477 288 475 297
447 290 443 298
448 290 445 298
451 290 447 298
453 290 449 298
454 290 450 298
456 290 452 298
457 290 453 298
458 290 455 298
460 290 456 298
461 290 457 298
463 290 459 298
464 290 460 298
466 290 462 297
467 290 463 298
469 290 465 298
470 290 466 298
472 290 468 298
473 290 470 298
475 290 472 298
476 290 473 299
477 290 475 299
450 291 446 299
453 291 449 299
454 291 450 299
456 291 452 299
457 291 453 299
458 291 455 299
460 291 456 299
461 291 457 299
463 291 459 299
464 291 460 299
466 291 462 299
467 291 463 299
469 291 465 299
470 291 466 299
472 291 468 299
473 291 470 300
475 291 472 300
476 291 473 300
477 291 475 300
450 293 446 301
456 293 452 301
457 293 453 301
458 293 455 301
460 293 456 301
461 293 458 301
463 293 459 301
464 293 460 301
466 293 462 301
467 293 463 301
469 293 465 301
470 293 466 301
472 293 468 301
473 293 470 301
475 293 472 301
476 293 473 302
450 294 447 303
457 294 453 303
458 294 455 303
460 294 456 302
461 294 458 302
463 294 459 302
464 294 461 302
466 294 462 303
467 294 464 302
469 294 465 302
470 294 466 302
472 294 469 303
473 294 470 303
475 294 472 303
476 294 473 303
477 294 475 303
479 294 477 303
460 296 456 304
463 296 459 304
464 296 461 304
466 296 462 304
467 296 464 304
469 296 465 304
470 296 467 304
472 296 469 305
473 296 470 304
475 296 471 304
476 296 473 305
453 297 450 306
463 297 459 306
464 297 461 306
466 297 463 306
467 297 464 306
469 297 466 306
470 297 467 306
472 297 469 306
473 297 470 306
475 297 472 306
476 297 473 306
453 298 450 307
463 298 460 307
464 298 461 307
466 298 463 307
467 298 464 307
469 298 466 307
470 298 467 307
472 298 469 307
473 298 470 307
475 298 472 308
466 300 463 309
467 300 464 309
469 300 466 309
470 300 467 309
472 300 469 309
473 300 470 309
469 301 466 310
470 301 467 310
472 301 469 310
473 301 470 310
475 303 472 312
476 303 473 312
477 303 474 312
472 304 468 313
473 304 470 313
475 304 472 313
476 304 473 313
470 306 467 315
473 306 470 315
