457 253 461 291
458 253 462 291
451 255 457 293
451 256 458 294
451 258 460 295
451 263 461 302
453 263 463 303
447 265 419 306
450 265 427 306
451 265 428 306
448 266 423 307
450 266 427 308
451 266 428 308
450 268 426 310
451 268 429 310
450 269 426 312
438 277 408 306
440 277 409 306
437 278 407 308
440 278 409 308
441 278 411 307
444 278 414 307
437 280 407 310
438 280 409 310
441 280 411 310
442 280 413 309
445 280 425 327
438 281 409 312
440 281 411 312
442 281 413 312
444 281 415 312
447 281 426 329
437 282 409 314
440 282 411 314
441 282 412 314
444 282 415 314
445 282 416 314
437 284 409 316
438 284 410 316
440 284 412 316
442 284 414 316
444 284 416 316
445 284 416 315
458 284 458 338
438 285 411 318
440 285 412 318
442 285 414 318
444 285 416 318
445 285 432 316
447 285 418 317
473 285 457 309
440 287 412 320
441 287 414 320
445 287 432 318
448 287 419 319
451 287 421 318
453 287 424 319
454 287 425 318
473 287 458 311
476 287 463 313
479 287 473 314
442 288 429 321
444 288 431 320
445 288 432 320
448 288 420 321
450 288 422 321
451 288 423 321
453 288 425 321
467 288 437 320
469 288 439 320
473 288 459 313
476 288 452 323
480 288 475 316
442 290 416 324
444 290 431 323
445 290 433 323
447 290 434 322
450 290 422 323
451 290 423 323
453 290 424 323
454 290 426 323
469 290 439 321
472 290 444 323
475 290 448 324
476 290 451 325
477 290 454 322
479 290 457 326
444 291 418 326
445 291 419 326
448 291 421 326
450 291 423 325
453 291 425 325
454 291 426 324
469 291 439 323
470 291 440 323
473 291 446 325
475 291 449 325
476 291 451 326
477 291 465 317
479 291 457 328
447 293 421 328
450 293 423 327
454 293 426 327
456 293 428 327
457 293 429 326
458 293 431 326
460 293 432 326
463 293 434 326
464 293 436 326
467 293 438 325
469 293 440 325
473 293 459 319
475 293 449 327
476 293 451 328
477 293 455 328
479 293 467 320
480 293 476 323
456 294 428 329
457 294 430 329
460 294 433 328
461 294 434 328
464 294 436 328
466 294 438 328
469 294 440 327
470 294 441 327
472 294 443 327
473 294 447 329
475 294 449 329
476 294 451 329
477 294 454 330
479 294 456 330
450 296 424 331
451 296 426 332
453 296 427 331
454 296 428 331
457 296 430 331
458 296 432 331
461 296 434 330
463 296 435 330
466 296 438 330
467 296 439 330
469 296 441 330
470 296 441 328
472 296 443 329
473 296 447 331
475 296 449 332
476 296 451 331
477 296 454 332
479 296 456 332
451 297 426 334
454 297 428 333
456 297 430 333
457 297 431 333
463 297 436 332
464 297 437 332
466 297 439 332
469 297 441 332
470 297 443 332
472 297 444 333
473 297 446 333
475 297 449 333
476 297 451 333
456 298 430 335
461 298 435 334
464 298 437 334
466 298 439 334
467 298 440 334
470 298 443 334
472 298 445 334
473 298 447 334
457 300 431 336
458 300 433 337
461 300 435 336
463 300 437 336
466 300 439 336
467 300 441 336
469 300 442 336
472 300 445 336
475 300 448 335
476 300 450 336
458 301 433 339
466 301 440 338
469 301 442 337
470 301 444 338
473 301 446 338
475 301 448 337
476 301 452 338
464 303 438 340
469 303 443 340
470 303 444 340
472 303 446 340
476 303 450 340
467 304 442 342
475 304 449 341
470 306 445 345
472 306 448 344
