440 277 409 306
440 278 409 308
441 280 411 310
442 281 413 312
444 281 415 312
441 282 412 314
445 282 416 314
442 284 414 316
444 285 416 318
447 285 418 317
451 287 421 318
453 287 424 319
450 288 422 321
451 288 423 321
453 288 425 321
467 288 437 320
469 288 439 320
476 288 452 323
450 290 422 323
451 290 423 323
453 290 424 323
454 290 426 323
469 290 439 321
472 290 444 323
475 290 448 324
476 290 451 325
477 290 454 322
448 291 421 326
450 291 423 325
453 291 425 325
454 291 426 324
469 291 439 323
470 291 440 323
473 291 446 325
475 291 449 325
476 291 451 326
450 293 423 327
456 293 428 327
457 293 429 326
460 293 432 326
463 293 434 326
464 293 436 326
467 293 438 325
469 293 440 325
475 293 449 327
476 293 451 328
456 294 428 329
457 294 430 329
460 294 433 328
461 294 434 328
464 294 436 328
466 294 438 328
469 294 440 327
470 294 441 327
472 294 443 327
473 294 447 329
475 294 449 329
476 294 451 329
458 296 432 331
461 296 434 330
463 296 435 330
466 296 438 330
467 296 439 330
469 296 441 330
470 296 441 328
472 296 443 329
473 296 447 331
475 296 449 332
463 297 436 332
464 297 437 332
466 297 439 332
469 297 441 332
470 297 443 332
472 297 444 333
473 297 446 333
475 297 449 333
461 298 435 334
464 298 437 334
466 298 439 334
467 298 440 334
470 298 443 334
472 298 445 334
473 298 447 334
466 300 439 336
467 300 441 336
469 300 442 336
472 300 445 336
469 301 442 337
470 301 444 338
473 301 446 338
475 301 448 337
