457 253 453 296
450 258 451 301
454 258 455 300
448 261 451 305
448 266 413 311
450 268 416 314
451 275 458 310
442 278 403 312
444 280 405 314
447 280 433 327
437 281 410 335
441 281 423 333
447 281 417 334
448 281 434 329
437 282 409 337
441 282 417 318
442 282 419 318
444 282 406 318
447 282 417 336
448 282 419 336
450 282 437 331
458 282 460 334
437 284 409 339
442 284 419 319
444 284 421 319
445 284 408 320
448 284 419 338
450 284 421 338
438 285 402 323
442 285 419 322
444 285 421 321
447 285 409 322
448 285 450 327
450 285 421 340
473 285 449 314
475 285 452 314
480 285 466 318
442 287 419 323
444 287 421 323
445 287 422 323
447 287 409 324
450 287 452 329
451 287 412 323
453 287 414 323
461 287 465 323
473 287 450 316
447 288 424 324
448 288 411 326
450 288 413 326
453 288 415 325
454 288 417 325
473 288 451 320
475 288 453 320
480 288 467 321
444 290 421 328
445 290 423 327
447 290 410 329
450 290 413 328
451 290 444 315
453 290 416 328
456 290 419 327
457 290 420 327
464 290 424 326
466 290 426 326
467 290 427 326
469 290 429 326
472 290 449 321
473 290 451 321
475 290 453 322
477 290 445 327
444 291 409 331
445 291 410 331
447 291 425 330
448 291 412 332
450 291 414 330
453 291 416 330
454 291 417 330
464 291 425 328
467 291 428 328
469 291 429 328
470 291 431 328
475 291 453 323
476 291 454 323
482 291 463 329
445 293 410 333
447 293 412 333
450 293 414 333
454 293 417 332
457 293 420 331
458 293 422 331
466 293 427 330
467 293 429 330
470 293 431 330
476 293 442 334
450 294 429 334
456 294 419 334
457 294 437 329
458 294 439 328
463 294 425 333
464 294 427 333
467 294 429 332
469 294 431 332
470 294 432 333
472 294 434 333
475 294 440 335
476 294 443 335
450 296 415 338
451 296 417 338
457 296 421 336
458 296 423 336
461 296 425 336
463 296 426 335
466 296 428 335
467 296 430 335
470 296 432 334
472 296 434 334
475 296 440 337
476 296 443 337
482 296 462 334
451 297 417 340
453 297 419 340
458 297 423 338
460 297 424 338
463 297 426 337
464 297 428 337
467 297 430 337
469 297 432 337
470 297 433 338
472 297 434 336
473 297 436 337
475 297 440 339
457 298 422 340
460 298 424 340
461 298 426 340
463 298 426 339
464 298 428 339
466 298 429 339
470 298 434 339
473 298 437 339
457 300 422 342
458 300 424 342
460 300 425 342
463 300 428 342
466 300 430 342
467 300 431 342
469 300 433 342
472 300 435 341
473 300 437 341
475 300 438 341
476 300 441 341
457 301 422 345
458 301 424 345
460 301 426 345
467 301 431 344
469 301 433 343
473 301 437 343
475 301 439 343
476 301 442 343
469 303 433 346
470 303 435 346
472 303 436 346
476 303 440 345
469 304 432 347
472 306 436 350
473 306 438 350
480 306 444 348
482 306 446 348
