440 278 419 301
441 280 421 303
442 280 422 303
441 281 422 305
442 281 423 305
444 281 424 305
445 281 426 305
444 282 425 307
445 282 426 307
444 284 425 309
445 284 426 309
447 284 428 309
450 284 430 308
451 284 431 308
470 284 451 309
445 285 426 311
447 285 428 310
450 285 430 310
451 285 431 309
473 285 456 311
475 285 459 311
448 287 429 312
450 287 431 312
451 287 432 312
453 287 433 312
454 287 435 312
469 287 449 310
472 287 453 313
473 287 456 313
475 287 459 313
476 287 461 313
448 288 430 314
450 288 431 314
451 288 433 314
453 288 434 314
467 288 447 312
469 288 449 312
472 288 453 314
473 288 456 314
475 288 458 315
476 288 461 315
477 288 463 316
450 290 432 316
451 290 433 316
453 290 434 316
454 290 436 316
457 290 438 315
458 290 440 316
461 290 442 315
466 290 446 314
467 290 447 314
469 290 449 314
472 290 454 316
473 290 456 316
475 290 458 317
476 290 460 317
477 290 463 318
450 291 432 318
453 291 435 318
454 291 436 317
458 291 440 317
460 291 441 317
463 291 444 317
464 291 445 317
466 291 447 317
467 291 448 316
469 291 449 316
470 291 451 316
472 291 454 318
473 291 456 318
475 291 458 318
476 291 460 319
477 291 463 319
456 293 438 319
458 293 440 319
460 293 442 319
464 293 446 319
466 293 447 319
467 293 449 319
469 293 449 318
470 293 451 318
472 293 454 320
473 293 456 320
475 293 458 320
476 293 460 320
477 293 463 321
453 294 435 320
454 294 436 320
456 294 438 321
457 294 440 321
458 294 441 321
461 294 443 321
463 294 445 321
464 294 446 321
467 294 449 321
469 294 451 321
470 294 452 321
472 294 454 321
473 294 456 321
475 294 458 322
476 294 461 322
458 296 441 323
460 296 443 323
463 296 445 323
464 296 446 323
466 296 448 323
469 296 451 323
475 296 459 324
476 296 461 324
460 297 443 325
463 297 445 325
464 297 447 324
466 297 448 324
467 297 450 325
469 297 452 325
470 297 452 324
472 297 454 324
475 297 459 326
476 297 461 326
460 298 443 327
461 298 445 327
463 298 446 327
466 298 449 326
467 298 450 326
469 298 452 327
472 298 454 326
473 298 456 326
475 298 458 326
463 300 446 328
466 300 449 328
467 300 450 328
469 300 452 328
470 300 453 328
472 300 455 328
469 301 452 330
470 301 453 330
