457 253 468 285
458 253 469 285
460 253 471 285
453 258 468 289
453 263 470 296
453 265 470 297
440 278 419 301
441 278 421 301
442 278 422 301
445 278 425 301
451 278 431 304
458 278 462 306
437 280 417 303
440 280 420 303
441 280 421 303
442 280 422 303
444 280 424 303
437 281 417 305
438 281 419 305
441 281 422 305
442 281 423 305
444 281 424 305
445 281 426 305
438 282 419 307
440 282 420 307
441 282 422 307
444 282 425 307
445 282 426 307
447 282 428 307
450 282 430 306
437 284 418 310
438 284 419 309
440 284 421 309
441 284 422 309
444 284 425 309
445 284 426 309
447 284 428 309
450 284 430 308
451 284 431 308
470 284 451 309
438 285 420 312
441 285 423 311
442 285 424 311
445 285 426 311
447 285 428 310
450 285 430 310
451 285 431 309
453 285 433 310
473 285 456 311
475 285 459 311
477 285 463 313
480 285 469 314
482 285 471 314
440 287 422 313
442 287 424 313
444 287 425 313
445 287 427 313
448 287 429 312
450 287 431 312
451 287 432 312
453 287 433 312
454 287 435 312
456 287 437 312
466 287 446 311
469 287 449 310
472 287 453 313
473 287 456 313
475 287 459 313
476 287 461 313
479 287 475 305
482 287 471 316
440 288 422 315
442 288 424 315
444 288 426 314
445 288 427 314
448 288 430 314
450 288 431 314
451 288 433 314
453 288 434 314
457 288 438 313
466 288 446 312
467 288 447 312
469 288 449 312
472 288 453 314
473 288 456 314
475 288 458 315
476 288 461 315
477 288 463 316
441 290 424 317
444 290 426 316
445 290 427 316
447 290 429 316
450 290 432 316
451 290 433 316
453 290 434 316
454 290 436 316
457 290 438 315
458 290 440 316
461 290 442 315
466 290 446 314
467 290 447 314
469 290 449 314
472 290 454 316
473 290 456 316
475 290 458 317
476 290 460 317
477 290 463 318
479 290 465 318
442 291 425 318
444 291 427 318
447 291 430 318
448 291 431 319
450 291 432 318
453 291 435 318
454 291 436 317
457 291 439 317
458 291 440 317
460 291 441 317
463 291 444 317
464 291 445 317
466 291 447 317
467 291 448 316
469 291 449 316
470 291 451 316
472 291 454 318
473 291 456 318
475 291 458 318
476 291 460 319
477 291 463 319
479 291 465 320
480 291 467 320
445 293 428 320
448 293 431 320
450 293 433 320
454 293 436 319
456 293 438 319
458 293 440 319
460 293 442 319
464 293 446 319
466 293 447 319
467 293 449 319
469 293 449 318
470 293 451 318
472 293 454 320
473 293 456 320
475 293 458 320
476 293 460 320
477 293 463 321
479 293 465 321
482 293 468 321
447 294 430 322
450 294 433 322
451 294 434 322
453 294 435 320
454 294 436 320
456 294 438 321
457 294 440 321
458 294 441 321
461 294 443 321
463 294 445 321
464 294 446 321
467 294 449 321
469 294 451 321
470 294 452 321
472 294 454 321
473 294 456 321
475 294 458 322
476 294 461 322
477 294 463 322
479 294 465 323
450 296 434 324
451 296 435 324
454 296 437 324
456 296 438 323
457 296 440 323
458 296 441 323
460 296 443 323
463 296 445 323
464 296 446 323
466 296 448 323
469 296 451 323
475 296 459 324
476 296 461 324
477 296 463 324
479 296 465 324
451 297 435 326
454 297 438 326
456 297 439 325
457 297 440 325
458 297 442 325
460 297 443 325
463 297 445 325
464 297 447 324
466 297 448 324
467 297 450 325
469 297 452 325
470 297 452 324
472 297 454 324
475 297 459 326
476 297 461 326
477 297 463 326
453 298 437 328
456 298 439 327
458 298 442 327
460 298 443 327
461 298 445 327
463 298 446 327
466 298 449 326
467 298 450 326
469 298 452 327
472 298 454 326
473 298 456 326
475 298 458 326
457 300 441 329
458 300 442 329
461 300 445 329
463 300 446 328
466 300 449 328
467 300 450 328
469 300 452 328
470 300 453 328
472 300 455 328
475 300 458 328
476 300 460 328
456 301 440 331
458 301 443 330
460 301 444 330
463 301 446 330
464 301 448 330
466 301 449 330
469 301 452 330
470 301 453 330
475 301 458 330
476 301 460 330
457 303 442 333
463 303 446 332
464 303 448 332
466 303 449 332
469 303 452 332
470 303 454 332
472 303 455 332
473 303 457 332
476 303 460 332
464 304 448 334
466 304 449 334
469 304 452 334
470 304 453 334
472 304 455 334
473 304 457 334
475 304 459 333
476 304 460 333
469 306 451 337
470 306 453 337
472 306 455 336
473 306 457 336
475 306 458 336
477 306 462 337
