457 253 480 282
458 253 482 282
450 259 470 286
437 275 426 289
438 275 428 289
437 277 426 291
438 277 428 291
440 277 429 291
441 277 431 291
437 278 426 293
438 278 428 293
440 278 429 293
441 278 431 293
442 278 432 293
437 280 426 294
438 280 428 294
440 280 429 294
441 280 431 294
442 280 432 294
444 280 434 294
445 280 435 294
460 280 444 291
461 280 446 292
438 281 428 296
440 281 430 296
441 281 431 296
442 281 432 296
444 281 434 296
445 281 435 296
448 281 438 296
437 282 427 298
440 282 430 298
441 282 431 298
442 282 433 298
444 282 434 298
445 282 435 298
447 282 437 298
448 282 438 297
451 282 441 297
464 282 447 294
466 282 449 294
437 284 428 300
438 284 429 300
440 284 430 300
442 284 433 300
444 284 435 300
445 284 436 300
450 284 440 299
451 284 441 299
456 284 444 298
457 284 445 298
458 284 447 298
476 284 469 300
480 284 475 302
438 285 429 301
440 285 430 301
442 285 433 301
444 285 435 301
445 285 436 301
447 285 438 301
448 285 439 301
450 285 440 300
451 285 441 300
453 285 443 300
456 285 446 300
458 285 447 299
467 285 457 301
469 285 459 301
470 285 461 301
472 285 463 301
475 285 467 301
476 285 469 302
479 285 474 303
480 285 475 303
440 287 431 303
441 287 432 303
444 287 435 303
445 287 436 303
447 287 438 303
448 287 439 303
450 287 441 303
451 287 441 302
453 287 443 302
454 287 445 302
456 287 446 302
458 287 449 302
466 287 456 302
467 287 457 302
469 287 459 302
470 287 461 303
472 287 463 303
473 287 465 303
475 287 467 303
476 287 469 304
477 287 471 304
479 287 473 304
480 287 475 305
482 287 477 305
440 288 431 304
441 288 432 304
442 288 434 304
444 288 435 304
447 288 438 304
448 288 439 305
450 288 441 305
451 288 442 304
453 288 444 304
457 288 447 304
458 288 449 304
463 288 452 303
464 288 454 303
466 288 456 304
467 288 457 304
469 288 459 304
470 288 461 304
472 288 463 305
473 288 465 305
475 288 467 305
476 288 469 305
477 288 471 305
479 288 473 305
480 288 475 306
441 290 432 306
442 290 434 306
444 290 436 306
445 290 437 306
448 290 439 306
450 290 441 306
453 290 444 306
454 290 445 306
458 290 449 305
460 290 451 306
461 290 452 305
463 290 454 305
464 290 455 305
467 290 458 306
469 290 459 306
470 290 461 306
472 290 463 306
473 290 465 306
475 290 467 306
476 290 469 307
477 290 471 307
442 291 434 308
444 291 436 308
445 291 437 308
447 291 439 308
450 291 441 308
451 291 442 307
454 291 445 307
456 291 447 307
458 291 449 307
460 291 451 307
461 291 452 307
463 291 454 307
464 291 455 307
466 291 457 307
469 291 460 307
470 291 461 307
472 291 463 308
473 291 465 308
475 291 467 308
476 291 469 308
477 291 471 308
479 291 473 309
482 291 476 308
445 293 437 310
447 293 439 310
448 293 440 310
450 293 442 310
453 293 444 309
454 293 445 309
456 293 447 309
457 293 449 309
460 293 451 309
461 293 452 309
463 293 454 309
464 293 455 309
466 293 457 309
467 293 458 309
470 293 461 309
472 293 464 310
473 293 465 310
475 293 467 310
476 293 469 310
479 293 473 310
482 293 476 310
447 294 439 311
448 294 440 311
450 294 442 311
451 294 443 311
453 294 444 311
454 294 445 310
456 294 447 311
457 294 449 311
458 294 450 311
460 294 452 311
463 294 454 311
464 294 455 310
466 294 457 311
467 294 458 311
469 294 460 310
470 294 461 310
472 294 463 311
473 294 465 311
475 294 467 311
476 294 469 311
477 294 471 311
480 294 474 312
450 296 442 313
451 296 443 313
453 296 445 313
454 296 446 312
456 296 447 313
457 296 449 313
458 296 450 313
460 296 452 313
463 296 454 313
464 296 456 312
466 296 457 313
467 296 459 313
469 296 460 312
470 296 462 313
472 296 463 313
473 296 465 312
475 296 467 313
476 296 469 313
477 296 471 313
479 296 473 313
480 296 474 313
482 296 475 313
451 297 444 315
453 297 445 315
454 297 447 315
456 297 448 314
457 297 449 314
458 297 451 314
460 297 452 314
461 297 453 314
463 297 455 314
466 297 458 314
467 297 459 314
469 297 461 314
470 297 462 314
472 297 464 314
473 297 465 314
475 297 467 315
476 297 469 315
477 297 471 315
479 297 472 314
480 297 473 314
453 298 446 317
454 298 447 317
456 298 449 317
457 298 449 316
458 298 451 316
460 298 452 316
461 298 453 316
463 298 455 316
464 298 456 316
467 298 459 316
469 298 461 316
470 298 462 316
472 298 464 316
473 298 465 316
475 298 467 316
476 298 469 316
456 300 449 318
457 300 450 318
458 300 450 317
460 300 452 318
461 300 454 318
463 300 455 318
464 300 456 317
467 300 459 318
469 300 461 318
470 300 462 318
472 300 464 318
473 300 465 317
475 300 467 317
476 300 469 318
460 301 452 319
461 301 454 319
463 301 455 319
464 301 457 319
466 301 458 319
467 301 460 319
470 301 462 320
472 301 464 319
473 301 465 319
475 301 467 319
476 301 469 319
477 301 470 319
461 303 454 321
463 303 455 321
464 303 456 321
466 303 458 321
467 303 460 321
469 303 461 321
472 303 464 321
473 303 465 321
475 303 467 321
476 303 469 321
463 304 455 322
464 304 457 322
466 304 458 322
467 304 460 323
469 304 462 323
470 304 463 323
472 304 465 323
473 304 466 322
477 304 470 323
482 304 473 324
469 306 460 326
470 306 462 326
473 306 466 326
475 306 468 326
477 306 470 326
