437 282 404 326
438 282 390 325
440 282 386 329
441 282 389 328
442 284 411 327
444 284 413 326
475 284 418 312
442 285 392 332
444 285 394 333
445 285 382 329
447 285 415 326
448 285 416 324
473 285 424 330
482 285 392 322
445 287 382 331
453 287 404 333
464 287 439 341
473 287 425 333
475 287 427 334
448 288 416 330
450 288 385 334
451 288 403 336
453 288 405 335
472 288 421 335
473 288 424 335
475 288 427 336
476 288 428 337
477 288 432 338
453 290 404 339
467 290 398 337
469 290 400 338
472 290 422 338
473 290 424 338
475 290 426 338
479 290 429 321
450 291 399 342
453 291 403 341
454 291 389 339
463 291 412 335
467 291 398 339
469 291 400 339
480 291 435 331
450 293 386 339
453 293 403 343
454 293 389 341
456 293 406 341
458 293 409 341
460 293 411 340
463 293 395 342
467 293 418 337
470 293 401 342
480 293 437 332
450 294 399 346
451 294 387 342
454 294 405 343
456 294 406 344
458 294 409 343
460 294 411 343
464 294 414 342
469 294 400 344
470 294 402 345
450 296 399 348
456 296 406 346
457 296 391 345
458 296 409 345
460 296 411 345
463 296 396 346
470 296 402 347
482 296 441 337
451 297 400 350
454 297 389 346
461 297 394 348
472 297 403 350
473 297 405 350
475 297 408 353
460 298 409 349
461 298 411 350
472 298 402 352
473 298 404 352
475 298 407 355
460 300 410 352
461 300 412 352
469 300 418 348
470 300 401 353
472 300 403 354
472 301 403 356
473 301 404 357
475 301 406 357
470 303 402 358
475 303 437 343
477 306 421 362
