462 291 402 325
461 293 399 328
462 293 401 327
461 294 399 330
462 294 401 330
464 294 404 334
465 294 406 334
438 296 381 329
440 296 383 329
441 296 383 328
449 296 388 330
457 296 396 333
459 296 398 333
464 296 403 335
465 296 405 336
473 296 417 340
445 297 385 332
462 297 400 335
473 297 416 342
445 299 386 334
451 299 391 335
457 299 395 336
459 299 397 336
462 299 399 336
467 299 406 340
475 299 418 344
446 301 387 336
451 301 391 337
462 301 399 338
465 301 403 342
445 302 385 337
464 302 400 338
472 302 412 346
443 304 384 338
445 304 386 339
448 304 388 340
451 304 390 340
457 304 395 342
461 304 398 342
462 304 399 343
470 304 409 347
443 305 384 341
445 305 386 341
448 305 387 342
449 305 389 342
453 305 392 343
454 305 393 343
457 305 395 344
459 305 397 344
462 305 399 345
464 305 401 345
465 305 402 345
467 305 404 346
473 305 413 351
446 307 386 344
451 307 390 344
454 307 393 345
456 307 394 346
459 307 396 346
461 307 398 346
464 307 400 347
465 307 402 347
467 307 403 348
469 307 405 348
473 307 413 352
445 309 385 344
446 309 386 345
448 309 388 346
451 309 390 347
453 309 391 347
456 309 394 348
459 309 396 348
461 309 398 349
464 309 400 348
465 309 401 350
467 309 403 350
469 309 405 351
470 309 408 353
472 309 410 353
446 310 386 347
448 310 388 348
451 310 390 348
453 310 391 349
454 310 393 349
457 310 395 350
461 310 397 351
462 310 399 351
465 310 401 352
467 310 403 352
469 310 404 353
470 310 408 355
472 310 410 355
448 312 388 350
449 312 389 350
453 312 391 351
461 312 397 352
462 312 398 353
464 312 400 353
467 312 402 354
470 312 406 355
472 312 409 358
464 313 400 355
465 313 401 355
469 313 405 358
465 315 401 358
467 315 403 358
