429 288 378 321
435 289 381 323
432 291 379 325
435 291 381 325
437 291 383 325
438 291 384 324
461 291 401 322
430 293 378 328
433 293 381 328
437 293 382 327
438 293 384 327
440 293 385 326
461 293 401 325
477 293 430 336
430 294 378 329
433 294 381 329
435 294 382 329
438 294 384 330
440 294 386 330
441 294 386 328
461 294 402 328
462 294 404 329
429 296 378 332
430 296 379 333
432 296 380 332
435 296 382 332
438 296 385 332
440 296 386 332
441 296 387 332
461 296 402 331
462 296 403 330
464 296 406 331
440 297 386 334
441 297 387 334
461 297 402 332
462 297 403 332
440 299 386 336
441 299 387 336
446 299 391 335
457 299 399 334
459 299 401 334
441 301 387 338
448 301 393 338
459 301 401 336
461 301 402 336
464 301 405 336
465 301 408 338
467 301 410 339
441 302 387 340
443 302 389 340
449 302 394 339
456 302 398 339
461 302 402 339
462 302 404 338
465 302 407 339
467 302 410 340
470 302 415 342
440 304 387 342
441 304 388 342
449 304 394 341
453 304 397 341
454 304 398 341
457 304 400 341
459 304 402 341
461 304 403 341
462 304 404 341
465 304 406 340
469 304 413 344
438 305 386 345
440 305 388 345
441 305 389 345
443 305 390 345
445 305 392 345
448 305 394 344
451 305 396 344
453 305 397 343
456 305 400 344
459 305 402 343
464 305 405 342
467 305 409 343
469 305 412 346
470 305 414 346
438 307 387 347
441 307 389 347
445 307 392 347
448 307 394 346
449 307 395 346
453 307 398 346
456 307 400 346
457 307 401 346
461 307 404 345
462 307 405 345
467 307 409 346
469 307 412 347
441 309 390 349
443 309 391 349
446 309 393 349
449 309 395 349
453 309 398 348
454 309 399 348
456 309 400 349
459 309 403 348
462 309 405 348
464 309 406 348
465 309 408 348
469 309 411 348
448 310 395 352
451 310 397 351
453 310 398 351
456 310 401 351
459 310 402 350
462 310 405 350
464 310 407 350
465 310 408 351
467 310 410 351
469 310 411 350
470 310 414 352
472 310 416 352
449 312 396 354
451 312 397 353
453 312 399 353
457 312 402 353
461 312 404 353
464 312 407 353
465 312 408 353
467 312 410 352
469 312 411 353
470 312 413 353
472 312 418 354
453 313 399 356
454 313 400 355
456 313 402 355
461 313 404 355
462 313 406 355
464 313 407 355
465 313 408 355
467 313 410 355
469 313 411 355
470 313 413 355
472 313 415 355
