435 280 411 320
481 280 433 309
483 280 434 309
485 280 437 310
478 281 420 311
480 281 421 310
477 283 425 310
437 286 382 318
429 288 378 321
435 288 380 320
437 288 382 320
438 288 383 320
469 288 411 317
475 288 421 314
433 289 380 323
435 289 381 323
437 289 382 322
438 289 383 322
441 289 385 322
475 289 421 316
477 289 423 316
432 291 379 325
435 291 381 325
437 291 383 325
438 291 384 324
440 291 385 324
443 291 387 324
445 291 406 323
457 291 397 322
459 291 399 322
461 291 401 322
475 291 421 318
478 291 425 316
483 291 434 317
430 293 378 328
433 293 381 328
437 293 382 327
438 293 384 327
440 293 385 326
445 293 405 325
446 293 408 324
456 293 396 325
459 293 399 325
461 293 401 325
477 293 430 336
430 294 378 329
433 294 381 329
435 294 382 329
438 294 384 330
440 294 386 330
441 294 386 328
445 294 388 328
459 294 400 328
461 294 402 328
462 294 404 329
429 296 378 332
430 296 379 333
432 296 380 332
435 296 382 332
437 296 394 331
438 296 385 332
440 296 386 332
441 296 387 332
445 296 388 330
446 296 390 330
448 296 408 327
451 296 410 325
457 296 399 330
461 296 402 331
462 296 403 330
464 296 406 331
477 296 420 319
430 297 380 335
437 297 393 333
440 297 386 334
441 297 387 334
445 297 389 333
449 297 410 328
451 297 412 327
457 297 399 332
461 297 402 332
462 297 403 332
478 297 422 322
481 297 436 317
429 299 378 334
437 299 395 335
440 299 386 336
441 299 387 336
445 299 390 335
446 299 391 335
451 299 411 332
453 299 412 329
457 299 399 334
459 299 401 334
469 299 430 331
473 299 438 333
478 299 422 323
433 301 383 339
441 301 387 338
443 301 389 338
445 301 390 338
448 301 393 338
449 301 410 333
453 301 412 332
459 301 401 336
461 301 402 336
464 301 405 336
465 301 408 338
467 301 410 339
469 301 430 334
470 301 432 334
475 301 415 323
433 302 383 341
441 302 387 340
443 302 389 340
445 302 391 340
448 302 408 337
449 302 394 339
451 302 411 335
453 302 412 334
456 302 398 339
457 302 417 332
461 302 402 339
462 302 404 338
465 302 407 339
467 302 410 340
470 302 415 342
440 304 387 342
441 304 388 342
445 304 391 342
446 304 392 342
449 304 394 341
453 304 397 341
454 304 398 341
456 304 416 334
457 304 400 341
459 304 402 341
461 304 403 341
462 304 404 341
465 304 406 340
469 304 413 344
438 305 386 345
440 305 388 345
441 305 389 345
443 305 390 345
445 305 392 345
448 305 394 344
451 305 396 344
453 305 397 343
456 305 400 344
459 305 402 343
464 305 405 342
467 305 409 343
469 305 412 346
470 305 414 346
437 307 385 347
438 307 387 347
441 307 389 347
445 307 392 347
448 307 394 346
449 307 395 346
453 307 398 346
456 307 400 346
457 307 401 346
461 307 404 345
462 307 405 345
467 307 409 346
469 307 412 347
438 309 387 349
441 309 390 349
443 309 391 349
446 309 393 349
449 309 395 349
453 309 398 348
454 309 399 348
456 309 400 349
459 309 403 348
462 309 405 348
464 309 406 348
465 309 408 348
469 309 411 348
470 309 430 341
438 310 387 353
440 310 388 353
443 310 391 352
445 310 392 352
448 310 395 352
451 310 397 351
453 310 398 351
456 310 401 351
457 310 418 345
459 310 402 350
462 310 405 350
464 310 407 350
465 310 408 351
467 310 410 351
469 310 411 350
470 310 414 352
472 310 416 352
441 312 390 355
443 312 391 354
445 312 393 354
448 312 395 354
449 312 396 354
451 312 397 353
453 312 399 353
454 312 400 353
457 312 402 353
461 312 404 353
464 312 407 353
465 312 408 353
467 312 410 352
469 312 411 353
470 312 413 353
472 312 418 354
445 313 392 356
446 313 394 356
449 313 396 356
453 313 399 356
454 313 400 355
456 313 402 355
461 313 404 355
462 313 406 355
464 313 407 355
465 313 408 355
467 313 410 355
469 313 411 355
470 313 413 355
472 313 415 355
445 315 393 360
446 315 395 360
449 315 395 358
453 315 399 358
461 315 405 360
467 315 410 357
469 315 411 357
469 317 411 359
454 318 398 361
469 318 411 360
473 318 419 360
475 318 421 360
481 318 443 347
