470 289 414 333
472 289 416 333
473 289 418 336
475 289 420 336
461 291 400 327
462 291 402 327
473 291 417 337
475 291 419 338
459 293 397 330
461 293 399 329
462 293 401 329
464 293 404 333
467 293 410 333
473 293 417 339
475 293 419 340
478 293 422 341
461 294 398 333
462 294 401 334
464 294 403 335
465 294 405 335
467 294 407 336
469 294 409 337
470 294 411 338
454 296 393 331
456 296 394 332
457 296 395 333
462 296 400 336
464 296 402 337
465 296 405 337
467 296 407 338
469 296 408 339
470 296 410 340
472 296 412 340
473 296 415 341
453 297 391 334
456 297 393 335
461 297 398 335
464 297 401 338
467 297 406 340
469 297 407 340
472 297 412 342
473 297 414 343
475 297 416 343
440 299 381 330
445 299 384 332
446 299 386 333
448 299 387 333
457 299 395 337
461 299 397 337
462 299 399 338
467 299 404 342
469 299 407 342
473 299 413 344
475 299 416 345
477 299 417 346
440 301 380 332
441 301 382 333
443 301 383 333
448 301 387 335
449 301 388 336
453 301 391 337
457 301 394 338
459 301 396 339
462 301 398 339
464 301 400 340
465 301 402 343
467 301 404 344
469 301 406 344
470 301 408 344
472 301 410 346
473 301 412 346
443 302 383 335
449 302 388 337
451 302 390 338
454 302 391 339
457 302 394 340
459 302 395 340
462 302 398 341
464 302 399 341
465 302 402 345
469 302 406 346
470 302 407 346
472 302 409 347
440 304 379 335
441 304 381 337
445 304 384 337
451 304 389 340
454 304 391 340
456 304 393 342
459 304 395 343
461 304 396 343
464 304 399 343
465 304 401 344
469 304 405 348
470 304 407 348
472 304 409 349
445 305 383 339
448 305 386 340
449 305 387 341
451 305 388 341
454 305 391 343
456 305 392 343
459 305 395 344
461 305 396 344
462 305 397 345
465 305 400 346
467 305 401 346
469 305 404 347
470 305 406 350
472 305 408 350
443 307 381 340
446 307 384 342
449 307 386 342
451 307 388 343
454 307 390 344
456 307 392 344
457 307 393 346
461 307 396 346
462 307 397 347
464 307 398 347
465 307 400 348
469 307 403 349
473 307 410 352
445 309 382 342
448 309 385 345
451 309 388 345
453 309 389 345
456 309 391 346
457 309 393 347
459 309 394 348
462 309 397 349
464 309 398 349
465 309 400 350
467 309 401 351
469 309 403 351
470 309 405 352
472 309 407 354
473 309 409 354
453 310 389 348
454 310 390 348
457 310 392 349
459 310 394 349
462 310 396 350
464 310 398 351
465 310 399 352
467 310 400 353
469 310 402 354
470 310 404 354
472 310 407 355
473 310 408 356
464 312 397 353
465 312 399 354
467 312 400 354
469 312 402 355
470 312 403 357
472 312 406 357
469 313 401 357
