477 280 417 314
481 280 428 314
483 280 430 314
485 280 432 315
469 285 406 322
481 285 427 318
485 286 430 320
440 288 383 325
478 288 423 336
432 289 390 324
441 289 384 326
445 289 388 328
446 289 390 328
470 289 413 334
472 289 415 334
473 289 416 335
477 289 419 324
432 291 390 326
449 291 387 327
459 291 399 328
461 291 400 328
462 291 402 328
486 291 434 325
449 293 387 329
454 293 393 327
457 293 396 329
459 293 398 330
461 293 399 330
462 293 401 330
473 293 415 338
475 293 417 339
429 294 381 328
453 294 391 331
456 294 395 332
461 294 398 333
472 294 412 339
473 294 414 340
475 294 416 341
477 294 417 324
478 294 419 325
486 294 432 330
437 296 424 339
454 296 392 333
456 296 394 334
457 296 395 334
464 296 402 337
465 296 404 338
467 296 406 339
472 296 411 341
473 296 413 341
475 296 415 342
477 296 416 327
478 296 418 327
480 296 422 326
429 297 381 330
448 297 405 335
456 297 393 336
457 297 395 336
461 297 397 336
469 297 420 333
470 297 422 334
473 297 412 343
475 297 413 328
477 297 415 329
478 297 417 328
449 299 388 333
461 299 397 338
465 299 401 343
467 299 418 334
469 299 420 335
470 299 422 336
473 299 426 337
475 299 431 337
477 299 414 330
448 301 403 340
449 301 388 335
462 301 398 340
464 301 399 340
467 301 418 337
473 301 410 346
449 302 387 337
462 302 397 341
464 302 399 342
465 302 400 342
470 302 406 346
449 304 386 338
451 304 403 343
453 304 405 343
456 304 408 341
459 304 411 341
462 304 396 343
467 304 401 344
475 304 426 341
435 305 387 342
437 305 389 343
445 305 382 336
453 305 405 344
454 305 407 345
457 305 409 344
464 305 398 345
465 305 399 346
467 305 401 346
469 305 403 347
475 305 410 352
477 305 412 352
437 307 388 345
453 307 405 346
459 307 393 346
461 307 395 346
464 307 397 347
465 307 398 347
467 307 400 348
470 307 404 351
473 307 422 343
475 307 424 344
477 307 426 345
437 309 389 347
453 309 404 347
456 309 405 347
457 309 407 348
459 309 393 347
461 309 394 348
462 309 395 348
465 309 398 350
467 309 400 351
469 309 401 351
470 309 403 352
472 309 405 353
473 309 422 345
446 310 395 351
456 310 405 350
459 310 392 349
461 310 393 349
462 310 395 350
465 310 398 353
469 310 400 353
470 310 402 354
473 310 421 347
456 312 405 352
457 312 407 352
459 312 408 351
465 312 414 348
465 313 414 350
472 315 431 341
472 317 431 343
475 318 416 354
481 318 428 348
