445 270 440 283
449 270 446 282
441 280 439 283
449 280 446 283
472 280 472 281
473 280 473 281
475 280 473 283
477 280 476 283
478 280 477 282
480 280 479 282
481 280 480 281
483 280 482 281
430 281 428 283
432 281 430 283
433 281 432 283
441 281 438 284
443 281 440 284
445 281 442 285
448 281 445 283
470 281 469 285
472 281 471 284
473 281 472 284
475 281 474 284
477 281 476 284
478 281 477 284
480 281 479 284
481 281 480 283
483 281 482 283
485 281 483 283
430 283 428 286
432 283 430 286
435 283 433 286
441 283 439 286
448 283 445 285
449 283 446 285
470 283 469 286
472 283 470 286
473 283 472 286
475 283 474 286
477 283 475 286
478 283 477 286
480 283 479 286
481 283 480 285
483 283 482 286
485 283 484 286
486 283 485 284
429 285 427 287
430 285 428 287
433 285 431 287
435 285 433 287
437 285 434 287
440 285 438 287
443 285 440 287
445 285 441 286
446 285 443 286
448 285 445 287
449 285 446 287
469 285 468 288
470 285 469 288
472 285 470 288
473 285 472 287
475 285 474 287
477 285 476 288
478 285 477 288
480 285 479 287
481 285 480 287
483 285 482 288
485 285 484 288
429 286 427 289
430 286 428 289
433 286 431 289
435 286 433 289
443 286 441 288
446 286 443 288
448 286 445 288
449 286 446 288
469 286 467 289
470 286 469 289
472 286 470 289
473 286 472 289
475 286 474 289
477 286 476 289
478 286 477 289
480 286 479 289
481 286 480 289
483 286 482 289
485 286 484 289
486 286 485 288
429 288 427 291
430 288 428 291
432 288 430 291
433 288 431 291
435 288 433 291
437 288 435 291
438 288 436 291
446 288 443 289
448 288 445 290
449 288 446 290
451 288 448 290
453 288 450 290
470 288 469 291
472 288 471 290
473 288 472 291
475 288 474 291
477 288 476 291
478 288 477 291
480 288 479 291
481 288 480 291
483 288 482 291
486 288 485 290
429 289 427 292
430 289 428 292
432 289 430 292
433 289 431 292
435 289 433 292
437 289 435 292
438 289 436 292
445 289 443 291
448 289 445 291
449 289 447 291
451 289 448 291
453 289 450 291
469 289 468 291
470 289 468 292
472 289 471 292
473 289 472 292
475 289 474 292
477 289 476 292
478 289 477 292
480 289 479 292
481 289 480 292
483 289 482 292
485 289 484 292
429 291 427 294
430 291 428 294
432 291 430 294
433 291 431 294
435 291 433 294
437 291 435 294
438 291 436 294
440 291 438 294
441 291 439 293
443 291 441 293
445 291 443 293
448 291 446 293
449 291 447 293
453 291 450 293
456 291 453 293
459 291 457 293
461 291 459 293
462 291 460 293
464 291 462 293
465 291 464 293
467 291 466 293
469 291 468 293
470 291 468 294
472 291 471 294
473 291 472 294
475 291 474 294
477 291 476 294
478 291 477 294
480 291 479 294
481 291 480 294
483 291 482 294
486 291 485 294
429 293 427 296
430 293 428 296
432 293 430 295
433 293 431 295
435 293 433 296
437 293 435 296
438 293 436 295
440 293 438 296
441 293 439 295
443 293 441 295
445 293 443 295
446 293 444 295
448 293 446 295
451 293 449 295
453 293 451 295
454 293 452 295
456 293 454 295
459 293 457 295
461 293 459 295
462 293 460 295
464 293 462 295
465 293 464 295
467 293 466 294
469 293 467 296
470 293 468 296
472 293 471 296
473 293 473 296
475 293 474 296
477 293 476 296
478 293 477 296
480 293 479 296
481 293 480 296
483 293 482 296
432 294 430 297
433 294 432 297
435 294 433 297
437 294 435 297
438 294 436 297
440 294 438 297
441 294 439 296
443 294 441 296
445 294 443 296
446 294 444 296
449 294 447 296
451 294 449 296
453 294 451 296
454 294 452 297
456 294 454 297
461 294 459 296
462 294 460 296
464 294 462 296
465 294 464 296
467 294 466 296
469 294 467 297
470 294 468 297
472 294 471 297
473 294 472 297
475 294 474 297
477 294 476 297
478 294 477 297
480 294 479 297
481 294 480 297
483 294 482 298
485 294 484 298
429 296 427 298
430 296 429 299
432 296 430 299
433 296 432 299
435 296 433 299
437 296 435 299
438 296 436 299
440 296 438 299
441 296 439 298
443 296 441 299
445 296 443 298
446 296 444 298
448 296 446 299
449 296 448 299
451 296 449 299
453 296 451 299
454 296 452 299
456 296 454 299
457 296 456 299
459 296 457 299
461 296 459 299
462 296 460 299
464 296 462 298
465 296 463 299
467 296 466 298
469 296 467 299
470 296 469 299
472 296 471 299
473 296 472 299
475 296 474 299
477 296 476 299
478 296 477 299
480 296 479 299
481 296 480 299
483 296 482 299
485 296 484 299
429 297 427 300
430 297 429 300
432 297 430 300
433 297 432 300
435 297 433 300
437 297 435 300
438 297 436 300
440 297 438 300
441 297 440 300
443 297 441 300
445 297 443 300
446 297 444 300
451 297 449 300
453 297 451 300
454 297 452 300
456 297 454 300
457 297 456 300
459 297 457 300
461 297 459 300
462 297 461 301
464 297 462 300
467 297 465 300
469 297 467 300
470 297 469 300
472 297 471 300
473 297 472 300
475 297 474 300
477 297 476 300
478 297 477 300
480 297 479 300
481 297 480 301
483 297 482 301
485 297 485 298
486 297 486 298
429 299 427 302
430 299 428 302
432 299 430 302
433 299 432 302
435 299 433 302
437 299 435 302
438 299 436 302
440 299 438 302
441 299 439 302
443 299 441 302
445 299 443 302
446 299 445 302
448 299 446 302
449 299 448 302
451 299 449 302
453 299 451 302
454 299 453 302
456 299 454 302
457 299 456 302
459 299 457 302
461 299 459 302
462 299 460 302
464 299 462 301
465 299 464 301
467 299 465 302
469 299 467 302
470 299 469 302
472 299 471 302
473 299 472 302
475 299 474 302
477 299 476 302
480 299 479 302
481 299 480 302
485 299 485 299
486 299 486 299
432 301 430 304
433 301 432 304
435 301 433 304
437 301 435 304
438 301 436 304
440 301 438 304
441 301 440 304
443 301 441 304
445 301 443 304
446 301 445 304
448 301 446 304
449 301 448 304
451 301 449 304
453 301 451 304
457 301 456 304
459 301 457 303
461 301 459 304
464 301 462 303
465 301 464 303
467 301 465 303
470 301 469 304
472 301 470 304
473 301 472 304
475 301 474 304
477 301 476 304
478 301 477 304
483 301 483 301
485 301 485 301
432 302 430 306
433 302 432 305
435 302 434 305
437 302 435 305
438 302 436 305
440 302 438 305
441 302 440 305
443 302 442 305
445 302 443 305
446 302 444 305
448 302 446 305
449 302 448 305
451 302 449 305
454 302 453 305
456 302 454 305
462 302 460 304
464 302 462 304
465 302 464 306
467 302 466 306
469 302 467 304
470 302 469 305
472 302 470 305
473 302 472 305
475 302 474 305
477 302 476 305
478 302 478 304
481 302 482 303
483 302 484 303
485 302 485 302
435 304 434 307
437 304 435 307
438 304 436 307
440 304 438 307
441 304 440 307
443 304 441 307
445 304 443 307
446 304 445 307
448 304 446 307
449 304 448 307
451 304 449 307
453 304 451 307
454 304 453 307
456 304 454 307
457 304 456 307
459 304 457 306
461 304 459 306
462 304 460 306
464 304 462 307
465 304 464 307
469 304 467 307
470 304 469 307
472 304 471 307
473 304 472 307
475 304 474 307
480 304 480 305
481 304 482 304
483 304 483 304
435 305 434 308
437 305 435 308
438 305 437 308
440 305 438 308
441 305 440 308
443 305 442 308
445 305 443 308
446 305 445 309
448 305 446 309
449 305 448 308
451 305 449 308
453 305 451 308
454 305 453 308
456 305 454 308
457 305 456 308
459 305 458 308
461 305 459 308
462 305 460 308
464 305 463 309
465 305 464 309
467 305 465 308
469 305 467 309
472 305 471 308
473 305 472 308
475 305 474 308
478 305 478 306
480 305 480 306
481 305 482 305
483 305 483 305
437 307 435 310
438 307 437 310
440 307 438 310
441 307 440 310
443 307 442 310
445 307 443 310
446 307 445 310
448 307 446 310
449 307 448 310
451 307 449 310
453 307 451 310
454 307 453 310
456 307 454 310
457 307 456 310
459 307 457 310
461 307 459 310
462 307 461 310
464 307 462 310
465 307 464 311
467 307 465 310
469 307 467 311
470 307 469 310
472 307 471 310
473 307 472 310
475 307 474 310
477 307 475 310
478 307 478 307
480 307 480 307
483 307 483 307
437 309 435 311
438 309 437 312
440 309 438 312
441 309 440 312
443 309 442 312
445 309 443 312
446 309 445 312
448 309 446 312
449 309 448 312
451 309 450 312
453 309 451 312
454 309 453 312
456 309 454 312
457 309 456 312
459 309 457 312
461 309 459 312
462 309 460 312
464 309 462 312
465 309 464 312
467 309 466 312
469 309 467 312
470 309 469 312
472 309 471 312
473 309 472 312
475 309 474 312
477 309 477 309
478 309 478 309
480 309 480 309
481 309 481 309
483 309 483 309
438 310 436 313
440 310 438 313
441 310 440 313
443 310 442 313
445 310 443 313
446 310 445 313
448 310 447 313
449 310 448 313
451 310 450 313
453 310 451 313
454 310 453 313
456 310 454 313
457 310 456 313
459 310 457 313
461 310 459 313
462 310 460 313
464 310 462 313
465 310 464 313
467 310 466 313
469 310 467 313
470 310 469 313
472 310 471 313
473 310 472 313
475 310 473 314
477 310 477 310
480 310 480 310
481 310 481 310
483 310 483 310
441 312 440 315
443 312 442 315
445 312 443 315
446 312 445 315
448 312 447 315
449 312 448 315
451 312 450 315
453 312 452 315
454 312 453 315
456 312 454 315
457 312 456 315
459 312 457 315
461 312 459 315
462 312 460 315
464 312 462 315
465 312 464 315
467 312 466 315
469 312 467 315
470 312 469 315
472 312 470 315
473 312 472 315
477 312 477 312
478 312 478 312
480 312 480 312
481 312 481 312
483 312 483 312
443 313 442 316
445 313 443 316
446 313 445 316
448 313 446 316
449 313 448 316
451 313 449 317
459 313 456 316
461 313 459 316
462 313 460 316
464 313 462 316
465 313 464 316
467 313 465 317
469 313 467 316
470 313 468 316
472 313 470 316
473 313 472 317
475 313 474 317
477 313 477 313
478 313 478 314
480 313 480 313
481 313 481 313
483 313 483 313
446 315 445 318
449 315 448 318
451 315 449 318
453 315 451 318
454 315 453 318
459 315 456 318
461 315 458 318
464 315 462 318
465 315 464 318
467 315 466 318
469 315 467 318
470 315 469 318
472 315 470 318
473 315 472 319
477 315 477 315
478 315 478 315
480 315 480 315
481 315 481 315
451 317 449 320
453 317 451 320
454 317 453 320
456 317 454 320
457 317 456 320
459 317 457 320
461 317 459 320
462 317 461 320
464 317 462 320
465 317 464 320
467 317 466 320
469 317 467 320
470 317 469 320
472 317 471 320
473 317 472 320
475 317 474 320
477 317 475 320
480 317 480 317
457 318 460 321
459 318 462 321
465 318 464 322
467 318 465 322
469 318 467 322
470 318 469 322
472 318 471 322
475 318 474 322
478 318 477 322
480 318 479 322
481 318 481 320
483 318 483 319
