437 289 381 321
475 289 425 334
432 291 379 324
433 291 379 323
437 291 381 323
438 291 382 323
461 291 400 324
462 291 402 324
435 293 380 326
438 293 382 326
461 293 400 326
462 293 402 326
477 293 427 338
433 294 379 328
438 294 382 328
440 294 384 328
461 294 399 329
433 296 379 330
437 296 382 330
440 296 384 330
441 296 385 330
445 296 387 331
453 296 391 329
459 296 399 331
461 296 400 332
462 296 402 333
440 297 384 333
441 297 385 332
445 297 387 332
459 297 398 333
461 297 400 334
462 297 402 334
475 297 422 341
438 299 380 334
445 299 388 335
457 299 398 336
461 299 400 336
462 299 402 337
464 299 403 337
473 299 419 342
475 299 421 342
440 301 384 337
441 301 385 337
451 301 393 337
456 301 395 337
457 301 398 338
459 301 399 338
462 301 401 339
464 301 403 339
473 301 419 345
475 301 421 345
433 302 381 339
457 302 397 340
459 302 399 340
438 304 383 341
440 304 385 341
443 304 387 341
445 304 389 341
459 304 399 342
461 304 401 342
462 304 402 343
465 304 404 342
437 305 382 343
438 305 384 343
441 305 386 343
445 305 389 343
446 305 390 344
449 305 391 343
457 305 398 345
459 305 399 344
462 305 402 345
464 305 403 344
465 305 404 344
467 305 407 346
469 305 409 346
438 307 384 345
440 307 386 345
443 307 388 346
446 307 390 346
448 307 391 346
457 307 398 346
459 307 400 346
461 307 401 346
464 307 403 346
465 307 405 347
467 307 407 348
469 307 408 348
443 309 388 348
445 309 389 348
448 309 391 348
451 309 393 348
459 309 400 349
461 309 401 349
464 309 403 349
465 309 405 349
467 309 406 350
469 309 408 350
470 309 410 351
443 310 387 350
445 310 389 350
446 310 390 350
449 310 392 350
453 310 395 350
454 310 397 350
461 310 401 351
462 310 402 351
467 310 406 352
469 310 408 352
470 310 410 352
441 312 387 352
443 312 388 352
448 312 392 353
451 312 394 353
459 312 400 353
462 312 402 353
464 312 404 354
467 312 406 354
469 312 408 354
470 312 409 354
454 313 396 355
464 313 403 355
465 313 405 355
