445 269 429 298
446 269 430 298
440 272 421 299
433 273 417 301
437 273 420 300
475 280 458 285
478 280 469 296
480 280 471 296
481 280 467 286
485 280 469 286
470 281 455 289
475 281 465 297
477 281 468 297
478 281 469 298
480 281 471 297
469 283 453 292
472 283 461 298
473 283 463 299
475 283 465 299
477 283 467 299
478 283 469 299
480 283 472 299
481 283 473 300
469 285 453 293
472 285 461 300
473 285 463 301
475 285 465 300
477 285 467 301
478 285 469 301
480 285 472 301
481 285 473 301
469 286 453 295
472 286 462 301
475 286 465 302
477 286 467 302
478 286 469 303
480 286 472 303
481 286 473 303
483 286 476 303
432 288 418 302
433 288 419 302
435 288 421 302
451 288 435 300
470 288 458 303
472 288 462 303
473 288 463 303
475 288 465 304
477 288 467 304
478 288 470 305
480 288 472 305
481 288 473 305
483 288 476 305
430 289 417 303
432 289 418 304
433 289 420 303
435 289 422 303
437 289 423 303
438 289 424 303
441 289 427 303
453 289 437 302
470 289 459 304
472 289 461 304
473 289 463 306
475 289 465 306
477 289 467 306
478 289 469 306
480 289 472 306
481 289 474 306
483 289 476 307
485 289 478 307
486 289 479 308
429 291 416 305
432 291 419 305
433 291 420 305
435 291 422 305
437 291 423 305
438 291 424 305
440 291 426 305
441 291 427 304
456 291 439 302
457 291 442 302
462 291 448 303
464 291 450 304
465 291 454 303
470 291 458 307
472 291 461 306
473 291 463 307
475 291 465 307
477 291 467 307
478 291 469 308
480 291 472 308
481 291 474 308
483 291 476 308
485 291 477 309
429 293 416 307
432 293 419 307
433 293 420 307
435 293 422 307
437 293 423 307
438 293 424 307
440 293 426 307
443 293 428 306
445 293 430 306
446 293 432 306
449 293 433 305
451 293 435 305
453 293 437 306
454 293 439 306
456 293 441 306
457 293 443 306
459 293 444 306
461 293 446 306
462 293 448 306
464 293 450 307
465 293 452 307
469 293 456 308
470 293 458 308
472 293 460 308
473 293 462 308
475 293 465 309
477 293 467 309
478 293 469 310
480 293 472 310
481 293 473 310
483 293 476 310
429 294 416 309
430 294 417 309
433 294 420 309
435 294 422 309
437 294 423 309
438 294 425 309
440 294 427 309
441 294 428 309
443 294 429 308
445 294 430 308
446 294 432 308
451 294 435 307
453 294 437 308
454 294 439 308
456 294 441 308
457 294 443 308
459 294 444 307
461 294 446 307
462 294 448 308
464 294 450 308
465 294 453 308
467 294 455 308
469 294 456 309
470 294 458 310
472 294 461 310
473 294 462 310
475 294 465 311
477 294 467 311
478 294 469 311
480 294 472 311
481 294 473 312
483 294 475 311
486 294 478 313
429 296 416 311
430 296 417 311
432 296 419 311
435 296 422 311
437 296 424 311
438 296 425 311
440 296 427 311
441 296 428 311
445 296 431 310
446 296 432 310
448 296 434 310
451 296 435 309
453 296 437 309
454 296 440 310
457 296 443 309
459 296 444 309
461 296 446 309
462 296 448 309
465 296 453 309
467 296 454 311
469 296 456 311
470 296 458 311
472 296 460 311
473 296 462 312
477 296 467 313
478 296 469 313
480 296 472 313
483 296 475 313
485 296 477 313
429 297 416 313
430 297 418 313
432 297 419 313
433 297 421 313
437 297 424 312
438 297 425 312
440 297 427 312
441 297 428 312
443 297 430 313
445 297 432 312
446 297 433 312
453 297 439 313
454 297 440 312
457 297 443 311
459 297 444 311
461 297 446 311
462 297 448 311
464 297 450 312
465 297 452 312
467 297 454 312
469 297 456 312
470 297 458 312
472 297 460 313
473 297 462 313
475 297 464 313
480 297 471 315
481 297 474 313
485 297 477 315
486 297 478 315
429 299 416 317
430 299 418 314
432 299 419 314
433 299 421 314
435 299 423 314
438 299 425 314
440 299 427 314
441 299 429 314
443 299 430 314
445 299 432 314
446 299 433 314
449 299 437 314
453 299 439 314
454 299 440 313
456 299 442 313
457 299 444 313
461 299 446 313
464 299 450 314
465 299 452 314
467 299 454 314
469 299 456 314
470 299 458 314
472 299 460 315
473 299 462 315
475 299 464 315
477 299 467 315
480 299 470 316
481 299 473 315
485 299 477 317
432 301 419 317
433 301 421 316
435 301 423 316
438 301 425 316
440 301 427 316
441 301 429 316
443 301 430 316
445 301 432 316
446 301 433 316
448 301 435 316
449 301 437 316
453 301 439 316
454 301 441 316
456 301 442 315
457 301 444 315
459 301 445 315
465 301 452 316
467 301 454 316
469 301 456 316
470 301 458 316
472 301 460 317
473 301 462 317
475 301 464 317
477 301 467 317
432 302 419 319
433 302 421 318
435 302 423 318
437 302 425 318
440 302 427 318
441 302 429 318
443 302 431 318
445 302 432 318
446 302 433 318
448 302 435 318
449 302 436 317
451 302 438 317
454 302 441 317
456 302 442 317
457 302 444 317
459 302 445 317
461 302 447 317
462 302 448 317
464 302 451 318
465 302 452 318
467 302 454 317
469 302 456 318
470 302 458 318
472 302 460 318
473 302 462 318
475 302 464 319
477 302 467 319
478 302 468 319
432 304 420 320
433 304 421 320
435 304 423 320
437 304 425 320
438 304 426 320
440 304 428 320
441 304 429 320
445 304 432 320
446 304 434 320
448 304 435 319
449 304 436 319
451 304 438 319
453 304 440 319
456 304 443 319
457 304 444 319
459 304 446 319
461 304 447 319
462 304 449 319
464 304 451 319
465 304 452 320
467 304 454 320
469 304 456 320
470 304 458 320
472 304 460 320
473 304 462 320
475 304 464 321
478 304 469 320
433 305 421 322
435 305 423 322
437 305 425 322
438 305 426 322
440 305 428 322
441 305 429 322
443 305 431 322
446 305 434 322
448 305 435 321
449 305 437 321
451 305 438 321
453 305 440 321
454 305 442 321
457 305 444 321
459 305 446 321
461 305 448 321
462 305 449 321
464 305 451 321
465 305 452 322
467 305 455 322
469 305 456 322
470 305 458 322
472 305 460 322
473 305 462 322
475 305 464 322
435 307 423 324
438 307 427 324
440 307 428 324
441 307 429 323
443 307 431 323
445 307 433 323
448 307 435 323
449 307 437 323
451 307 438 323
453 307 440 323
454 307 442 323
457 307 444 323
459 307 446 323
461 307 448 323
462 307 449 323
464 307 451 323
465 307 453 323
467 307 455 323
469 307 456 323
470 307 458 323
472 307 460 324
473 307 462 324
475 307 464 324
478 307 469 324
438 309 427 325
440 309 428 325
441 309 430 325
443 309 431 325
445 309 433 325
448 309 436 325
449 309 437 325
451 309 439 325
453 309 440 325
454 309 442 325
456 309 443 325
457 309 445 325
461 309 448 324
462 309 449 325
464 309 451 324
465 309 453 325
467 309 454 325
469 309 456 325
470 309 458 325
472 309 460 325
473 309 462 325
477 309 467 326
478 309 469 326
440 310 428 328
441 310 430 327
443 310 431 327
445 310 433 327
446 310 434 327
449 310 437 327
451 310 439 327
453 310 440 327
454 310 442 326
456 310 444 327
457 310 445 327
461 310 448 327
462 310 449 326
464 310 451 326
465 310 453 327
469 310 456 326
470 310 458 327
472 310 460 327
473 310 462 327
477 310 467 327
440 312 426 329
441 312 430 330
443 312 431 329
445 312 433 329
446 312 435 329
449 312 437 329
451 312 439 329
453 312 441 329
454 312 442 329
456 312 444 329
457 312 445 329
459 312 447 329
462 312 450 328
464 312 451 328
465 312 453 329
467 312 455 328
469 312 456 328
470 312 458 328
472 312 460 328
441 313 430 332
443 313 432 331
445 313 434 331
446 313 435 331
449 313 437 330
451 313 439 331
454 313 442 330
456 313 444 330
457 313 445 330
459 313 447 330
462 313 450 330
464 313 451 330
465 313 453 330
467 313 455 330
469 313 456 330
470 313 458 330
472 313 460 330
445 315 434 333
451 315 439 332
453 315 440 332
456 315 444 332
457 315 445 332
461 315 448 332
465 315 453 332
467 315 455 332
469 315 457 332
470 315 458 332
472 315 460 332
473 315 461 332
475 315 463 333
451 317 438 334
453 317 440 335
454 317 442 334
456 317 444 334
457 317 446 334
459 317 447 334
462 317 451 334
465 317 453 334
467 317 455 334
469 317 456 334
475 317 463 334
477 317 464 334
454 318 443 336
456 318 445 336
457 318 447 336
459 318 449 336
462 318 452 336
467 318 454 336
469 318 456 336
470 318 458 336
472 318 460 336
475 318 463 336
477 318 465 336
478 318 466 336
481 318 470 336
