433 273 400 311
475 280 435 297
483 280 453 297
485 280 455 298
478 281 441 301
480 281 457 311
477 283 445 299
478 283 454 313
480 283 457 312
481 283 459 312
469 285 431 305
478 285 454 314
480 285 457 314
481 285 459 314
437 286 403 310
480 286 458 317
481 286 459 317
435 288 402 312
437 288 404 312
438 288 405 312
469 288 433 308
473 288 447 316
475 288 449 317
478 288 446 304
480 288 457 319
481 288 459 319
433 289 401 314
437 289 404 314
438 289 405 314
441 289 407 313
446 289 409 310
448 289 460 309
449 289 460 307
472 289 443 317
473 289 447 319
475 289 449 319
477 289 452 319
478 289 454 320
480 289 457 320
483 289 453 302
433 291 401 316
435 291 403 316
438 291 405 316
440 291 407 315
453 291 415 312
457 291 422 313
459 291 424 313
461 291 425 313
462 291 428 313
464 291 433 313
465 291 435 314
472 291 444 319
473 291 446 320
475 291 449 321
477 291 452 321
478 291 454 322
483 291 453 304
485 291 455 304
433 293 402 319
435 293 403 318
437 293 405 318
440 293 407 317
441 293 409 317
446 293 414 318
456 293 422 318
459 293 423 315
461 293 425 315
462 293 428 317
464 293 431 317
465 293 433 317
472 293 443 320
473 293 445 321
477 293 452 323
478 293 453 324
432 294 401 321
435 294 403 320
437 294 405 320
438 294 406 321
440 294 408 321
441 294 409 319
443 294 411 321
446 294 413 319
454 294 420 318
461 294 426 318
462 294 428 318
464 294 430 319
472 294 443 322
473 294 445 323
477 294 452 325
478 294 454 326
486 294 464 330
432 296 401 323
433 296 402 323
437 296 405 323
438 296 407 323
440 296 408 322
441 296 410 322
445 296 412 321
446 296 413 321
449 296 416 321
456 296 422 320
457 296 423 320
459 296 425 320
461 296 426 320
462 296 428 320
464 296 430 321
465 296 432 322
467 296 435 322
469 296 438 323
470 296 441 324
472 296 443 324
473 296 445 324
475 296 448 326
477 296 451 327
478 296 454 327
430 297 409 343
432 297 403 326
437 297 418 323
438 297 407 325
440 297 408 325
441 297 410 324
445 297 412 323
446 297 414 323
448 297 415 323
456 297 422 323
457 297 423 322
459 297 425 322
461 297 426 322
462 297 428 322
464 297 430 322
465 297 432 324
467 297 435 324
469 297 437 324
470 297 440 326
472 297 443 326
473 297 445 326
475 297 447 326
477 297 451 329
478 297 454 329
432 299 402 327
440 299 408 326
441 299 410 326
443 299 411 326
445 299 413 326
446 299 414 325
448 299 416 325
449 299 417 325
453 299 419 325
456 299 421 325
457 299 423 324
459 299 424 324
461 299 427 325
462 299 428 325
464 299 430 324
465 299 432 326
467 299 435 326
469 299 437 326
470 299 441 328
472 299 443 328
473 299 445 328
475 299 447 328
477 299 450 329
478 299 453 331
480 299 456 330
432 301 403 330
433 301 404 329
437 301 406 329
440 301 409 329
441 301 410 329
443 301 412 328
445 301 413 328
448 301 416 328
449 301 417 328
454 301 421 327
457 301 423 326
459 301 425 327
461 301 427 327
462 301 428 327
464 301 430 326
465 301 432 327
467 301 435 328
469 301 437 328
470 301 439 328
473 301 444 330
475 301 448 331
477 301 450 331
483 301 459 331
433 302 404 332
437 302 406 331
438 302 408 331
441 302 410 330
443 302 412 330
445 302 414 330
446 302 415 330
449 302 417 330
451 302 419 329
454 302 421 329
456 302 423 329
457 302 424 329
461 302 427 328
462 302 428 328
464 302 430 328
465 302 432 329
467 302 435 330
469 302 437 330
470 302 439 330
472 302 442 331
473 302 446 332
475 302 448 332
477 302 450 333
481 302 457 333
433 304 404 333
435 304 406 333
438 304 408 333
440 304 410 333
441 304 411 333
443 304 412 332
445 304 414 332
446 304 415 332
448 304 417 332
451 304 419 331
453 304 421 331
454 304 422 331
457 304 424 331
459 304 426 331
461 304 428 331
464 304 430 330
465 304 432 331
467 304 435 332
469 304 437 332
470 304 439 332
472 304 442 332
475 304 448 334
477 304 450 335
435 305 406 335
437 305 408 335
440 305 410 335
441 305 411 335
443 305 413 335
445 305 415 335
446 305 415 334
448 305 417 334
451 305 419 333
453 305 421 334
454 305 422 334
456 305 424 334
457 305 425 333
459 305 427 333
461 305 428 332
462 305 429 333
464 305 431 333
465 305 433 333
467 305 435 333
469 305 437 334
470 305 439 334
472 305 442 335
473 305 444 335
475 305 447 336
437 307 408 337
438 307 409 337
440 307 411 337
443 307 413 337
445 307 415 337
446 307 416 337
448 307 417 336
449 307 418 336
451 307 420 336
454 307 423 336
456 307 424 336
457 307 425 336
459 307 427 335
461 307 428 335
462 307 430 335
464 307 431 334
465 307 433 335
467 307 435 335
469 307 436 335
470 307 439 336
472 307 442 337
473 307 444 337
475 307 446 338
438 309 410 339
440 309 411 339
443 309 413 339
445 309 415 339
446 309 416 339
448 309 418 339
449 309 418 338
451 309 420 338
453 309 422 338
456 309 424 338
457 309 426 338
459 309 427 337
461 309 428 337
462 309 430 337
464 309 431 337
465 309 433 337
467 309 434 337
469 309 436 337
470 309 439 338
472 309 442 338
473 309 444 339
475 309 446 340
438 310 408 344
440 310 411 342
441 310 413 342
445 310 415 341
446 310 417 341
448 310 419 342
449 310 420 341
451 310 420 340
453 310 422 340
454 310 424 340
457 310 426 340
459 310 428 340
461 310 429 340
462 310 431 340
464 310 432 339
465 310 433 339
467 310 435 339
469 310 436 339
470 310 439 339
472 310 442 340
473 310 443 341
440 312 410 345
441 312 413 344
443 312 414 344
445 312 416 344
448 312 419 343
449 312 420 343
451 312 421 343
453 312 422 342
454 312 424 342
456 312 425 342
459 312 428 342
461 312 429 342
462 312 430 342
464 312 432 342
465 312 433 341
467 312 435 341
469 312 436 341
470 312 438 341
472 312 442 343
473 312 443 343
441 313 413 346
443 313 415 346
446 313 417 345
448 313 419 345
449 313 420 345
451 313 421 345
454 313 424 345
456 313 425 344
457 313 427 344
461 313 429 344
462 313 431 344
464 313 432 343
469 313 437 343
470 313 438 343
445 315 416 350
449 315 420 347
461 315 430 349
465 315 434 346
467 315 436 346
469 315 437 345
472 315 442 345
464 317 432 347
472 318 442 348
