478 288 423 336
470 289 413 334
472 289 415 334
473 289 416 335
461 291 400 328
462 291 402 328
454 293 393 327
459 293 398 330
461 293 399 330
462 293 401 330
473 293 415 338
475 293 417 339
461 294 398 333
472 294 412 339
473 294 414 340
475 294 416 341
454 296 392 333
456 296 394 334
457 296 395 334
464 296 402 337
465 296 404 338
467 296 406 339
472 296 411 341
473 296 413 341
475 296 415 342
457 297 395 336
461 297 397 336
473 297 412 343
461 299 397 338
465 299 401 343
449 301 388 335
462 301 398 340
464 301 399 340
473 301 410 346
462 302 397 341
464 302 399 342
465 302 400 342
470 302 406 346
462 304 396 343
467 304 401 344
445 305 382 336
464 305 398 345
465 305 399 346
467 305 401 346
469 305 403 347
475 305 410 352
459 307 393 346
461 307 395 346
464 307 397 347
465 307 398 347
467 307 400 348
470 307 404 351
459 309 393 347
461 309 394 348
462 309 395 348
465 309 398 350
467 309 400 351
469 309 401 351
470 309 403 352
472 309 405 353
459 310 392 349
461 310 393 349
462 310 395 350
469 310 400 353
470 310 402 354
