475 280 413 312
481 280 430 312
483 280 432 313
485 280 434 312
480 281 429 313
480 283 428 314
485 283 433 316
480 285 427 316
470 286 413 318
475 288 418 313
475 289 419 316
477 289 422 314
483 289 431 319
457 291 396 325
459 291 398 326
462 291 402 325
483 291 431 321
430 293 387 324
440 293 383 325
453 293 390 326
456 293 395 329
459 293 397 328
461 293 399 328
462 293 401 327
438 294 381 327
441 294 384 326
449 294 387 327
451 294 389 328
453 294 391 328
457 294 396 331
459 294 397 330
461 294 399 330
462 294 401 330
464 294 404 334
465 294 406 334
475 294 416 321
477 294 418 321
438 296 381 329
440 296 383 329
441 296 383 328
449 296 388 330
451 296 389 330
453 296 391 330
457 296 396 333
459 296 398 333
461 296 398 332
464 296 403 335
465 296 405 336
473 296 417 340
475 296 415 323
477 296 417 323
429 297 378 332
440 297 382 331
443 297 384 332
445 297 385 332
451 297 390 333
462 297 400 335
473 297 416 342
475 297 414 324
477 297 417 325
478 297 419 326
480 297 422 327
486 297 442 336
429 299 378 334
445 299 386 334
451 299 391 335
457 299 395 336
459 299 397 336
462 299 399 336
467 299 406 340
469 299 424 335
473 299 432 337
475 299 418 344
477 299 416 327
478 299 419 328
446 301 387 336
448 301 404 338
451 301 391 337
462 301 399 338
465 301 403 342
467 301 422 337
473 301 411 324
443 302 383 336
445 302 385 337
448 302 404 340
461 302 416 335
464 302 400 338
472 302 412 346
473 302 411 326
432 304 380 339
440 304 381 337
443 304 384 338
445 304 386 339
448 304 388 340
451 304 390 340
453 304 408 341
454 304 410 340
457 304 395 342
461 304 398 342
462 304 399 343
470 304 409 347
440 305 382 340
443 305 384 341
445 305 386 341
448 305 387 342
449 305 389 342
453 305 392 343
454 305 393 343
457 305 395 344
459 305 397 344
462 305 399 345
464 305 401 345
465 305 402 345
467 305 404 346
473 305 413 351
440 307 381 342
441 307 383 343
446 307 386 344
451 307 390 344
454 307 393 345
456 307 394 346
459 307 396 346
461 307 398 346
464 307 400 347
465 307 402 347
467 307 403 348
469 307 405 348
473 307 413 352
438 309 381 344
441 309 382 344
445 309 385 344
446 309 386 345
448 309 388 346
451 309 390 347
453 309 391 347
456 309 394 348
459 309 396 348
461 309 398 349
464 309 400 348
465 309 401 350
467 309 403 350
469 309 405 351
470 309 408 353
472 309 410 353
443 310 384 346
446 310 386 347
448 310 388 348
451 310 390 348
453 310 391 349
454 310 393 349
456 310 409 349
457 310 395 350
461 310 397 351
462 310 399 351
465 310 401 352
467 310 403 352
469 310 404 353
470 310 408 355
472 310 410 355
473 310 411 356
445 312 398 354
448 312 388 350
449 312 389 350
453 312 391 351
456 312 410 352
461 312 397 352
462 312 398 353
464 312 400 353
467 312 402 354
470 312 406 355
472 312 409 358
477 312 426 354
478 312 442 341
464 313 400 355
465 313 401 355
467 313 436 341
469 313 405 358
477 313 426 356
478 313 442 343
480 313 444 343
464 315 399 357
465 315 401 358
467 315 403 358
472 315 437 343
478 315 441 345
473 317 420 350
483 318 440 350
