475 280 413 310
481 280 431 310
483 280 433 310
485 280 436 311
477 283 424 312
478 283 426 313
478 285 426 314
486 285 438 317
469 286 409 319
478 286 425 316
481 286 430 313
486 286 438 319
435 288 380 319
437 288 381 320
437 289 381 321
438 289 382 321
475 289 425 334
432 291 379 324
433 291 379 323
437 291 381 323
438 291 382 323
440 291 384 324
457 291 396 324
459 291 398 324
461 291 400 324
462 291 402 324
483 291 432 318
435 293 380 326
438 293 382 326
443 293 403 328
446 293 389 327
456 293 396 326
459 293 398 327
461 293 400 326
462 293 402 326
477 293 427 338
433 294 379 328
438 294 382 328
440 294 384 328
441 294 386 328
446 294 389 329
449 294 388 326
453 294 391 327
456 294 396 329
457 294 397 328
461 294 399 329
473 294 413 317
433 296 379 330
437 296 382 330
440 296 384 330
441 296 385 330
445 296 387 331
446 296 389 331
453 296 391 329
459 296 399 331
461 296 400 332
462 296 402 333
473 296 413 320
477 296 418 321
429 297 378 334
437 297 392 333
440 297 384 333
441 297 385 332
445 297 387 332
446 297 405 332
449 297 409 330
456 297 396 334
459 297 398 333
461 297 400 334
462 297 402 334
473 297 435 334
475 297 422 341
478 297 421 324
480 297 424 324
486 297 438 323
429 299 378 336
438 299 380 334
443 299 386 334
445 299 388 335
446 299 404 334
448 299 406 334
449 299 392 335
456 299 395 335
457 299 398 336
461 299 400 336
462 299 402 337
464 299 403 337
469 299 427 333
470 299 431 337
472 299 433 335
473 299 419 342
475 299 421 342
440 301 384 337
441 301 385 337
443 301 387 337
445 301 388 337
449 301 410 335
451 301 393 337
456 301 395 337
457 301 398 338
459 301 399 338
462 301 401 339
464 301 403 339
467 301 425 336
473 301 419 345
475 301 421 345
477 301 417 326
432 302 380 339
433 302 381 339
445 302 389 340
449 302 407 338
457 302 397 340
459 302 399 340
438 304 383 341
440 304 385 341
443 304 387 341
445 304 389 341
451 304 408 340
453 304 411 339
454 304 413 339
459 304 399 342
461 304 401 342
462 304 402 343
465 304 404 342
437 305 382 343
438 305 384 343
441 305 386 343
445 305 389 343
446 305 390 344
449 305 391 343
453 305 411 341
454 305 413 342
457 305 398 345
459 305 399 344
462 305 402 345
464 305 403 344
465 305 404 344
467 305 407 346
469 305 409 346
435 307 382 345
438 307 384 345
440 307 386 345
443 307 388 346
446 307 390 346
448 307 391 346
454 307 412 343
456 307 414 343
457 307 398 346
459 307 400 346
461 307 401 346
464 307 403 346
465 307 405 347
467 307 407 348
469 307 408 348
443 309 388 348
445 309 389 348
448 309 391 348
451 309 393 348
454 309 411 345
456 309 413 345
457 309 415 345
459 309 400 349
461 309 401 349
464 309 403 349
465 309 405 349
467 309 406 350
469 309 408 350
470 309 410 351
472 309 430 343
443 310 387 350
445 310 389 350
446 310 390 350
449 310 392 350
453 310 395 350
454 310 397 350
456 310 413 348
457 310 415 347
461 310 401 351
462 310 402 351
465 310 405 351
467 310 406 352
469 310 408 352
470 310 410 352
472 310 414 354
473 310 417 354
441 312 387 352
443 312 388 352
446 312 390 353
448 312 392 353
451 312 394 353
454 312 412 351
456 312 414 351
459 312 400 353
462 312 402 353
464 312 404 354
467 312 406 354
469 312 408 354
470 312 409 354
475 312 428 352
443 313 396 358
446 313 390 354
448 313 392 355
454 313 396 355
464 313 403 355
465 313 405 355
469 313 407 356
470 313 409 357
473 313 421 356
445 315 399 360
449 315 393 357
459 315 399 358
464 315 403 358
465 315 405 358
467 315 407 358
467 317 406 359
472 318 421 361
481 318 433 355
483 318 435 355
