481 281 465 305
480 283 465 307
472 285 453 307
480 285 465 309
481 285 467 310
473 286 455 309
475 286 457 309
477 286 459 310
478 286 462 311
480 286 465 311
430 288 407 308
432 288 408 308
433 288 410 308
437 288 412 307
470 288 450 309
472 288 452 309
473 288 455 311
475 288 457 311
477 288 459 312
480 288 465 313
481 288 466 312
483 288 469 314
432 289 409 310
433 289 410 310
435 289 412 310
437 289 413 310
470 289 450 311
472 289 452 311
473 289 455 313
475 289 457 313
477 289 459 313
480 289 464 314
481 289 466 315
483 289 469 315
429 291 406 312
430 291 407 312
433 291 410 312
435 291 412 312
437 291 413 312
438 291 415 312
461 291 435 309
462 291 437 309
464 291 440 311
470 291 450 313
472 291 452 313
473 291 455 315
475 291 457 315
477 291 459 315
478 291 461 316
481 291 466 317
483 291 469 317
429 293 406 314
430 293 408 314
432 293 409 314
435 293 412 314
437 293 414 314
438 293 415 314
446 293 420 311
461 293 435 311
462 293 438 313
464 293 440 313
467 293 444 315
469 293 446 315
470 293 449 315
472 293 452 315
473 293 453 315
475 293 457 317
477 293 459 317
478 293 461 318
430 294 408 315
432 294 410 315
435 294 412 315
437 294 414 315
440 294 417 315
459 294 434 314
461 294 436 314
462 294 438 314
464 294 440 314
465 294 442 314
467 294 444 316
469 294 446 316
470 294 449 316
472 294 452 317
473 294 454 317
475 294 457 319
477 294 459 319
432 296 410 318
433 296 411 318
435 296 413 318
441 296 418 317
448 296 424 317
454 296 430 316
456 296 431 316
457 296 433 316
461 296 436 316
462 296 437 316
464 296 440 316
465 296 442 316
467 296 444 318
469 296 446 318
470 296 449 318
472 296 451 319
473 296 454 319
475 296 456 319
477 296 459 321
478 296 462 321
432 297 411 320
435 297 413 320
437 297 415 320
441 297 419 319
443 297 420 319
446 297 423 319
448 297 424 318
457 297 433 318
461 297 436 318
462 297 437 317
464 297 440 318
465 297 442 319
467 297 444 319
469 297 446 319
470 297 449 320
472 297 451 320
473 297 454 320
475 297 456 321
477 297 459 322
478 297 461 323
440 299 417 321
445 299 422 321
446 299 424 320
451 299 427 320
453 299 429 320
457 299 433 320
459 299 435 320
464 299 440 322
465 299 442 322
467 299 444 321
469 299 446 321
470 299 449 322
472 299 451 322
473 299 454 322
475 299 456 323
477 299 458 324
433 301 413 324
435 301 414 324
438 301 417 324
441 301 419 323
446 301 424 323
448 301 425 323
451 301 428 322
453 301 429 322
457 301 433 322
459 301 435 322
461 301 437 322
464 301 440 323
465 301 442 323
467 301 444 323
469 301 446 323
470 301 449 323
472 301 451 324
473 301 454 324
475 301 456 325
435 302 415 326
438 302 417 325
446 302 424 325
448 302 425 325
449 302 427 324
453 302 429 324
454 302 431 324
456 302 432 324
457 302 433 324
459 302 435 324
461 302 437 324
462 302 438 324
467 302 444 325
469 302 446 325
470 302 449 325
472 302 451 326
473 302 453 326
475 302 456 326
435 304 414 327
437 304 416 327
440 304 418 327
441 304 420 327
448 304 425 327
449 304 427 326
453 304 430 326
454 304 432 326
456 304 433 326
457 304 434 326
459 304 435 326
461 304 437 326
462 304 438 325
464 304 440 325
465 304 442 325
469 304 446 327
470 304 449 327
472 304 451 328
473 304 453 328
475 304 456 328
435 305 415 330
437 305 416 329
441 305 420 329
443 305 422 329
448 305 426 329
449 305 427 328
451 305 429 328
454 305 432 328
456 305 433 328
457 305 435 328
459 305 436 328
462 305 439 327
464 305 440 327
465 305 441 327
467 305 444 327
469 305 447 329
470 305 449 329
472 305 451 329
473 305 453 329
437 307 416 332
438 307 418 332
443 307 422 331
445 307 424 331
446 307 425 331
448 307 427 332
449 307 427 330
451 307 429 330
453 307 431 330
454 307 432 331
457 307 435 330
459 307 436 330
461 307 438 330
464 307 441 329
465 307 442 329
467 307 443 329
469 307 446 329
470 307 448 331
472 307 451 331
473 307 453 331
475 307 455 332
438 309 418 333
445 309 424 333
446 309 425 333
448 309 427 333
451 309 429 332
453 309 431 332
454 309 432 332
457 309 435 332
459 309 436 332
461 309 438 332
462 309 439 332
464 309 441 332
465 309 443 333
467 309 444 331
469 309 447 332
470 309 448 333
472 309 451 333
473 309 453 333
475 309 455 334
445 310 424 335
446 310 425 335
448 310 427 335
449 310 428 335
451 310 429 334
453 310 431 334
454 310 432 334
456 310 434 334
459 310 437 334
461 310 438 334
462 310 440 334
464 310 442 334
465 310 443 334
467 310 445 335
469 310 447 334
470 310 448 334
475 310 455 335
448 312 427 337
449 312 429 337
451 312 430 337
453 312 432 337
459 312 437 336
461 312 438 336
462 312 440 336
464 312 442 336
465 312 443 336
467 312 445 336
469 312 447 336
451 313 431 339
459 313 436 338
461 313 438 338
462 313 440 338
464 313 441 338
465 313 443 338
467 313 445 338
469 313 447 338
470 313 449 338
461 315 438 341
465 315 444 340
467 315 445 340
470 315 448 340
