475 280 473 284
477 280 474 285
478 280 476 285
480 280 477 284
481 280 479 283
483 280 480 283
485 280 482 283
472 281 469 286
473 281 471 286
477 281 474 287
478 281 476 287
480 281 478 287
481 281 479 286
483 281 480 285
485 281 482 285
470 283 467 288
472 283 469 288
473 283 470 288
475 283 472 289
477 283 474 288
478 283 476 289
480 283 478 288
481 283 479 289
483 283 481 287
485 283 482 287
443 285 437 288
445 285 439 288
470 285 467 290
472 285 469 290
473 285 470 290
475 285 472 290
477 285 474 290
478 285 476 290
480 285 478 290
481 285 479 290
483 285 481 291
485 285 483 290
445 286 439 290
446 286 440 290
448 286 442 290
470 286 467 291
472 286 469 291
473 286 470 292
475 286 472 292
477 286 474 292
478 286 476 292
480 286 478 292
481 286 479 292
483 286 481 292
485 286 483 292
486 286 484 292
448 288 442 291
470 288 467 293
472 288 469 293
473 288 470 293
475 288 472 293
477 288 474 294
478 288 476 294
480 288 478 294
481 288 479 294
483 288 481 294
485 288 483 294
486 288 484 294
429 289 425 295
448 289 443 293
449 289 444 293
451 289 445 293
469 289 466 294
470 289 467 294
472 289 469 295
473 289 471 295
475 289 472 295
477 289 474 295
478 289 476 295
480 289 478 295
481 289 479 295
483 289 481 295
485 289 483 295
430 291 426 296
432 291 428 296
437 291 433 296
441 291 437 296
449 291 444 295
451 291 446 295
453 291 447 295
456 291 451 295
459 291 454 295
461 291 456 295
462 291 458 295
464 291 459 295
467 291 465 294
469 291 466 296
470 291 467 296
472 291 469 297
473 291 471 297
475 291 472 297
477 291 474 297
478 291 476 297
480 291 478 297
481 291 479 297
483 291 481 297
485 291 483 297
486 291 484 297
429 293 425 298
432 293 428 298
433 293 429 298
435 293 431 298
437 293 433 298
438 293 434 298
440 293 436 298
441 293 437 298
449 293 445 297
451 293 446 297
453 293 448 297
454 293 449 297
456 293 451 296
457 293 452 296
459 293 454 296
461 293 456 296
462 293 458 297
467 293 464 296
469 293 466 297
470 293 467 298
475 293 472 298
477 293 474 299
478 293 476 299
480 293 478 299
481 293 479 299
483 293 481 299
485 293 483 299
486 293 484 298
429 294 425 299
430 294 426 299
433 294 430 299
435 294 431 299
437 294 433 299
438 294 434 299
440 294 436 299
441 294 437 299
454 294 449 298
457 294 452 298
459 294 454 298
461 294 456 298
462 294 458 298
464 294 460 299
465 294 462 299
467 294 464 299
469 294 466 299
470 294 467 299
472 294 469 299
473 294 470 299
477 294 474 300
478 294 476 300
480 294 478 300
481 294 479 300
483 294 481 300
485 294 483 301
486 294 484 300
429 296 425 301
433 296 429 301
435 296 431 301
437 296 433 301
438 296 434 301
440 296 436 301
441 296 437 301
443 296 439 301
448 296 444 301
454 296 450 301
456 296 452 301
457 296 452 299
459 296 454 300
461 296 456 300
462 296 458 301
464 296 460 301
465 296 462 301
467 296 464 300
469 296 466 301
470 296 467 301
472 296 469 301
473 296 470 301
475 296 472 301
477 296 474 302
478 296 476 302
480 296 478 302
481 296 479 302
483 296 481 302
486 296 484 302
429 297 425 303
430 297 426 303
435 297 431 303
437 297 433 303
438 297 434 303
440 297 436 303
441 297 437 302
443 297 439 303
445 297 441 303
448 297 444 302
449 297 445 303
451 297 447 302
453 297 449 302
454 297 450 302
457 297 453 302
459 297 455 302
461 297 457 302
462 297 458 302
464 297 460 302
465 297 462 302
467 297 464 302
469 297 465 302
470 297 467 303
472 297 469 303
473 297 470 303
475 297 472 303
477 297 474 304
478 297 476 303
480 297 478 303
483 297 481 304
429 299 425 305
430 299 426 305
432 299 428 305
437 299 433 304
438 299 434 304
440 299 436 304
441 299 437 304
443 299 439 304
445 299 441 304
446 299 442 304
448 299 444 304
449 299 446 304
451 299 447 304
453 299 449 304
454 299 451 304
457 299 453 304
459 299 455 304
461 299 456 304
462 299 458 304
464 299 460 304
465 299 462 304
467 299 464 304
469 299 466 304
470 299 467 304
472 299 469 305
473 299 470 304
475 299 472 304
478 299 476 305
485 299 483 304
486 299 485 303
432 301 427 306
437 301 433 306
438 301 435 306
440 301 436 306
441 301 438 306
443 301 439 306
445 301 441 306
446 301 442 306
448 301 444 306
449 301 446 306
453 301 449 306
454 301 451 306
457 301 453 306
459 301 455 306
461 301 457 306
462 301 458 306
464 301 460 306
465 301 461 306
467 301 463 306
469 301 466 306
470 301 467 306
472 301 469 306
473 301 471 306
475 301 472 306
477 301 474 306
432 302 428 309
437 302 433 308
438 302 435 308
440 302 436 308
441 302 438 307
443 302 439 307
445 302 441 307
446 302 443 308
448 302 444 308
449 302 446 308
451 302 448 308
453 302 449 307
454 302 451 307
456 302 452 307
457 302 454 307
461 302 457 307
462 302 458 307
464 302 460 307
465 302 461 307
469 302 465 307
470 302 467 308
472 302 469 308
473 302 471 308
475 302 472 308
433 304 430 309
435 304 432 310
437 304 433 309
438 304 435 309
440 304 436 309
441 304 438 309
443 304 439 309
445 304 441 309
446 304 443 310
448 304 444 309
449 304 445 309
451 304 448 309
453 304 449 309
454 304 451 309
456 304 452 309
457 304 454 309
459 304 455 309
462 304 458 309
464 304 460 309
465 304 461 309
469 304 466 309
470 304 467 309
472 304 469 310
473 304 470 310
433 305 430 311
435 305 432 311
437 305 433 311
438 305 435 311
440 305 437 311
441 305 438 311
443 305 440 311
445 305 442 311
446 305 443 311
448 305 445 311
449 305 446 311
451 305 447 311
453 305 449 311
454 305 451 311
456 305 452 311
457 305 454 311
459 305 455 311
462 305 458 310
464 305 460 310
467 305 463 310
469 305 466 311
470 305 467 311
472 305 469 311
473 305 470 311
437 307 434 313
438 307 435 313
440 307 437 313
441 307 438 313
443 307 440 313
445 307 442 313
446 307 443 313
448 307 445 313
449 307 446 313
451 307 448 312
453 307 449 312
454 307 451 313
456 307 452 313
457 307 454 313
459 307 456 312
462 307 458 312
464 307 460 312
467 307 464 313
469 307 466 313
470 307 467 313
472 307 469 313
473 307 470 313
475 307 472 313
437 309 434 315
438 309 435 315
440 309 437 315
441 309 438 315
443 309 440 315
445 309 442 315
446 309 443 315
448 309 445 315
449 309 446 315
451 309 448 314
453 309 449 314
454 309 451 314
456 309 452 314
457 309 454 314
459 309 456 314
462 309 458 314
464 309 461 314
467 309 464 314
469 309 466 314
470 309 467 315
472 309 469 315
473 309 470 315
438 310 436 316
441 310 438 316
443 310 440 316
445 310 442 316
446 310 443 316
448 310 445 316
449 310 446 316
451 310 448 316
453 310 450 316
454 310 451 316
456 310 453 316
457 310 454 316
459 310 456 316
461 310 457 316
464 310 460 316
465 310 462 316
467 310 464 316
469 310 466 316
470 310 467 316
472 310 469 316
473 310 470 316
440 312 438 318
443 312 440 318
445 312 441 318
448 312 445 318
449 312 446 318
451 312 448 318
453 312 450 318
454 312 451 318
457 312 454 318
459 312 456 318
461 312 457 318
464 312 460 318
465 312 462 318
467 312 464 318
469 312 465 318
470 312 467 318
472 312 469 318
473 312 471 318
477 312 475 317
440 313 438 319
443 313 440 320
445 313 442 320
449 313 447 319
451 313 448 319
453 313 450 319
456 313 453 319
461 313 457 319
462 313 458 319
464 313 460 320
465 313 462 319
467 313 464 319
469 313 465 319
470 313 467 319
472 313 469 319
473 313 470 319
445 315 442 322
451 315 449 321
453 315 450 321
465 315 462 321
467 315 464 321
469 315 465 321
470 315 467 321
472 315 469 321
454 317 451 323
456 317 453 323
457 317 455 323
469 317 465 323
470 317 467 323
472 317 468 323
457 318 453 324
459 318 457 325
461 318 458 325
462 318 460 325
469 318 466 325
473 318 470 325
475 318 471 325
477 318 473 325
478 318 475 325
481 318 478 325
