415 306 415 305
417 306 417 305
422 306 422 305
423 306 423 306
430 306 430 307
412 307 412 307
413 307 413 307
415 307 415 307
418 307 418 307
420 307 420 307
422 307 422 307
427 307 427 307
430 307 430 308
408 309 408 309
410 309 410 309
412 309 412 309
417 309 417 309
418 309 418 309
420 309 420 309
422 309 422 309
423 309 423 309
425 309 425 309
427 309 427 309
428 309 428 309
407 311 407 311
408 311 408 311
410 311 410 311
412 311 412 311
413 311 413 311
415 311 415 311
418 311 418 311
420 311 420 311
422 311 422 311
423 311 423 311
425 311 425 311
427 311 427 311
430 311 430 311
408 312 408 312
410 312 410 312
412 312 412 312
415 312 415 312
417 312 417 312
418 312 418 313
420 312 420 312
425 312 425 312
427 312 427 312
428 312 428 312
430 312 430 312
408 314 408 314
410 314 410 314
412 314 412 314
413 314 414 314
415 314 415 314
417 314 417 314
418 314 418 314
423 314 424 314
427 314 427 314
430 314 430 314
374 316 374 315
407 316 407 316
408 316 408 316
420 316 420 316
422 316 422 316
423 316 423 316
425 316 425 315
372 317 372 317
375 317 375 317
377 317 377 317
415 317 415 317
417 317 417 317
418 317 418 317
420 317 420 317
422 317 422 317
423 317 423 317
425 317 425 317
427 317 427 317
372 319 372 319
374 319 374 319
375 319 375 319
377 319 377 319
379 319 379 319
407 319 407 319
408 319 409 319
410 319 410 319
413 319 413 319
415 319 415 319
417 319 417 319
418 319 418 319
420 319 420 319
422 319 422 319
423 319 423 319
425 319 425 318
372 321 372 321
375 321 375 321
377 321 377 321
379 321 379 321
405 321 405 320
407 321 407 321
408 321 408 321
413 321 413 321
415 321 415 321
417 321 417 321
418 321 418 321
420 321 420 321
422 321 422 321
423 321 423 320
372 322 372 322
374 322 374 322
380 322 380 322
402 322 402 322
404 322 404 322
405 322 405 322
407 322 407 322
408 322 408 322
410 322 410 322
415 322 415 322
417 322 417 322
418 322 418 322
420 322 420 322
422 322 422 322
432 322 432 322
433 322 434 323
372 324 372 324
374 324 374 324
375 324 375 324
377 324 377 324
379 324 379 324
380 324 380 324
384 324 384 324
399 324 399 324
404 324 404 324
405 324 405 324
407 324 407 324
408 324 408 324
410 324 410 324
412 324 412 324
413 324 414 324
415 324 415 324
417 324 417 324
418 324 418 324
420 324 420 324
422 324 422 324
423 324 423 324
425 324 425 324
427 324 427 324
432 324 432 324
372 326 372 326
374 326 374 326
375 326 375 326
377 326 377 325
379 326 379 325
380 326 380 325
384 326 384 326
404 326 404 326
405 326 405 326
407 326 407 326
408 326 408 326
410 326 410 326
412 326 412 326
415 326 415 325
417 326 417 325
418 326 418 326
420 326 420 326
425 326 425 325
427 326 427 325
428 326 428 325
372 327 372 328
374 327 374 327
375 327 375 327
377 327 377 327
379 327 379 327
380 327 380 327
382 327 382 327
399 327 398 327
400 327 400 327
402 327 402 327
404 327 404 327
405 327 405 327
407 327 407 327
408 327 408 327
410 327 410 328
412 327 412 328
413 327 413 328
415 327 415 327
417 327 417 327
418 327 418 327
420 327 420 327
422 327 422 327
425 327 425 327
427 327 427 327
435 327 435 328
379 329 379 329
380 329 380 329
384 329 384 329
385 329 385 329
387 329 387 329
389 329 389 329
390 329 390 329
392 329 392 329
394 329 394 329
395 329 395 329
397 329 397 329
399 329 399 329
400 329 400 329
402 329 402 329
404 329 404 329
405 329 405 329
407 329 407 329
408 329 408 329
410 329 410 329
412 329 412 329
415 329 415 329
417 329 417 329
418 329 418 329
420 329 420 329
422 329 422 329
423 329 424 329
425 329 425 329
427 329 427 329
428 329 428 329
435 329 435 330
372 331 373 331
374 331 374 330
375 331 375 331
377 331 377 331
380 331 380 330
382 331 382 330
384 331 384 331
385 331 385 331
389 331 389 331
390 331 390 331
394 331 394 331
395 331 395 331
397 331 397 330
399 331 399 330
400 331 400 330
404 331 404 330
405 331 405 330
407 331 407 331
408 331 408 331
410 331 410 331
412 331 412 331
413 331 413 330
415 331 415 331
417 331 417 331
418 331 418 331
420 331 420 331
422 331 422 331
423 331 423 330
428 331 428 331
435 331 435 331
374 332 374 333
375 332 375 332
377 332 377 332
379 332 379 332
380 332 380 332
384 332 384 332
385 332 385 332
387 332 387 332
392 332 392 332
394 332 394 332
395 332 395 332
397 332 397 332
399 332 399 332
400 332 400 332
402 332 402 332
404 332 403 332
407 332 407 332
408 332 408 332
410 332 410 332
412 332 412 333
413 332 414 332
415 332 415 332
417 332 417 332
418 332 418 332
420 332 420 332
422 332 422 332
423 332 423 332
425 332 425 332
427 332 427 332
428 332 428 332
430 332 430 332
432 332 432 332
435 332 435 333
375 334 375 334
377 334 377 334
379 334 379 334
380 334 380 334
382 334 382 334
384 334 384 334
385 334 385 334
387 334 387 334
389 334 389 334
390 334 390 334
392 334 392 334
394 334 394 334
395 334 395 334
397 334 397 334
399 334 399 334
402 334 402 334
404 334 404 334
405 334 405 334
407 334 407 334
408 334 408 334
410 334 410 334
412 334 412 334
415 334 415 334
417 334 417 334
418 334 418 334
420 334 420 334
422 334 422 334
423 334 423 334
425 334 425 334
427 334 427 334
428 334 428 334
432 334 432 334
377 336 377 336
379 336 379 335
382 336 382 336
387 336 387 336
389 336 389 336
390 336 390 336
392 336 392 335
394 336 394 335
395 336 395 335
397 336 397 335
400 336 400 335
402 336 402 335
404 336 404 335
405 336 405 335
407 336 407 335
408 336 408 336
413 336 413 335
415 336 415 336
417 336 417 335
418 336 418 335
420 336 420 335
422 336 422 336
423 336 423 335
425 336 425 335
427 336 427 335
428 336 428 335
430 336 430 335
377 337 377 337
379 337 379 337
380 337 380 337
384 337 384 337
385 337 385 337
389 337 389 337
390 337 390 337
392 337 392 337
395 337 395 337
399 337 399 337
400 337 400 337
402 337 402 337
404 337 404 337
405 337 405 337
407 337 407 337
408 337 408 337
410 337 410 337
412 337 412 337
413 337 413 337
415 337 415 337
417 337 417 337
418 337 418 337
420 337 420 337
422 337 422 337
423 337 423 337
425 337 425 337
427 337 427 337
428 337 428 337
430 337 431 337
385 339 385 339
389 339 389 339
390 339 390 339
392 339 392 339
394 339 393 339
395 339 395 339
399 339 399 339
400 339 400 339
402 339 402 339
404 339 404 339
405 339 405 339
407 339 407 339
408 339 408 339
410 339 410 339
412 339 412 339
413 339 413 339
415 339 415 339
417 339 417 339
418 339 418 339
420 339 420 339
422 339 422 339
423 339 423 339
425 339 425 339
427 339 427 339
428 339 430 338
382 340 382 340
384 340 384 340
385 340 385 340
387 340 387 340
390 340 390 341
392 340 392 340
395 340 395 340
397 340 397 340
399 340 399 340
400 340 400 341
402 340 402 341
404 340 404 340
405 340 405 340
407 340 407 341
408 340 409 340
410 340 410 340
412 340 412 340
413 340 413 340
415 340 415 340
417 340 417 340
418 340 418 340
420 340 420 340
422 340 422 341
423 340 423 340
425 340 425 340
428 340 430 339
385 342 385 342
387 342 387 342
389 342 389 342
390 342 390 342
392 342 392 342
394 342 393 342
395 342 395 342
397 342 397 342
399 342 399 342
400 342 400 342
402 342 402 342
404 342 404 342
405 342 405 342
407 342 407 342
408 342 408 342
410 342 410 342
412 342 412 342
413 342 413 342
415 342 415 342
417 342 417 342
418 342 418 342
420 342 420 342
422 342 422 342
389 344 389 344
390 344 390 344
392 344 392 344
394 344 393 344
395 344 395 344
397 344 397 344
399 344 399 344
400 344 400 344
402 344 402 344
404 344 403 344
405 344 405 344
407 344 407 344
408 344 409 344
410 344 410 344
412 344 412 344
413 344 413 344
415 344 415 344
417 344 417 344
418 344 419 344
420 344 420 344
387 345 387 345
389 345 389 345
390 345 390 345
392 345 392 345
394 345 394 346
395 345 395 346
397 345 397 345
399 345 399 345
400 345 400 345
402 345 402 345
404 345 404 345
405 345 405 345
407 345 407 345
408 345 408 345
410 345 410 345
412 345 412 345
413 345 414 345
415 345 415 346
417 345 417 345
420 345 421 344
390 347 390 347
392 347 392 347
394 347 394 348
397 347 397 347
399 347 399 347
400 347 400 347
402 347 402 347
404 347 404 347
405 347 405 347
408 347 408 347
410 347 410 347
412 347 412 347
413 347 413 347
415 347 415 347
417 347 418 347
394 349 394 350
399 349 399 349
400 349 400 349
402 349 402 349
404 349 404 349
405 349 405 349
408 349 408 349
410 349 410 349
412 349 412 349
413 349 413 349
395 350 395 350
397 350 397 350
399 350 399 350
400 350 400 350
402 350 402 350
404 350 404 350
405 350 405 350
407 350 407 350
408 350 408 350
410 350 410 350
412 350 412 350
413 350 413 350
