412 314 412 314
413 314 413 314
414 314 414 314
416 314 416 314
417 314 417 314
418 314 418 314
419 314 419 314
421 314 421 314
422 314 422 314
423 314 423 314
425 314 425 314
426 314 426 314
427 314 427 314
410 316 410 316
412 316 412 316
413 316 413 316
414 316 414 316
416 316 415 316
418 316 418 316
419 316 419 316
421 316 421 316
422 316 422 316
423 316 423 316
425 316 425 316
426 316 426 316
410 317 410 317
412 317 412 317
413 317 413 317
414 317 414 317
417 317 417 317
418 317 418 317
419 317 419 317
421 317 421 317
422 317 422 317
423 317 423 317
425 317 425 317
426 317 426 317
409 318 409 318
410 318 410 318
413 318 413 318
416 318 416 318
417 318 417 318
418 318 418 318
419 318 419 318
421 318 421 318
422 318 422 318
423 318 423 318
425 318 425 318
410 320 410 320
412 320 412 320
413 320 413 320
417 320 417 320
418 320 418 320
419 320 419 320
421 320 421 320
422 320 422 320
423 320 423 320
434 320 434 319
436 320 436 320
408 321 408 320
412 321 412 321
413 321 413 321
414 321 414 321
417 321 417 321
418 321 418 321
419 321 419 321
421 321 421 321
422 321 422 321
423 321 423 321
425 321 425 321
430 321 430 321
431 321 431 321
432 321 433 321
434 321 434 321
435 321 435 321
408 322 408 322
409 322 409 322
410 322 410 322
412 322 412 322
413 322 413 322
417 322 417 322
418 322 418 322
419 322 419 322
421 322 421 322
422 322 422 322
423 322 423 322
425 322 425 322
428 322 429 322
430 322 430 322
431 322 431 322
432 322 433 322
434 322 434 322
436 322 436 322
406 324 406 324
408 324 408 324
409 324 409 324
410 324 410 324
412 324 412 324
413 324 413 324
417 324 417 323
418 324 418 323
419 324 419 323
421 324 421 324
423 324 423 324
425 324 425 324
428 324 429 324
430 324 430 323
431 324 431 323
432 324 433 323
434 324 434 323
435 324 435 323
406 325 406 325
408 325 408 325
409 325 409 325
410 325 410 325
412 325 412 325
413 325 413 325
414 325 414 325
417 325 417 325
418 325 418 325
419 325 419 325
421 325 421 325
422 325 422 325
423 325 423 325
425 325 425 325
428 325 429 325
430 325 430 324
431 325 431 324
432 325 432 324
434 325 434 324
436 325 436 325
438 325 437 325
406 326 406 326
408 326 408 326
409 326 409 326
410 326 410 326
412 326 412 326
413 326 413 326
416 326 415 326
417 326 417 326
418 326 418 326
419 326 419 326
421 326 421 326
422 326 422 326
423 326 423 326
425 326 425 326
428 326 429 326
431 326 431 326
436 326 436 326
406 327 406 327
408 327 408 327
410 327 410 327
412 327 412 327
413 327 413 327
414 327 414 327
416 327 415 327
417 327 417 327
418 327 418 327
419 327 419 327
421 327 421 327
422 327 422 327
423 327 423 327
425 327 425 327
428 327 429 327
430 327 430 327
431 327 431 327
435 327 434 327
436 327 436 327
438 327 437 327
404 329 404 329
405 329 405 329
406 329 406 329
408 329 408 329
410 329 410 329
412 329 412 329
413 329 413 329
414 329 414 329
416 329 415 329
417 329 417 329
418 329 418 329
419 329 419 329
421 329 421 329
422 329 422 329
423 329 423 329
426 329 426 329
427 329 427 329
428 329 428 329
431 329 431 329
435 329 434 328
436 329 436 328
438 329 437 330
393 330 393 330
395 330 395 330
396 330 396 330
397 330 397 330
399 330 399 330
402 330 403 330
404 330 404 330
405 330 405 330
409 330 409 330
410 330 410 330
412 330 412 330
413 330 413 330
414 330 414 330
416 330 415 330
417 330 417 330
418 330 418 330
419 330 419 330
421 330 421 330
422 330 422 330
423 330 423 330
425 330 425 330
427 330 427 330
428 330 429 330
432 330 432 330
434 330 434 330
436 330 436 330
438 330 437 331
393 331 393 331
395 331 395 331
396 331 396 331
397 331 397 331
399 331 399 331
400 331 400 331
401 331 401 331
402 331 403 331
404 331 404 331
406 331 406 331
408 331 408 331
409 331 409 331
410 331 410 331
412 331 412 331
413 331 413 331
414 331 414 331
416 331 415 331
417 331 417 331
418 331 418 331
419 331 419 331
421 331 421 331
422 331 422 331
423 331 423 331
425 331 425 331
426 331 426 331
427 331 427 331
428 331 429 331
432 331 432 331
434 331 434 331
435 331 435 331
436 331 436 332
393 333 393 333
395 333 395 333
396 333 396 333
397 333 397 333
399 333 399 333
400 333 400 333
401 333 401 333
402 333 403 333
404 333 404 333
405 333 405 333
406 333 406 333
408 333 408 333
409 333 409 333
410 333 410 333
412 333 412 333
413 333 413 333
414 333 414 333
416 333 415 333
417 333 417 333
418 333 418 333
419 333 419 333
421 333 421 333
422 333 422 333
423 333 423 333
425 333 425 332
426 333 426 332
427 333 427 333
428 333 428 333
432 333 432 332
434 333 434 332
393 334 393 334
395 334 395 334
396 334 396 334
400 334 400 335
402 334 403 334
404 334 404 334
405 334 405 334
406 334 406 334
408 334 408 334
409 334 409 334
410 334 410 334
412 334 412 334
413 334 413 334
414 334 414 334
416 334 415 334
417 334 417 334
418 334 418 334
419 334 419 334
421 334 421 334
422 334 422 334
423 334 423 334
425 334 425 334
426 334 426 334
427 334 427 334
428 334 429 334
430 334 430 334
432 334 432 334
434 334 434 334
435 334 435 334
393 335 393 335
395 335 395 335
397 335 397 335
399 335 399 335
400 335 400 336
401 335 401 335
402 335 403 335
404 335 404 335
405 335 405 335
406 335 406 335
408 335 408 335
409 335 409 335
410 335 410 335
412 335 412 335
413 335 413 335
414 335 414 335
416 335 415 335
417 335 417 335
418 335 418 335
419 335 419 335
421 335 421 335
422 335 422 335
423 335 423 335
425 335 425 335
426 335 426 335
428 335 429 335
431 335 431 335
432 335 432 335
393 336 393 337
395 336 395 337
396 336 396 336
397 336 397 336
399 336 399 336
401 336 401 336
402 336 403 336
404 336 404 336
405 336 405 336
406 336 406 336
408 336 408 337
409 336 409 337
410 336 410 336
412 336 412 336
413 336 413 336
414 336 414 336
416 336 415 336
417 336 417 336
418 336 418 336
419 336 419 336
421 336 421 336
422 336 422 336
423 336 423 336
426 336 426 336
427 336 427 336
428 336 429 337
430 336 430 337
431 336 431 336
393 338 393 338
395 338 395 338
396 338 396 338
397 338 397 338
399 338 399 338
400 338 400 338
401 338 401 338
402 338 403 338
404 338 404 338
405 338 405 338
408 338 408 338
409 338 409 338
412 338 412 338
413 338 413 338
414 338 414 338
416 338 415 338
417 338 417 338
418 338 418 338
419 338 419 338
422 338 422 338
425 338 425 338
427 338 427 338
431 338 431 338
393 339 393 339
395 339 395 339
396 339 396 339
397 339 397 339
399 339 399 339
400 339 400 339
401 339 401 339
402 339 402 339
405 339 405 339
408 339 408 339
412 339 412 339
413 339 413 339
414 339 414 339
416 339 415 339
417 339 417 339
418 339 418 339
419 339 419 339
421 339 421 339
426 339 426 339
427 339 427 339
428 339 429 339
430 339 430 339
393 340 393 340
395 340 395 341
396 340 396 341
399 340 399 340
400 340 400 340
401 340 401 340
402 340 402 340
404 340 404 340
405 340 405 340
406 340 406 340
408 340 408 340
410 340 410 340
412 340 412 340
413 340 413 340
414 340 414 340
416 340 416 340
417 340 417 340
418 340 418 340
419 340 419 340
421 340 421 340
423 340 423 340
426 340 426 340
428 340 428 340
393 342 393 342
396 342 396 342
397 342 397 342
399 342 399 341
400 342 400 342
401 342 401 342
402 342 403 342
404 342 404 342
405 342 405 342
406 342 406 342
408 342 408 342
409 342 409 342
410 342 410 342
413 342 413 341
414 342 414 341
419 342 419 342
421 342 421 342
422 342 422 341
423 342 424 341
425 342 426 341
393 343 393 343
395 343 395 343
396 343 396 343
397 343 397 344
399 343 398 343
400 343 400 343
401 343 401 343
402 343 403 343
404 343 404 343
405 343 405 343
406 343 406 343
408 343 408 343
409 343 409 343
410 343 410 343
412 343 412 343
413 343 413 343
414 343 414 343
416 343 416 343
417 343 417 343
419 343 419 343
422 343 423 342
423 343 424 342
393 344 393 344
395 344 395 344
396 344 396 345
397 344 397 345
399 344 398 345
400 344 400 345
401 344 401 344
402 344 403 344
404 344 404 344
405 344 405 344
406 344 406 344
408 344 408 344
409 344 409 344
410 344 410 344
412 344 412 344
413 344 413 344
416 344 416 344
419 344 419 344
421 344 421 344
393 346 393 346
395 346 395 346
396 346 396 346
397 346 397 346
399 346 398 346
400 346 400 346
401 346 401 346
402 346 403 346
404 346 404 346
405 346 405 346
406 346 406 346
408 346 408 346
409 346 409 346
410 346 410 346
412 346 412 346
413 346 413 346
418 346 418 346
395 347 395 347
396 347 396 347
397 347 397 348
399 347 399 348
400 347 400 348
401 347 401 347
402 347 403 347
404 347 404 347
405 347 405 347
406 347 406 347
408 347 408 347
409 347 409 347
410 347 410 347
412 347 412 347
413 347 413 347
414 347 414 347
416 347 415 347
417 347 417 347
418 347 418 347
395 348 395 348
396 348 396 348
397 348 397 349
399 348 399 349
400 348 400 349
401 348 401 348
402 348 402 348
404 348 404 348
405 348 405 348
406 348 406 348
408 348 408 348
409 348 409 348
410 348 410 348
412 348 412 348
413 348 413 348
414 348 414 348
400 350 400 350
401 350 401 350
402 350 403 350
404 350 404 349
405 350 405 349
406 350 406 349
408 350 408 349
409 350 409 349
410 350 410 350
412 350 412 349
413 350 413 349
