417 316 416 317
418 316 417 317
419 316 418 317
422 316 420 317
416 317 414 318
417 317 415 318
418 317 417 318
419 317 418 318
422 317 420 318
423 317 421 318
425 317 423 318
413 318 412 320
416 318 414 320
417 318 415 320
418 318 417 319
419 318 418 320
422 318 420 320
423 318 421 320
425 318 423 320
413 320 410 322
414 320 412 321
416 320 414 321
417 320 415 321
418 320 416 321
421 320 419 321
422 320 420 321
423 320 421 321
410 321 408 323
421 321 419 323
412 322 410 323
414 322 412 323
416 322 414 323
417 322 415 324
418 322 416 324
422 322 420 324
423 322 421 324
425 322 423 324
412 324 410 325
416 324 414 325
417 324 415 325
418 324 416 325
421 324 419 325
422 324 419 325
423 324 421 325
425 324 423 325
428 324 426 325
410 325 409 326
412 325 410 326
416 325 414 327
417 325 415 326
418 325 416 326
421 325 418 327
422 325 420 327
423 325 421 327
425 325 423 327
428 325 426 326
436 325 433 325
409 326 407 328
416 326 414 328
417 326 415 328
419 326 417 328
421 326 418 328
422 326 419 328
423 326 421 328
426 326 424 328
428 326 426 328
431 326 430 326
432 326 431 327
412 327 410 329
421 327 418 329
438 327 435 330
404 329 402 330
406 329 404 330
410 329 409 330
412 329 410 330
417 329 415 330
418 329 417 330
422 329 420 330
423 329 422 330
425 329 423 330
428 329 427 330
432 329 431 329
401 330 399 330
404 330 402 331
405 330 403 331
406 330 404 331
410 330 409 331
412 330 410 332
416 330 414 332
417 330 415 331
418 330 417 331
419 330 418 331
422 330 420 332
423 330 421 331
425 330 423 331
427 330 425 331
400 331 398 332
402 331 401 332
404 331 402 332
405 331 403 333
406 331 404 333
410 331 408 333
412 331 410 333
413 331 411 333
416 331 414 333
417 331 415 333
418 331 417 332
421 331 419 333
422 331 420 333
423 331 421 333
425 331 423 333
397 333 395 333
399 333 397 333
404 333 402 334
412 333 410 334
414 333 412 334
416 333 414 335
417 333 415 334
421 333 419 334
422 333 420 334
423 333 421 334
425 333 423 334
397 334 395 335
399 334 397 335
400 334 398 335
405 334 403 335
406 334 404 335
409 334 407 335
410 334 409 335
418 334 416 335
427 334 425 335
397 335 395 336
399 335 397 336
400 335 398 337
402 335 401 336
404 335 402 336
405 335 403 336
406 335 405 336
409 335 407 336
410 335 408 336
412 335 410 337
413 335 411 337
417 335 415 337
418 335 416 336
421 335 419 337
422 335 420 337
423 335 421 337
425 335 423 337
427 335 425 336
428 335 426 336
430 335 428 336
431 335 429 336
397 336 395 337
399 336 397 338
400 336 398 338
402 336 401 338
404 336 402 338
405 336 403 338
406 336 405 338
409 336 407 338
410 336 408 338
412 336 410 338
416 336 414 338
417 336 415 338
418 336 416 338
421 336 419 338
422 336 420 338
423 336 421 338
425 336 423 338
427 336 425 338
428 336 426 338
400 338 398 339
404 338 402 339
405 338 403 339
408 338 405 340
409 338 407 340
410 338 408 339
412 338 410 339
414 338 412 340
416 338 413 340
417 338 415 340
418 338 416 340
421 338 419 340
422 338 420 340
426 338 424 340
427 338 425 340
428 338 426 339
397 339 395 340
399 339 396 340
397 340 395 341
399 340 397 341
400 340 398 341
404 340 402 341
405 340 403 341
406 340 405 341
408 340 406 341
410 340 408 342
412 340 410 341
413 340 411 341
416 340 414 342
417 340 415 342
418 340 416 342
425 340 423 341
393 342 391 343
399 342 397 343
400 342 398 343
402 342 400 343
404 342 402 343
405 342 403 343
406 342 404 343
409 342 407 343
410 342 408 343
412 342 410 343
413 342 411 343
416 342 414 343
417 342 415 343
418 342 416 343
421 342 418 344
422 342 420 343
423 342 422 343
425 342 423 343
393 343 391 344
397 343 395 345
399 343 396 344
402 343 401 344
404 343 402 344
405 343 403 344
406 343 404 344
409 343 407 344
410 343 408 344
412 343 410 345
413 343 411 345
416 343 414 345
417 343 415 345
419 343 417 345
421 343 418 345
423 343 421 344
396 344 394 346
402 344 401 346
404 344 402 346
405 344 403 346
409 344 407 346
412 344 410 346
416 344 414 346
417 344 415 346
393 346 391 347
397 346 395 346
399 346 397 347
400 346 398 347
406 346 404 347
410 346 408 347
402 347 400 348
404 347 402 348
405 347 403 348
406 347 404 348
409 347 407 348
410 347 408 348
412 347 410 348
413 347 411 348
414 347 413 348
417 347 417 347
418 347 418 347
396 348 394 349
400 348 398 349
404 348 402 349
405 348 403 349
406 348 404 350
409 348 407 349
410 348 408 349
412 348 410 349
413 348 411 349
416 348 415 348
417 348 417 348
397 350 395 350
404 350 402 351
409 350 407 351
