452 250 451 253
454 250 453 253
455 250 454 253
460 250 457 253
461 250 459 253
462 250 460 253
452 252 451 255
460 252 458 255
462 252 460 255
452 253 451 256
452 255 451 258
460 255 457 256
461 255 459 257
462 255 460 257
460 256 457 258
461 256 459 258
462 256 460 258
451 258 450 260
460 258 457 259
461 258 459 260
462 258 461 260
451 259 450 262
461 259 459 262
462 259 461 262
451 260 450 263
458 260 456 262
460 260 457 263
461 260 459 264
451 262 450 265
452 262 451 265
458 262 456 264
462 262 461 263
451 263 450 266
452 263 451 266
457 263 454 265
458 263 456 265
460 263 458 265
462 263 461 265
458 265 456 267
460 265 458 267
461 265 460 267
443 266 442 269
457 266 454 268
461 266 459 268
462 266 460 268
442 268 441 271
443 268 442 271
445 268 444 270
461 268 459 269
462 268 460 269
442 269 441 272
443 269 442 272
462 269 460 270
441 271 440 273
442 271 441 273
441 272 440 275
442 272 441 275
452 272 450 275
454 272 452 275
462 272 460 273
441 274 439 276
445 274 444 276
441 275 439 278
445 275 444 278
455 275 453 277
458 275 456 277
445 276 444 279
458 276 456 278
445 278 444 281
446 278 445 281
448 278 447 281
449 278 448 281
460 278 457 280
461 278 458 280
462 278 460 280
441 279 440 282
446 279 445 282
448 279 447 282
451 279 450 282
458 279 457 282
460 279 458 282
462 279 460 281
464 279 462 281
441 281 440 284
442 281 441 284
443 281 442 284
448 281 447 284
449 281 448 284
452 281 451 284
460 281 458 284
465 281 464 283
441 282 440 285
442 282 441 285
443 282 442 285
448 282 447 285
449 282 448 285
451 282 450 285
452 282 451 285
454 282 453 285
478 282 477 284
443 284 443 287
445 284 444 287
451 284 450 287
452 284 451 287
454 284 453 287
457 284 456 287
461 284 460 287
462 284 461 287
465 284 464 286
467 284 466 286
468 284 467 286
470 284 469 286
471 284 470 287
473 284 472 287
474 284 473 287
476 284 475 287
478 284 477 286
443 285 443 288
445 285 444 288
451 285 450 288
452 285 451 288
454 285 453 288
455 285 454 288
458 285 457 288
461 285 460 288
462 285 461 288
464 285 463 288
465 285 464 288
467 285 466 288
468 285 467 288
470 285 469 288
471 285 470 288
473 285 472 288
474 285 473 288
476 285 475 288
478 285 478 288
445 287 444 290
446 287 445 290
448 287 447 290
449 287 448 290
457 287 456 290
458 287 457 290
460 287 458 290
461 287 460 290
462 287 461 290
464 287 463 290
465 287 464 290
467 287 466 289
471 287 470 290
473 287 472 290
477 287 477 290
478 287 478 290
446 288 445 291
448 288 447 291
449 288 448 291
458 288 457 291
460 288 459 291
461 288 460 291
462 288 461 291
464 288 463 291
465 288 464 291
467 288 466 291
468 288 467 291
470 288 469 291
471 288 470 291
473 288 472 291
474 288 473 291
448 290 447 293
449 290 448 293
461 290 460 293
462 290 462 293
464 290 463 293
465 290 464 293
467 290 466 293
468 290 467 292
470 290 469 292
471 290 470 292
473 290 472 292
474 290 473 293
462 291 462 294
464 291 463 294
465 291 464 294
467 291 466 294
468 291 467 294
470 291 469 294
471 291 470 294
473 291 472 294
474 291 473 294
455 293 454 295
464 293 463 296
465 293 464 296
467 293 466 296
468 293 467 295
470 293 469 295
471 293 470 295
473 293 472 295
474 293 473 295
457 294 456 297
458 294 457 297
465 294 464 297
467 294 466 297
468 294 467 297
470 294 469 297
474 294 473 297
476 294 475 297
477 294 476 297
458 295 457 298
465 295 464 299
467 295 466 298
468 295 467 298
470 295 469 298
471 295 470 298
473 295 472 298
476 295 475 298
477 295 477 298
460 297 459 300
461 297 460 300
465 297 465 300
467 297 466 300
468 297 467 300
470 297 469 300
471 297 470 300
473 297 472 300
460 298 459 301
461 298 460 301
465 298 465 301
467 298 466 301
468 298 467 301
470 298 469 301
471 298 470 301
465 300 465 303
467 300 466 303
468 300 467 303
470 300 469 303
467 301 467 304
470 301 469 304
471 301 470 304
473 301 472 304
474 301 473 304
476 301 475 304
