445 278 424 305
446 278 425 304
446 279 426 307
448 279 427 307
448 281 428 308
449 281 429 308
451 281 429 307
452 281 431 308
448 282 428 310
452 282 431 309
449 284 429 312
451 284 431 312
452 284 432 312
454 284 433 312
452 285 432 314
470 285 449 312
474 285 456 314
476 285 459 315
461 287 440 315
462 287 441 315
468 287 447 314
470 287 449 313
471 287 452 316
473 287 454 316
474 287 456 316
476 287 459 317
457 288 437 317
460 288 440 317
461 288 441 317
464 288 444 317
465 288 445 317
467 288 447 317
468 288 448 317
470 288 450 317
471 288 452 317
473 288 454 318
474 288 456 318
476 288 458 318
461 290 442 319
462 290 443 319
464 290 445 319
465 290 446 319
468 290 449 319
470 290 450 319
473 290 455 320
474 290 456 320
476 290 459 320
461 291 443 321
464 291 445 321
465 291 446 321
467 291 448 321
470 291 451 321
471 291 452 321
473 291 454 321
474 291 457 322
476 291 459 322
464 293 445 323
465 293 447 323
467 293 448 323
468 293 450 323
470 293 451 323
473 293 454 323
474 293 457 324
464 294 446 325
467 294 449 325
468 294 450 325
470 294 452 325
471 294 453 325
473 294 455 325
474 294 457 325
465 295 447 326
468 295 450 326
470 295 452 326
471 295 453 326
474 295 457 327
467 297 449 328
470 297 452 328
471 297 454 329
473 297 455 328
468 298 451 330
470 298 453 330
