458 250 478 282
460 250 480 282
461 250 482 282
460 252 481 283
446 275 435 291
441 276 429 294
442 276 431 294
443 276 432 294
445 276 434 294
454 276 441 293
441 278 430 296
442 278 431 296
443 278 432 296
445 278 434 296
448 278 436 295
449 278 437 295
451 278 439 295
464 278 445 291
442 279 431 298
443 279 433 298
445 279 434 297
446 279 435 297
448 279 437 297
449 279 438 297
451 279 439 297
452 279 441 297
467 279 450 294
441 281 431 300
443 281 433 299
445 281 434 299
446 281 436 299
448 281 437 299
449 281 438 299
451 281 440 299
452 281 441 298
441 282 430 301
442 282 432 301
445 282 435 301
446 282 436 301
448 282 438 301
451 282 440 301
452 282 441 300
454 282 443 300
455 282 444 300
477 282 469 301
443 284 434 303
446 284 436 303
448 284 438 303
449 284 439 303
451 284 441 303
452 284 442 303
454 284 443 302
460 284 447 301
467 284 456 302
468 284 457 302
471 284 461 302
443 285 434 304
446 285 436 304
448 285 438 304
449 285 439 304
451 285 441 304
452 285 442 304
454 285 444 303
467 285 456 303
468 285 457 303
470 285 459 304
474 285 465 304
446 287 436 306
448 287 438 306
449 287 439 306
451 287 441 306
452 287 442 306
454 287 444 306
455 287 445 306
461 287 449 305
462 287 452 305
464 287 453 305
465 287 455 305
468 287 457 305
470 287 459 306
471 287 461 306
473 287 463 306
474 287 465 306
476 287 468 306
446 288 437 308
448 288 439 308
449 288 440 308
452 288 443 308
454 288 444 308
457 288 447 307
460 288 449 307
461 288 451 307
462 288 452 307
464 288 453 307
465 288 455 307
467 288 457 307
470 288 460 307
471 288 461 307
473 288 464 308
474 288 465 308
476 288 467 308
477 288 469 307
478 288 473 308
448 290 439 310
449 290 440 310
451 290 442 310
452 290 443 310
455 290 445 309
457 290 447 310
458 290 449 309
460 290 450 309
461 290 451 309
464 290 454 309
465 290 455 309
467 290 457 309
468 290 458 309
470 290 460 309
471 290 462 309
473 290 464 310
474 290 465 309
476 290 467 310
477 290 469 310
478 290 472 310
451 291 442 311
452 291 443 311
454 291 445 311
458 291 449 311
460 291 450 311
461 291 452 311
462 291 453 311
465 291 456 310
467 291 457 311
468 291 459 311
470 291 460 311
471 291 462 311
473 291 463 311
474 291 465 311
476 291 467 311
478 291 472 312
455 293 447 313
457 293 448 313
460 293 450 313
461 293 452 313
462 293 453 313
464 293 455 313
467 293 457 313
468 293 459 313
470 293 461 312
471 293 462 313
473 293 464 313
474 293 465 312
478 293 471 314
457 294 448 315
458 294 449 314
461 294 452 314
462 294 453 314
464 294 455 314
465 294 456 314
467 294 458 314
470 294 461 314
471 294 462 314
473 294 464 314
474 294 466 315
477 294 470 315
458 295 450 316
460 295 451 316
461 295 452 316
462 295 454 316
464 295 455 316
465 295 456 316
467 295 458 316
468 295 459 316
470 295 461 316
474 295 466 316
476 295 468 316
477 295 470 316
460 297 451 318
462 297 454 317
464 297 455 317
465 297 457 317
467 297 458 318
468 297 459 318
470 297 461 318
471 297 463 318
473 297 464 318
474 297 466 317
476 297 468 318
477 297 469 318
460 298 452 319
461 298 453 319
462 298 454 319
465 298 457 319
467 298 458 319
468 298 460 319
470 298 461 319
471 298 463 319
473 298 464 319
474 298 466 319
477 298 468 319
478 298 470 319
462 300 455 322
464 300 456 322
465 300 457 321
467 300 458 321
468 300 460 321
470 300 462 321
471 300 463 321
473 300 464 321
474 300 466 321
476 300 468 321
467 301 461 324
470 301 462 323
471 301 463 323
473 301 464 323
474 301 466 322
476 301 468 322
