452 255 414 317
460 255 437 315
452 262 415 311
455 263 410 316
445 265 410 317
443 266 412 320
449 271 391 334
448 274 392 317
449 275 392 339
451 276 394 341
443 278 418 338
448 278 391 343
449 278 392 343
451 278 394 343
446 279 383 325
449 279 392 345
445 281 383 328
446 281 383 327
448 281 423 341
449 281 417 319
451 281 394 348
446 282 384 331
448 282 416 323
449 282 417 322
452 282 405 331
473 282 422 311
443 284 393 334
445 284 395 334
446 284 384 333
451 284 419 323
452 284 404 332
454 284 406 331
446 285 383 334
448 285 385 334
449 285 387 335
452 285 404 334
454 285 406 333
455 285 408 333
468 285 434 318
474 285 423 313
446 287 382 337
448 287 384 337
449 287 387 337
451 287 388 337
452 287 404 336
455 287 407 336
457 287 409 336
464 287 415 330
474 287 427 337
449 288 387 340
454 288 406 339
457 288 408 337
464 288 414 335
465 288 416 333
467 288 433 323
451 290 389 342
454 290 406 341
457 290 408 340
458 290 410 339
460 290 412 339
461 290 413 337
464 290 415 338
465 290 417 338
467 290 419 336
451 291 402 346
454 291 406 345
458 291 410 342
460 291 412 341
464 291 416 342
465 291 417 340
467 291 420 340
468 291 421 339
455 293 408 346
457 293 409 344
458 293 410 344
461 293 414 343
462 293 415 343
467 293 419 342
471 293 404 347
462 294 415 346
464 294 416 346
471 294 405 349
461 295 413 349
464 295 416 348
465 295 418 348
471 295 405 351
473 295 407 352
474 295 409 352
460 297 413 353
461 297 413 351
462 297 415 351
470 297 422 347
471 297 439 338
473 297 406 354
474 297 408 354
476 297 412 355
470 298 422 349
471 298 406 355
468 300 402 358
470 300 405 358
471 300 407 359
474 301 439 344
480 301 423 360
