455 262 411 311
455 263 411 313
443 266 412 317
445 266 414 317
448 275 393 339
448 276 393 341
448 278 393 343
449 278 395 343
451 278 396 343
449 279 395 346
451 279 396 346
442 281 391 328
451 281 404 327
442 282 392 331
443 282 395 331
446 282 417 322
452 282 389 330
470 282 423 332
445 284 397 332
446 284 416 324
449 284 419 323
452 284 406 329
454 284 407 328
449 285 388 336
451 285 390 336
454 285 408 330
455 285 409 330
464 285 432 317
448 287 388 338
451 287 390 338
452 287 422 327
455 287 409 333
457 287 411 333
460 287 413 331
464 287 416 327
465 287 433 319
467 287 435 319
474 287 430 334
476 287 433 334
477 287 434 334
478 287 430 316
449 288 389 341
451 288 391 341
452 288 404 337
454 288 408 336
457 288 410 335
460 288 413 333
461 288 414 333
462 288 415 332
464 288 417 332
467 288 419 330
468 288 437 321
473 288 428 336
474 288 430 337
476 288 432 336
448 290 389 343
451 290 392 343
454 290 408 338
455 290 410 338
458 290 412 337
460 290 414 337
461 290 415 335
462 290 416 334
465 290 432 325
451 291 405 345
454 291 409 343
457 291 411 340
460 291 414 339
461 291 416 339
464 291 418 339
465 291 420 338
467 291 422 338
468 291 424 338
461 293 415 341
468 293 424 339
470 293 426 339
462 294 417 344
471 294 408 348
473 294 410 348
458 295 415 350
462 295 401 351
464 295 420 346
473 295 409 350
474 295 412 351
461 297 417 350
471 297 409 353
474 297 411 352
462 298 421 350
470 298 426 347
473 298 410 354
476 298 414 356
470 300 441 340
473 300 410 357
476 300 414 357
473 301 411 359
