462 255 457 258
460 256 454 259
461 256 456 259
445 265 443 270
446 265 444 270
448 265 446 270
460 265 454 270
443 266 441 271
446 266 444 271
461 266 456 273
458 268 453 273
461 268 456 274
441 269 438 274
462 269 457 275
460 271 455 276
462 272 457 278
443 274 441 279
443 275 440 280
460 275 455 279
461 275 456 279
462 275 457 279
461 276 456 280
445 278 443 283
460 278 455 282
461 278 456 282
464 278 460 282
445 279 443 285
446 279 444 285
460 279 456 284
461 279 456 283
464 279 460 283
467 279 462 283
449 282 447 288
454 282 452 288
451 284 449 290
452 284 450 290
454 284 452 289
455 284 453 289
461 284 458 289
473 284 471 290
474 284 472 289
451 285 449 291
452 285 450 291
454 285 452 291
455 285 453 291
457 285 455 291
458 285 456 291
467 285 464 290
470 285 467 290
473 285 471 291
474 285 472 291
476 285 474 291
454 287 452 292
455 287 453 292
457 287 455 292
458 287 456 292
460 287 457 292
461 287 459 292
467 287 464 292
468 287 465 291
470 287 467 291
473 287 471 293
474 287 472 293
476 287 474 293
457 288 455 294
458 288 456 294
460 288 458 294
461 288 459 293
462 288 460 293
464 288 462 294
465 288 463 294
467 288 465 294
468 288 466 294
470 288 467 293
471 288 469 293
473 288 471 294
474 288 472 294
461 290 459 295
462 290 460 295
464 290 462 295
465 290 463 296
467 290 465 295
468 290 466 295
471 290 469 295
473 290 471 295
474 290 472 295
461 291 459 297
462 291 461 297
464 291 462 297
465 291 463 297
467 291 465 297
468 291 466 297
470 291 468 297
471 291 469 297
473 291 471 297
474 291 472 297
476 291 474 297
464 293 462 298
465 293 463 299
467 293 465 298
468 293 466 298
470 293 468 298
471 293 469 298
473 293 471 298
474 293 472 298
476 293 474 298
477 293 476 298
464 294 462 300
465 294 463 300
467 294 465 300
468 294 466 300
470 294 468 300
474 294 473 300
476 294 474 300
477 294 476 300
478 294 477 300
464 295 462 302
465 295 464 302
467 295 465 302
468 295 467 301
470 295 468 301
471 295 470 301
473 295 471 302
474 295 473 302
476 295 474 301
477 295 476 301
464 297 462 303
465 297 464 303
467 297 465 303
468 297 467 303
470 297 468 303
471 297 470 303
473 297 471 303
474 297 473 303
481 297 480 302
464 298 462 304
465 298 464 304
467 298 465 304
468 298 467 304
470 298 468 304
471 298 470 304
464 300 462 306
465 300 463 306
467 300 465 306
468 300 466 306
470 300 468 306
468 301 466 307
