443 275 412 307
445 276 414 309
446 276 415 308
446 278 415 311
448 278 417 311
445 279 415 313
446 279 416 313
445 281 415 315
446 281 416 315
448 281 418 315
448 282 418 317
449 284 420 319
452 284 422 318
454 284 424 318
451 285 422 321
452 285 424 321
470 285 439 319
465 287 434 321
468 287 437 320
470 287 439 321
467 288 436 323
470 288 439 323
462 290 433 326
464 290 434 326
465 290 436 326
468 290 438 325
470 290 440 325
474 290 446 327
461 291 432 328
462 291 434 328
464 291 435 328
470 291 441 327
471 291 442 327
473 291 444 327
474 291 447 329
464 293 436 330
473 293 445 331
474 293 447 331
464 294 436 332
465 294 437 332
471 294 443 332
465 295 438 334
467 295 439 334
468 295 440 334
470 295 443 335
471 295 443 334
473 295 445 334
474 295 447 334
470 297 442 336
473 297 445 336
474 297 447 336
