458 250 452 296
458 252 453 298
462 253 457 300
452 262 417 310
454 263 439 298
452 265 418 314
448 266 434 308
454 266 420 314
448 275 416 329
445 276 405 314
448 276 433 327
449 276 418 331
451 276 420 331
443 278 414 334
448 278 433 329
449 278 434 329
451 278 420 333
442 279 417 317
443 279 404 318
445 279 406 318
446 279 406 317
452 279 423 335
442 281 417 319
443 281 419 319
445 281 406 320
446 281 408 320
452 281 422 337
443 282 419 321
445 282 421 321
446 282 408 323
448 282 409 322
452 282 422 339
454 282 424 340
443 284 419 323
445 284 421 323
446 284 422 323
448 284 409 324
449 284 411 324
452 284 413 323
454 284 415 323
446 285 422 324
448 285 410 326
449 285 411 326
451 285 413 326
454 285 415 325
446 287 409 329
448 287 410 329
449 287 412 329
454 287 432 323
457 287 418 327
473 287 449 322
474 287 452 322
448 288 425 330
449 288 412 331
451 288 414 331
455 288 434 325
465 288 425 328
470 288 430 328
471 288 432 329
473 288 449 324
451 290 415 333
467 290 428 330
468 290 429 330
478 290 459 325
451 291 429 334
465 291 443 326
467 291 446 326
468 291 429 332
470 291 431 332
471 291 432 333
473 291 434 333
476 291 440 335
477 291 443 336
455 293 419 337
458 293 421 336
462 293 425 336
464 293 426 335
471 293 432 335
473 293 434 335
457 294 421 338
464 294 426 337
465 294 428 337
471 294 433 337
473 294 434 337
462 295 426 340
465 295 428 339
467 295 430 339
471 295 434 339
473 295 435 339
474 295 437 339
476 295 439 339
462 297 426 342
467 297 430 342
468 297 431 342
470 297 433 342
471 297 434 341
473 297 435 341
474 297 437 341
476 297 439 341
467 298 430 344
468 298 432 344
470 298 433 344
473 298 436 343
474 298 437 343
476 298 439 343
477 298 441 343
470 300 434 346
471 300 435 346
473 300 436 346
477 300 441 345
