458 250 459 291
459 250 461 291
452 255 445 299
452 262 427 307
452 263 428 308
452 265 428 310
454 266 430 310
445 274 412 305
446 274 414 305
443 275 412 307
445 275 413 307
441 276 410 309
445 276 414 309
446 276 415 308
449 276 427 326
451 276 419 308
443 278 413 311
446 278 415 311
448 278 417 311
451 278 419 310
441 279 411 314
442 279 412 314
443 279 413 313
445 279 415 313
446 279 416 313
449 279 419 313
441 281 412 316
443 281 414 316
445 281 415 315
446 281 416 315
448 281 418 315
451 281 430 332
468 281 451 314
473 281 476 312
441 282 412 318
445 282 416 318
446 282 432 316
448 282 418 317
452 282 431 334
454 282 434 334
468 282 452 315
470 282 454 315
445 284 431 318
446 284 417 319
449 284 420 319
452 284 422 318
454 284 424 318
445 285 431 320
446 285 417 321
448 285 419 321
451 285 422 321
452 285 424 321
468 285 437 318
470 285 439 319
445 287 431 323
446 287 432 322
448 287 434 322
449 287 421 324
452 287 423 323
454 287 425 323
465 287 434 321
468 287 437 320
470 287 439 321
477 287 452 322
446 288 432 325
448 288 434 324
449 288 421 325
451 288 423 325
454 288 425 325
455 288 426 324
467 288 436 323
470 288 439 323
474 288 446 325
476 288 448 325
477 288 451 326
478 288 466 318
448 290 421 327
451 290 423 327
452 290 425 327
457 290 428 326
459 290 431 326
462 290 433 326
464 290 434 326
465 290 436 326
468 290 438 325
470 290 440 325
474 290 446 327
476 290 449 327
477 290 452 328
478 290 455 329
452 291 425 329
454 291 426 329
457 291 428 328
458 291 430 328
461 291 432 328
462 291 434 328
464 291 435 328
470 291 441 327
471 291 442 327
473 291 444 327
474 291 447 329
476 291 449 329
477 291 452 330
478 291 455 331
455 293 428 331
458 293 430 330
459 293 432 330
462 293 434 330
464 293 436 330
473 293 445 331
474 293 447 331
476 293 449 332
477 293 452 332
457 294 430 333
459 294 432 332
461 294 434 332
464 294 436 332
465 294 437 332
471 294 443 332
477 294 451 333
478 294 455 332
462 295 435 334
465 295 438 334
467 295 439 334
468 295 440 334
470 295 443 335
471 295 443 334
473 295 445 334
474 295 447 334
476 295 449 334
477 295 452 334
462 297 435 336
464 297 437 336
467 297 439 336
468 297 441 336
470 297 442 336
473 297 445 336
474 297 447 336
476 297 449 336
464 298 437 338
467 298 439 338
468 298 441 338
470 298 443 338
471 298 444 338
474 298 447 337
476 298 448 337
477 298 450 337
464 300 437 340
465 300 438 340
470 300 443 340
471 300 445 340
473 300 446 340
474 300 447 340
476 300 449 340
477 300 450 340
468 301 442 342
474 301 448 341
476 301 450 341
