460 250 433 311
461 250 435 311
443 266 411 322
445 266 412 322
451 276 391 340
449 281 416 322
473 281 422 311
442 282 409 330
443 282 391 332
446 282 382 329
448 282 415 326
443 284 392 334
446 284 382 331
448 284 384 331
451 284 417 325
452 284 403 333
454 284 404 332
446 285 381 332
448 285 383 332
451 285 385 333
452 285 403 336
454 285 405 335
448 287 382 335
449 287 384 335
451 287 385 335
452 287 402 338
454 287 404 337
455 287 406 337
464 287 413 333
465 287 415 332
468 287 398 337
470 287 400 338
473 287 421 338
478 287 428 320
451 288 399 342
452 288 401 340
454 288 403 340
455 288 405 339
464 288 412 335
465 288 414 335
467 288 416 334
449 290 384 340
452 290 401 342
454 290 403 342
455 290 405 342
458 290 408 341
460 290 410 340
461 290 411 339
464 290 413 338
465 290 414 340
468 290 418 337
451 291 399 346
454 291 403 345
455 291 405 344
457 291 406 344
460 291 409 343
461 291 411 343
464 291 396 344
465 291 415 342
457 293 406 346
460 293 409 345
461 293 411 345
462 293 395 346
465 293 397 346
468 293 418 343
471 293 401 346
474 293 406 350
461 294 410 347
462 294 411 348
464 294 396 348
467 294 398 349
473 294 404 351
474 294 406 352
476 294 408 353
462 295 411 349
470 295 419 346
471 295 401 351
473 295 403 353
474 295 405 354
480 295 438 338
460 297 409 354
461 297 410 352
462 297 411 352
470 297 418 348
476 297 406 355
462 298 413 354
470 298 419 350
474 298 404 357
476 298 406 356
480 298 440 341
