455 250 453 255
461 250 456 255
452 252 451 257
462 253 457 257
462 255 457 258
460 256 454 259
461 256 456 259
460 258 454 261
461 258 455 261
460 259 454 262
460 260 454 264
461 260 456 263
462 260 457 263
460 262 454 266
445 265 443 270
446 265 444 270
448 265 446 270
460 265 454 270
443 266 441 271
445 266 443 271
446 266 444 271
461 266 456 273
442 268 440 273
445 268 443 273
446 268 444 273
458 268 453 273
461 268 456 274
441 269 438 274
442 269 440 274
443 269 441 274
445 269 443 274
454 269 449 274
457 269 451 275
462 269 457 275
441 271 438 276
442 271 440 276
445 271 442 276
446 271 444 276
452 271 448 276
454 271 449 276
457 271 452 276
460 271 455 276
441 272 438 277
442 272 440 277
445 272 442 277
446 272 443 277
452 272 447 277
454 272 449 277
455 272 450 277
457 272 452 277
458 272 454 278
462 272 457 278
441 274 438 279
442 274 440 279
443 274 441 279
446 274 443 278
452 274 448 278
455 274 451 278
457 274 452 279
458 274 453 279
442 275 439 280
443 275 440 280
445 275 442 280
446 275 443 280
454 275 449 280
457 275 452 280
460 275 455 279
461 275 456 279
462 275 457 279
441 276 438 282
442 276 440 282
445 276 442 281
446 276 443 281
449 276 446 281
458 276 453 281
460 276 455 281
461 276 456 280
441 278 438 283
442 278 440 283
443 278 441 283
445 278 443 283
448 278 445 282
451 278 448 283
455 278 452 283
457 278 452 282
458 278 453 282
460 278 455 282
461 278 456 282
464 278 460 282
441 279 439 285
442 279 440 285
443 279 441 285
445 279 443 285
446 279 444 285
448 279 445 284
449 279 446 284
460 279 456 284
461 279 456 283
464 279 460 283
467 279 462 283
441 281 438 286
442 281 440 286
443 281 441 286
445 281 443 286
449 281 447 287
451 281 449 287
452 281 450 286
457 281 454 286
458 281 455 286
460 281 456 286
465 281 462 285
441 282 438 288
442 282 440 288
443 282 441 288
445 282 443 288
446 282 444 288
449 282 447 288
451 282 449 288
452 282 450 288
454 282 452 288
458 282 455 287
460 282 457 287
461 282 458 287
462 282 460 287
465 282 462 286
468 282 465 287
470 282 468 287
471 282 469 287
473 282 471 287
476 282 474 288
477 282 476 288
478 282 477 287
443 284 441 290
446 284 444 290
448 284 446 290
449 284 447 290
451 284 449 290
452 284 450 290
454 284 452 289
455 284 453 289
460 284 457 289
461 284 458 289
462 284 460 289
467 284 464 288
468 284 465 288
471 284 469 289
473 284 471 290
474 284 472 289
476 284 474 290
477 284 476 290
478 284 477 290
443 285 442 291
445 285 443 291
446 285 445 291
448 285 446 291
449 285 447 291
451 285 449 291
452 285 450 291
454 285 452 291
455 285 453 291
457 285 455 291
458 285 456 291
462 285 460 291
464 285 461 290
465 285 463 290
467 285 464 290
470 285 467 290
473 285 471 291
474 285 472 291
476 285 474 291
477 285 476 291
478 285 477 291
445 287 443 293
446 287 444 293
448 287 446 293
449 287 447 293
451 287 449 293
452 287 450 292
454 287 452 292
455 287 453 292
457 287 455 292
458 287 456 292
460 287 457 292
461 287 459 292
467 287 464 292
468 287 465 291
470 287 467 291
473 287 471 293
474 287 472 293
476 287 474 293
477 287 476 293
478 287 477 293
446 288 444 294
448 288 446 294
449 288 447 294
451 288 449 294
452 288 450 294
454 288 452 294
455 288 453 294
457 288 455 294
458 288 456 294
460 288 458 294
461 288 459 293
462 288 460 293
464 288 462 294
465 288 463 294
467 288 465 294
468 288 466 294
470 288 467 293
471 288 469 293
473 288 471 294
474 288 472 294
476 288 474 294
477 288 476 294
478 288 478 294
448 290 446 296
449 290 447 295
451 290 449 295
452 290 450 295
454 290 452 295
455 290 453 296
457 290 455 296
458 290 456 296
460 290 458 296
461 290 459 295
462 290 460 295
464 290 462 295
465 290 463 296
467 290 465 295
468 290 466 295
471 290 469 295
473 290 471 295
474 290 472 295
476 290 474 295
477 290 476 296
478 290 478 296
480 290 479 296
451 291 449 297
452 291 450 296
454 291 452 297
455 291 453 297
457 291 455 297
458 291 456 297
460 291 458 297
461 291 459 297
462 291 461 297
464 291 462 297
465 291 463 297
467 291 465 297
468 291 466 297
470 291 468 297
471 291 469 297
473 291 471 297
474 291 472 297
476 291 474 297
477 291 476 297
480 291 479 297
457 293 455 298
458 293 456 299
460 293 458 298
461 293 459 299
462 293 460 299
464 293 462 298
465 293 463 299
467 293 465 298
468 293 466 298
470 293 468 298
471 293 469 298
473 293 471 298
474 293 472 298
476 293 474 298
477 293 476 298
478 293 478 299
480 293 479 298
457 294 455 300
458 294 456 300
460 294 458 300
461 294 459 300
462 294 461 300
464 294 462 300
465 294 463 300
467 294 465 300
468 294 466 300
470 294 468 300
474 294 473 300
476 294 474 300
477 294 476 300
478 294 477 300
480 294 479 300
458 295 456 301
460 295 458 301
461 295 459 301
462 295 461 301
464 295 462 302
465 295 464 302
467 295 465 302
468 295 467 301
470 295 468 301
471 295 470 301
473 295 471 302
474 295 473 302
476 295 474 301
477 295 476 301
460 297 458 303
461 297 459 303
462 297 461 303
464 297 462 303
465 297 464 303
467 297 465 303
468 297 467 303
470 297 468 303
471 297 470 303
473 297 471 303
474 297 473 303
476 297 474 303
477 297 475 303
478 297 477 303
481 297 480 302
460 298 458 304
462 298 461 304
464 298 462 304
465 298 464 304
467 298 465 304
468 298 467 304
470 298 468 304
471 298 470 304
473 298 471 304
474 298 473 304
476 298 474 304
477 298 475 304
478 298 477 304
462 300 461 306
464 300 462 306
465 300 463 306
467 300 465 306
468 300 466 306
470 300 468 306
471 300 470 306
473 300 471 306
474 300 473 306
476 300 474 306
481 300 480 306
468 301 466 307
470 301 468 308
471 301 470 308
473 301 471 307
474 301 473 307
476 301 474 307
477 301 476 308
480 301 479 308
481 301 480 308
