457 250 466 285
458 250 467 285
460 250 469 285
462 250 471 285
458 252 467 287
460 255 469 289
452 263 439 302
454 266 441 305
446 274 425 299
441 275 419 301
442 275 421 301
448 275 426 301
441 276 419 303
442 276 421 303
443 276 422 303
445 276 424 303
448 276 426 303
441 278 420 305
443 278 423 305
445 278 424 305
446 278 425 304
441 279 420 307
442 279 422 307
445 279 424 307
446 279 426 307
448 279 427 307
441 281 421 309
442 281 422 308
445 281 425 309
446 281 426 309
448 281 428 308
449 281 429 308
451 281 429 307
452 281 431 308
473 281 479 300
441 282 422 311
442 282 423 311
443 282 424 310
446 282 426 310
448 282 428 310
452 282 431 309
454 282 433 309
443 284 424 312
445 284 425 312
446 284 427 312
449 284 429 312
451 284 431 312
452 284 432 312
454 284 433 312
477 284 462 314
478 284 463 313
445 285 426 314
446 285 427 314
448 285 428 314
449 285 430 314
452 285 432 314
470 285 449 312
474 285 456 314
476 285 459 315
477 285 461 315
446 287 427 316
448 287 429 316
449 287 430 317
452 287 433 316
454 287 434 316
455 287 436 315
461 287 440 315
462 287 441 315
468 287 447 314
470 287 449 313
471 287 452 316
473 287 454 316
474 287 456 316
476 287 459 317
477 287 461 317
448 288 429 318
449 288 431 318
451 288 432 318
454 288 434 318
455 288 436 317
457 288 437 317
460 288 440 317
461 288 441 317
464 288 444 317
465 288 445 317
467 288 447 317
468 288 448 317
470 288 450 317
471 288 452 317
473 288 454 318
474 288 456 318
476 288 458 318
477 288 461 319
478 288 465 319
448 290 430 320
451 290 433 320
452 290 434 320
454 290 435 320
457 290 438 319
458 290 439 319
461 290 442 319
462 290 443 319
464 290 445 319
465 290 446 319
468 290 449 319
470 290 450 319
473 290 455 320
474 290 456 320
476 290 459 320
477 290 461 321
478 290 464 321
452 291 434 321
454 291 436 321
455 291 437 321
458 291 440 321
460 291 441 321
461 291 443 321
464 291 445 321
465 291 446 321
467 291 448 321
470 291 451 321
471 291 452 321
473 291 454 321
474 291 457 322
476 291 459 322
477 291 461 322
478 291 463 323
480 291 465 323
455 293 437 323
457 293 439 323
460 293 441 323
461 293 443 323
464 293 445 323
465 293 447 323
467 293 448 323
468 293 450 323
470 293 451 323
473 293 454 323
474 293 457 324
476 293 459 324
477 293 461 324
478 293 463 324
480 293 465 324
457 294 439 325
458 294 440 325
461 294 443 325
462 294 445 325
464 294 446 325
467 294 449 325
468 294 450 325
470 294 452 325
471 294 453 325
473 294 455 325
474 294 457 325
476 294 459 325
477 294 461 326
478 294 463 326
480 294 467 324
460 295 442 326
462 295 445 327
464 295 446 327
465 295 447 326
468 295 450 326
470 295 452 326
471 295 453 326
474 295 457 327
476 295 459 327
477 295 461 327
460 297 442 328
461 297 444 328
464 297 446 328
465 297 448 328
467 297 449 328
470 297 452 328
471 297 454 329
473 297 455 328
474 297 457 328
476 297 459 329
477 297 460 329
462 298 445 330
465 298 448 330
467 298 449 330
468 298 451 330
470 298 453 330
473 298 455 330
474 298 457 330
476 298 458 330
477 298 460 330
462 300 445 333
465 300 448 332
467 300 449 332
470 300 453 332
473 300 455 332
474 300 457 332
476 300 459 332
477 300 460 332
468 301 451 334
470 301 453 334
471 301 455 334
473 301 456 334
474 301 458 334
480 301 462 335
