443 271 438 281
441 272 435 282
442 272 436 282
443 272 437 282
442 274 436 284
443 274 438 284
443 275 438 285
445 275 439 285
445 276 439 286
445 278 439 288
446 278 440 288
448 278 442 288
449 278 443 288
446 279 441 290
448 279 442 289
452 279 447 290
448 281 443 292
449 281 444 292
452 281 447 291
458 281 452 290
460 281 453 290
449 282 444 293
452 282 447 293
455 282 450 293
454 284 449 295
455 284 450 295
474 284 470 295
476 284 472 295
454 285 449 296
455 285 450 296
457 285 452 296
460 285 454 296
462 285 457 295
464 285 458 295
465 285 459 295
467 285 461 295
468 285 463 295
470 285 465 295
473 285 469 296
474 285 470 296
476 285 472 296
458 287 453 298
460 287 455 298
461 287 456 297
462 287 457 298
464 287 459 297
465 287 460 297
467 287 462 297
468 287 463 297
471 287 467 298
473 287 468 298
474 287 470 298
476 287 472 298
458 288 453 299
460 288 455 299
461 288 456 299
462 288 458 299
464 288 459 299
465 288 460 299
467 288 462 299
468 288 463 299
470 288 465 299
471 288 467 300
473 288 468 300
474 288 470 299
476 288 472 300
461 290 456 301
462 290 458 301
464 290 459 301
465 290 461 301
467 290 462 301
468 290 463 301
470 290 465 301
471 290 467 301
473 290 469 301
474 290 470 301
476 290 472 301
462 291 458 302
464 291 460 303
465 291 461 303
467 291 463 303
468 291 464 303
470 291 466 303
471 291 467 303
473 291 469 303
474 291 470 302
476 291 472 303
477 291 474 303
464 293 460 304
465 293 461 304
467 293 463 304
468 293 464 304
470 293 466 304
471 293 467 304
473 293 469 304
474 293 470 304
476 293 472 304
464 294 460 306
465 294 461 306
467 294 463 306
468 294 464 306
470 294 466 306
471 294 467 306
473 294 469 306
474 294 470 306
465 295 461 307
467 295 463 307
468 295 464 307
470 295 466 307
471 295 467 307
473 295 469 307
474 295 470 307
468 297 464 309
470 297 466 309
471 297 467 309
473 297 469 309
