445 279 406 318
446 279 406 317
448 282 409 322
448 284 409 324
449 284 411 324
452 284 413 323
454 284 415 323
449 285 411 326
451 285 413 326
454 285 415 325
457 287 418 327
465 288 425 328
470 288 430 328
471 288 432 329
467 290 428 330
468 290 429 330
468 291 429 332
470 291 431 332
471 291 432 333
473 291 434 333
476 291 440 335
464 293 426 335
471 293 432 335
473 293 434 335
465 294 428 337
471 294 433 337
473 294 434 337
465 295 428 339
467 295 430 339
471 295 434 339
473 295 435 339
474 295 437 339
467 297 430 342
468 297 431 342
470 297 433 342
471 297 434 341
473 297 435 341
474 297 437 341
468 298 432 344
470 298 433 344
473 298 436 343
474 298 437 343
476 298 439 343
471 300 435 346
473 300 436 346
