460 250 447 269
461 250 448 269
462 250 450 269
454 252 444 273
460 252 447 271
461 252 448 271
460 253 446 272
448 265 443 275
443 266 438 276
445 266 439 276
443 268 438 278
445 268 439 278
442 269 436 279
443 271 438 281
445 271 439 280
441 272 435 282
442 272 436 282
443 272 437 282
441 274 435 284
442 274 436 284
443 274 438 284
445 274 439 283
446 274 440 284
455 274 445 283
442 275 436 285
443 275 438 285
445 275 439 285
446 275 441 285
454 275 445 285
442 276 436 287
443 276 438 287
445 276 439 286
446 276 441 286
448 276 442 286
461 276 450 283
462 276 451 282
441 278 435 288
443 278 438 288
445 278 439 288
446 278 440 288
448 278 442 288
449 278 443 288
460 278 450 285
462 278 451 284
464 278 453 285
441 279 436 290
442 279 437 290
445 279 439 290
446 279 441 290
448 279 442 289
452 279 447 290
441 281 436 292
442 281 437 291
445 281 439 291
446 281 441 291
448 281 443 292
449 281 444 292
452 281 447 291
458 281 452 290
460 281 453 290
442 282 437 293
443 282 438 293
445 282 440 293
446 282 441 293
449 282 444 293
452 282 447 293
454 282 448 293
455 282 450 293
457 282 451 293
458 282 452 292
460 282 453 292
461 282 455 292
462 282 456 292
464 282 458 292
468 282 463 292
476 282 472 293
477 282 474 294
478 282 475 293
443 284 438 295
445 284 440 295
446 284 441 295
451 284 446 295
454 284 449 295
455 284 450 295
460 284 453 294
461 284 455 294
462 284 456 294
464 284 458 294
465 284 459 293
468 284 463 294
474 284 470 295
476 284 472 295
477 284 474 295
478 284 475 295
443 285 438 296
445 285 440 296
446 285 442 296
448 285 443 296
452 285 447 296
454 285 449 296
455 285 450 296
457 285 452 296
460 285 454 296
462 285 457 295
464 285 458 295
465 285 459 295
467 285 461 295
468 285 463 295
470 285 465 295
473 285 469 296
474 285 470 296
476 285 472 296
477 285 474 297
478 285 475 296
445 287 440 298
446 287 442 298
448 287 443 298
449 287 445 298
452 287 447 297
455 287 451 298
458 287 453 298
460 287 455 298
461 287 456 297
462 287 457 298
464 287 459 297
465 287 460 297
467 287 462 297
468 287 463 297
471 287 467 298
473 287 468 298
474 287 470 298
476 287 472 298
477 287 474 299
478 287 475 299
446 288 442 299
448 288 443 300
449 288 445 300
451 288 446 300
452 288 448 299
454 288 449 299
457 288 452 299
458 288 453 299
460 288 455 299
461 288 456 299
462 288 458 299
464 288 459 299
465 288 460 299
467 288 462 299
468 288 463 299
470 288 465 299
471 288 467 300
473 288 468 300
474 288 470 299
476 288 472 300
477 288 474 300
478 288 476 300
448 290 444 301
449 290 445 301
451 290 447 301
452 290 448 301
454 290 449 301
455 290 451 301
457 290 452 301
460 290 455 301
461 290 456 301
462 290 458 301
464 290 459 301
465 290 461 301
467 290 462 301
468 290 463 301
470 290 465 301
471 290 467 301
473 290 469 301
474 290 470 301
476 290 472 301
477 290 474 302
478 290 476 302
451 291 447 303
452 291 448 303
454 291 450 303
455 291 451 303
457 291 452 303
458 291 454 303
461 291 457 302
462 291 458 302
464 291 460 303
465 291 461 303
467 291 463 303
468 291 464 303
470 291 466 303
471 291 467 303
473 291 469 303
474 291 470 302
476 291 472 303
477 291 474 303
478 291 476 303
480 291 477 303
455 293 451 304
457 293 453 304
458 293 454 304
460 293 455 304
462 293 458 304
464 293 460 304
465 293 461 304
467 293 463 304
468 293 464 304
470 293 466 304
471 293 467 304
473 293 469 304
474 293 470 304
476 293 472 304
477 293 474 304
478 293 476 305
480 293 477 305
481 293 479 305
457 294 453 306
458 294 454 306
460 294 455 306
461 294 457 306
464 294 460 306
465 294 461 306
467 294 463 306
468 294 464 306
470 294 466 306
471 294 467 306
473 294 469 306
474 294 470 306
476 294 472 306
477 294 474 306
478 294 475 306
458 295 454 308
460 295 455 307
461 295 457 307
462 295 458 307
465 295 461 307
467 295 463 307
468 295 464 307
470 295 466 307
471 295 467 307
473 295 469 307
474 295 470 307
476 295 472 307
477 295 474 307
460 297 456 309
461 297 457 309
462 297 459 309
464 297 460 309
467 297 463 309
468 297 464 309
470 297 466 309
471 297 467 309
473 297 469 309
474 297 470 309
476 297 472 309
477 297 473 309
460 298 456 310
461 298 457 310
462 298 459 310
464 298 460 310
465 298 462 310
468 298 464 310
470 298 466 310
471 298 467 310
473 298 469 310
474 298 470 310
476 298 472 310
477 298 473 310
478 298 475 311
462 300 459 312
464 300 460 312
465 300 462 312
468 300 464 312
471 300 467 312
473 300 469 312
474 300 470 312
476 300 472 312
477 300 473 312
467 301 464 314
468 301 465 314
470 301 467 314
471 301 468 314
473 301 469 313
474 301 471 313
477 301 473 314
