452 250 451 253
454 250 453 253
455 250 454 253
460 250 457 253
461 250 459 253
462 250 460 253
452 252 451 255
460 252 458 255
462 252 460 255
452 253 451 256
452 255 451 258
460 255 457 256
461 255 459 257
462 255 460 257
460 256 457 258
461 256 459 258
462 256 460 258
451 258 450 260
460 258 457 259
461 258 459 260
462 258 461 260
451 259 450 262
452 259 451 262
454 259 452 262
461 259 459 262
462 259 461 262
451 260 450 263
452 260 451 263
458 260 456 262
460 260 457 263
461 260 459 264
451 262 450 265
452 262 451 265
458 262 456 264
462 262 461 263
451 263 450 266
452 263 451 266
457 263 454 265
458 263 456 265
460 263 458 265
462 263 461 265
445 265 444 268
446 265 445 268
452 265 451 267
458 265 456 267
460 265 458 267
461 265 460 267
443 266 442 269
457 266 454 268
461 266 459 268
462 266 460 268
442 268 441 271
443 268 442 271
445 268 444 270
446 268 445 270
454 268 452 271
455 268 453 269
461 268 459 269
462 268 460 269
441 269 439 272
442 269 441 272
443 269 442 272
445 269 444 272
446 269 445 272
448 269 447 272
454 269 451 272
455 269 453 271
457 269 454 271
462 269 460 270
441 271 440 273
442 271 441 273
445 271 444 273
446 271 445 273
448 271 447 273
452 271 450 273
455 271 453 272
457 271 454 272
441 272 440 275
442 272 441 275
443 272 442 275
446 272 445 275
452 272 450 275
454 272 452 275
455 272 453 274
457 272 454 273
462 272 460 273
441 274 439 276
442 274 441 276
445 274 444 276
455 274 453 275
441 275 439 278
442 275 441 278
443 275 442 278
445 275 444 278
446 275 445 278
449 275 448 278
452 275 450 277
454 275 452 277
455 275 453 277
457 275 455 276
458 275 456 277
460 275 457 277
441 276 440 279
442 276 441 279
443 276 442 279
445 276 444 279
446 276 445 279
448 276 447 279
449 276 448 279
451 276 450 279
455 276 453 278
457 276 454 279
458 276 456 278
460 276 457 278
461 276 458 278
462 276 459 278
441 278 440 281
442 278 441 281
443 278 442 281
445 278 444 281
446 278 445 281
448 278 447 281
449 278 448 281
455 278 454 281
458 278 456 280
460 278 457 280
461 278 458 280
462 278 460 280
441 279 440 282
442 279 441 282
443 279 442 282
445 279 444 282
446 279 445 282
448 279 447 282
451 279 450 282
452 279 451 282
455 279 454 282
457 279 455 282
458 279 457 282
460 279 458 282
462 279 460 281
464 279 462 281
465 279 463 281
441 281 440 284
442 281 441 284
443 281 442 284
445 281 444 284
446 281 445 284
448 281 447 284
449 281 448 284
451 281 450 284
452 281 451 284
457 281 456 284
458 281 457 283
460 281 458 284
465 281 464 283
467 281 465 283
468 281 466 283
441 282 440 285
442 282 441 285
443 282 442 285
445 282 444 285
446 282 445 285
448 282 447 285
449 282 448 285
451 282 450 285
452 282 451 285
454 282 453 285
457 282 456 285
468 282 467 284
470 282 469 285
471 282 470 285
473 282 472 285
476 282 475 285
477 282 476 284
478 282 477 284
443 284 443 287
445 284 444 287
446 284 445 287
448 284 447 287
449 284 448 287
451 284 450 287
452 284 451 287
454 284 453 287
455 284 454 287
457 284 456 287
460 284 458 287
461 284 460 287
462 284 461 287
464 284 463 287
465 284 464 286
467 284 466 286
468 284 467 286
470 284 469 286
471 284 470 287
473 284 472 287
474 284 473 287
476 284 475 287
477 284 476 287
478 284 477 286
443 285 443 288
445 285 444 288
446 285 446 288
448 285 447 288
449 285 448 288
451 285 450 288
452 285 451 288
454 285 453 288
455 285 454 288
457 285 456 288
458 285 457 288
460 285 458 288
461 285 460 288
462 285 461 288
464 285 463 288
465 285 464 288
467 285 466 288
468 285 467 288
470 285 469 288
471 285 470 288
473 285 472 288
474 285 473 288
476 285 475 288
477 285 476 288
478 285 478 288
445 287 444 290
446 287 445 290
448 287 447 290
449 287 448 290
451 287 450 290
452 287 451 290
454 287 453 290
455 287 454 290
457 287 456 290
458 287 457 290
460 287 458 290
461 287 460 290
462 287 461 290
464 287 463 290
465 287 464 290
467 287 466 289
471 287 470 290
473 287 472 290
476 287 475 290
477 287 477 290
478 287 478 290
446 288 445 291
448 288 447 291
449 288 448 291
451 288 450 291
452 288 451 291
454 288 453 291
455 288 454 291
457 288 456 291
458 288 457 291
460 288 459 291
461 288 460 291
462 288 461 291
464 288 463 291
465 288 464 291
467 288 466 291
468 288 467 291
470 288 469 291
471 288 470 291
473 288 472 291
474 288 473 291
476 288 475 291
477 288 477 291
448 290 447 293
449 290 448 293
451 290 450 292
452 290 451 293
454 290 453 293
455 290 454 293
457 290 456 293
458 290 457 293
460 290 459 293
461 290 460 293
462 290 462 293
464 290 463 293
465 290 464 293
467 290 466 293
468 290 467 292
470 290 469 292
471 290 470 292
473 290 472 292
474 290 473 293
476 290 475 293
477 290 477 293
478 290 478 293
451 291 450 294
452 291 451 294
454 291 453 294
457 291 456 294
458 291 457 294
460 291 459 294
461 291 460 294
462 291 462 294
464 291 463 294
465 291 464 294
467 291 466 294
468 291 467 294
470 291 469 294
471 291 470 294
473 291 472 294
474 291 473 294
476 291 475 294
477 291 476 294
478 291 478 294
480 291 479 294
455 293 454 295
457 293 456 295
458 293 457 296
460 293 459 296
461 293 460 296
462 293 461 296
464 293 463 296
465 293 464 296
467 293 466 296
468 293 467 295
470 293 469 295
471 293 470 295
473 293 472 295
474 293 473 295
476 293 475 295
477 293 476 296
478 293 478 296
480 293 479 296
457 294 456 297
458 294 457 297
460 294 459 297
461 294 460 297
462 294 461 297
464 294 463 297
465 294 464 297
467 294 466 297
468 294 467 297
470 294 469 297
474 294 473 297
476 294 475 297
477 294 476 297
480 294 480 296
458 295 457 298
460 295 459 298
461 295 460 299
462 295 462 298
464 295 463 298
465 295 464 299
467 295 466 298
468 295 467 298
470 295 469 298
471 295 470 298
473 295 472 298
476 295 475 298
477 295 477 298
478 295 478 298
480 295 480 297
460 297 459 300
461 297 460 300
462 297 462 300
464 297 463 300
465 297 465 300
467 297 466 300
468 297 467 300
470 297 469 300
471 297 470 300
473 297 472 300
474 297 473 300
476 297 475 300
477 297 476 300
478 297 477 300
481 297 481 297
460 298 459 301
461 298 460 301
462 298 462 301
464 298 463 301
465 298 465 301
467 298 466 301
468 298 467 301
470 298 469 301
471 298 470 301
473 298 472 301
474 298 473 301
476 298 475 301
477 298 476 301
478 298 477 301
481 298 481 298
462 300 462 303
464 300 463 303
465 300 465 303
467 300 466 303
468 300 467 303
470 300 469 303
471 300 471 303
473 300 472 303
474 300 473 303
476 300 475 303
477 300 476 303
481 300 481 300
467 301 467 304
470 301 469 304
471 301 470 304
473 301 472 304
474 301 473 304
476 301 475 304
477 301 478 304
