441 276 429 294
442 276 431 294
442 278 431 296
443 278 432 296
445 278 434 296
445 279 434 297
446 279 435 297
448 279 437 297
451 279 439 297
448 281 437 299
449 281 438 299
448 282 438 301
454 282 443 300
455 282 444 300
451 284 441 303
452 284 442 303
454 284 443 302
451 285 441 304
452 285 442 304
454 285 444 303
470 285 459 304
474 285 465 304
454 287 444 306
455 287 445 306
461 287 449 305
462 287 452 305
464 287 453 305
465 287 455 305
468 287 457 305
470 287 459 306
471 287 461 306
473 287 463 306
474 287 465 306
457 288 447 307
460 288 449 307
461 288 451 307
462 288 452 307
464 288 453 307
465 288 455 307
467 288 457 307
470 288 460 307
471 288 461 307
473 288 464 308
458 290 449 309
460 290 450 309
461 290 451 309
464 290 454 309
465 290 455 309
467 290 457 309
468 290 458 309
470 290 460 309
471 290 462 309
473 290 464 310
460 291 450 311
461 291 452 311
462 291 453 311
465 291 456 310
467 291 457 311
468 291 459 311
470 291 460 311
471 291 462 311
473 291 463 311
474 291 465 311
462 293 453 313
464 293 455 313
467 293 457 313
468 293 459 313
470 293 461 312
471 293 462 313
473 293 464 313
474 293 465 312
464 294 455 314
465 294 456 314
467 294 458 314
470 294 461 314
471 294 462 314
473 294 464 314
474 294 466 315
464 295 455 316
465 295 456 316
467 295 458 316
468 295 459 316
470 295 461 316
474 295 466 316
464 297 455 317
465 297 457 317
470 297 461 318
471 297 463 318
