412 303 412 303
412 305 412 305
413 305 413 305
415 305 415 305
417 305 417 305
423 305 424 305
425 305 425 305
427 305 427 305
428 305 428 305
430 305 430 306
410 306 410 306
412 306 412 306
413 306 414 306
415 306 415 306
418 306 418 306
420 306 420 306
422 306 422 306
423 306 423 306
425 306 425 306
427 306 427 306
428 306 428 307
430 306 430 307
408 308 409 308
410 308 410 308
412 308 412 308
413 308 413 308
415 308 415 308
417 308 417 308
418 308 418 308
420 308 420 308
422 308 422 308
423 308 423 308
425 308 425 308
427 308 427 308
428 308 428 308
430 308 430 308
407 310 407 310
408 310 408 310
410 310 410 310
412 310 412 310
413 310 413 310
415 310 415 310
417 310 417 310
418 310 418 310
420 310 420 310
422 310 422 310
423 310 423 310
425 310 425 310
427 310 427 310
428 310 428 310
430 310 430 310
410 311 410 311
412 311 412 311
413 311 413 311
415 311 415 311
417 311 417 311
418 311 418 311
420 311 420 311
422 311 422 311
423 311 423 311
425 311 425 311
427 311 427 311
428 311 428 311
430 311 430 311
407 313 407 313
408 313 409 313
413 313 413 313
415 313 415 313
417 313 417 313
418 313 418 313
420 313 420 313
422 313 422 313
423 313 423 313
425 313 425 313
427 313 427 313
428 313 428 313
430 313 430 313
374 315 374 315
395 315 397 312
407 315 407 315
408 315 409 315
410 315 410 315
412 315 412 315
413 315 413 315
415 315 415 315
417 315 417 315
418 315 418 315
420 315 420 315
422 315 422 315
423 315 423 315
425 315 425 315
427 315 427 315
428 315 428 315
430 315 430 315
372 316 372 316
374 316 374 316
375 316 375 316
377 316 377 316
392 316 393 312
395 316 397 313
407 316 407 316
408 316 409 316
412 316 412 316
413 316 414 316
415 316 415 316
417 316 417 316
418 316 418 316
420 316 420 316
422 316 422 316
423 316 423 316
425 316 425 316
430 316 430 316
374 318 374 318
375 318 375 318
377 318 377 318
379 318 379 318
380 318 380 318
384 318 384 318
390 318 392 313
392 318 393 313
394 318 395 313
395 318 397 315
408 318 409 318
410 318 410 318
412 318 412 318
413 318 414 318
415 318 415 318
417 318 417 318
418 318 418 318
420 318 420 318
422 318 422 318
423 318 423 318
425 318 425 318
372 320 372 320
374 320 374 320
375 320 375 320
377 320 377 320
379 320 379 320
380 320 380 320
382 320 382 320
384 320 384 320
405 320 405 320
407 320 407 320
408 320 408 320
410 320 410 320
412 320 412 320
413 320 413 320
415 320 415 320
417 320 417 320
418 320 418 320
420 320 420 320
422 320 422 320
423 320 423 320
430 320 430 320
372 321 372 321
374 321 374 321
375 321 375 321
377 321 377 321
379 321 379 321
380 321 380 321
382 321 382 321
397 321 397 321
399 321 399 321
402 321 402 321
404 321 404 321
405 321 405 321
407 321 407 321
408 321 408 321
410 321 410 321
412 321 412 321
413 321 413 321
415 321 415 321
417 321 417 321
418 321 418 321
420 321 420 321
422 321 422 321
423 321 423 321
427 321 427 322
430 321 430 322
433 321 433 321
372 323 372 323
374 323 374 323
375 323 375 323
377 323 377 323
379 323 379 323
380 323 380 323
382 323 382 323
384 323 384 323
385 323 385 323
394 323 393 318
395 323 395 323
399 323 399 323
404 323 403 323
405 323 405 323
407 323 407 323
408 323 408 323
410 323 410 323
412 323 412 323
413 323 414 323
415 323 415 323
417 323 417 323
418 323 418 323
420 323 420 323
422 323 422 323
423 323 423 323
425 323 425 323
428 323 428 323
432 323 432 321
372 325 372 325
374 325 374 325
375 325 375 325
377 325 377 324
379 325 379 324
380 325 380 324
382 325 382 324
384 325 384 325
387 325 387 324
389 325 389 325
390 325 390 325
392 325 392 325
394 325 394 325
395 325 395 325
397 325 397 324
399 325 399 325
400 325 400 325
402 325 402 325
404 325 404 325
405 325 405 325
407 325 407 325
408 325 409 325
410 325 410 325
412 325 412 325
413 325 413 325
415 325 415 324
417 325 417 324
418 325 418 325
420 325 420 325
422 325 422 325
423 325 423 325
425 325 425 324
427 325 427 324
432 325 432 323
433 325 433 323
372 326 372 326
374 326 374 326
375 326 375 326
379 326 379 326
380 326 380 326
382 326 382 326
384 326 384 326
385 326 385 326
387 326 387 326
389 326 389 326
390 326 390 326
392 326 392 326
394 326 394 326
395 326 395 326
397 326 397 326
399 326 398 326
400 326 400 326
402 326 402 326
404 326 404 326
405 326 405 326
407 326 407 326
408 326 409 326
410 326 410 326
412 326 412 326
415 326 415 326
417 326 417 326
418 326 418 326
420 326 420 326
422 326 422 326
423 326 423 326
425 326 425 326
427 326 427 326
428 326 428 326
430 326 430 326
432 326 432 325
372 328 372 328
374 328 374 328
375 328 375 328
377 328 377 328
379 328 379 328
380 328 380 328
382 328 382 328
385 328 385 328
387 328 387 328
389 328 389 328
390 328 390 328
392 328 392 328
394 328 394 328
395 328 395 328
397 328 397 328
399 328 398 328
400 328 400 328
402 328 402 328
404 328 404 328
405 328 405 328
407 328 407 328
408 328 408 328
410 328 410 328
412 328 412 328
413 328 413 328
415 328 415 328
417 328 417 328
418 328 418 328
420 328 420 328
422 328 422 328
423 328 424 328
425 328 425 328
427 328 427 328
428 328 428 328
430 328 430 328
432 328 432 328
433 328 434 328
374 330 374 329
375 330 375 330
377 330 377 330
379 330 379 330
380 330 380 329
382 330 382 329
384 330 384 329
387 330 387 330
389 330 389 330
390 330 390 330
392 330 392 330
394 330 394 329
395 330 395 330
397 330 397 330
399 330 399 330
400 330 400 330
402 330 402 330
404 330 404 329
405 330 405 330
407 330 407 330
408 330 409 330
410 330 410 330
412 330 412 330
413 330 413 330
415 330 415 330
417 330 417 330
418 330 418 330
420 330 420 330
422 330 422 330
423 330 424 330
425 330 425 330
427 330 427 330
428 330 428 330
430 330 430 330
432 330 432 330
433 330 433 330
435 330 435 330
374 331 374 331
375 331 375 331
377 331 377 331
379 331 379 331
380 331 380 331
382 331 382 331
384 331 384 331
385 331 385 331
387 331 387 331
389 331 389 331
390 331 390 331
392 331 392 331
394 331 394 331
395 331 395 331
397 331 397 331
399 331 399 331
400 331 400 331
402 331 402 331
404 331 403 331
405 331 405 331
407 331 407 331
408 331 408 331
410 331 410 331
412 331 412 331
413 331 414 331
415 331 415 331
417 331 417 331
418 331 418 331
420 331 420 331
422 331 422 331
423 331 423 331
425 331 425 331
427 331 427 331
428 331 428 331
430 331 430 331
432 331 432 331
433 331 433 332
435 331 435 332
374 333 374 334
375 333 375 333
377 333 377 333
379 333 379 333
380 333 380 333
382 333 382 333
384 333 384 333
385 333 385 333
387 333 387 333
389 333 389 333
390 333 390 333
392 333 392 333
394 333 394 333
395 333 395 333
397 333 397 333
399 333 399 333
400 333 400 333
402 333 402 333
404 333 404 333
405 333 405 333
407 333 407 333
408 333 408 333
410 333 410 333
412 333 412 333
413 333 414 333
415 333 415 333
417 333 417 333
418 333 418 333
420 333 420 333
422 333 422 333
423 333 423 333
425 333 425 333
427 333 427 333
428 333 428 333
430 333 430 333
432 333 432 333
433 333 433 334
375 334 375 335
377 334 377 334
379 334 379 335
380 334 380 334
382 334 382 334
384 334 384 334
385 334 385 335
387 334 387 335
389 334 389 335
390 334 390 335
392 334 392 335
394 334 394 335
395 334 395 334
397 334 397 335
399 334 399 335
400 334 400 334
402 334 402 335
404 334 404 335
405 334 405 335
407 334 407 335
408 334 408 334
410 334 410 334
412 334 412 334
413 334 413 335
415 334 415 334
417 334 417 334
418 334 418 334
420 334 420 335
422 334 422 335
423 334 423 335
425 334 425 335
427 334 427 335
430 334 430 335
433 334 433 335
377 336 377 336
379 336 379 336
380 336 380 336
382 336 382 336
384 336 384 336
385 336 385 336
387 336 387 336
389 336 389 336
390 336 390 336
392 336 392 336
394 336 394 336
395 336 395 336
397 336 397 336
399 336 399 336
400 336 400 336
402 336 402 336
404 336 404 336
405 336 405 336
407 336 407 336
408 336 408 336
410 336 410 336
412 336 412 336
413 336 413 336
415 336 415 336
417 336 417 336
418 336 418 336
420 336 420 336
422 336 422 336
423 336 423 336
425 336 425 336
427 336 427 336
428 336 428 336
432 336 432 337
379 338 379 338
380 338 380 338
382 338 382 338
384 338 384 338
385 338 385 338
387 338 387 338
389 338 389 338
390 338 390 338
392 338 392 338
394 338 394 338
395 338 395 338
397 338 397 338
399 338 399 338
400 338 400 338
402 338 402 338
404 338 403 338
405 338 405 338
407 338 407 338
408 338 408 338
410 338 410 338
412 338 412 338
413 338 413 338
415 338 415 338
417 338 417 338
418 338 418 338
420 338 420 338
422 338 422 338
423 338 423 338
425 338 425 338
427 338 427 338
428 338 428 338
430 338 430 339
382 339 382 340
384 339 384 339
385 339 385 340
387 339 387 339
389 339 389 339
390 339 390 340
392 339 392 340
395 339 395 340
397 339 397 339
399 339 398 340
400 339 400 340
402 339 402 340
404 339 404 340
405 339 405 340
407 339 407 340
408 339 408 339
410 339 410 339
412 339 412 339
413 339 413 339
415 339 415 339
417 339 417 339
418 339 418 340
420 339 420 339
422 339 422 340
423 339 423 340
425 339 425 339
427 339 427 339
428 339 429 339
384 341 384 341
385 341 385 341
387 341 387 341
389 341 388 341
390 341 390 341
392 341 392 341
394 341 393 341
395 341 395 341
397 341 397 341
399 341 399 341
400 341 400 341
402 341 402 341
404 341 403 341
405 341 405 341
407 341 407 341
408 341 409 341
410 341 410 341
412 341 412 341
413 341 413 341
415 341 415 341
417 341 417 341
418 341 418 341
420 341 420 341
422 341 422 341
423 341 423 341
425 341 425 341
385 343 385 343
387 343 387 343
389 343 389 343
390 343 390 343
392 343 392 343
394 343 393 343
395 343 395 343
397 343 397 343
399 343 399 343
400 343 400 343
402 343 402 343
404 343 403 343
405 343 405 343
407 343 407 343
408 343 408 343
410 343 410 343
412 343 412 343
413 343 414 343
415 343 415 343
417 343 417 343
418 343 418 343
420 343 420 343
422 343 422 343
387 344 387 345
389 344 389 344
390 344 390 344
392 344 392 344
394 344 393 344
395 344 395 345
397 344 397 345
399 344 399 344
400 344 400 344
402 344 402 344
404 344 404 344
405 344 405 344
407 344 407 345
408 344 408 344
410 344 410 344
412 344 412 345
413 344 413 345
415 344 415 344
417 344 417 345
418 344 418 344
420 344 420 344
389 346 389 346
390 346 390 346
392 346 392 346
394 346 394 346
395 346 395 346
397 346 397 346
399 346 399 346
400 346 400 346
402 346 402 346
404 346 404 346
405 346 405 346
407 346 407 346
408 346 408 346
410 346 410 346
412 346 412 346
413 346 414 346
415 346 415 346
417 346 417 346
418 346 418 346
392 348 392 348
394 348 394 348
395 348 395 348
397 348 397 348
399 348 399 348
400 348 400 348
402 348 402 348
404 348 404 348
405 348 405 348
407 348 407 348
408 348 408 348
410 348 410 348
412 348 412 348
413 348 413 348
415 348 415 348
394 349 394 349
395 349 395 349
397 349 397 349
399 349 399 349
400 349 400 349
402 349 402 349
404 349 403 349
405 349 405 350
407 349 407 349
408 349 408 349
410 349 410 349
412 349 412 349
394 351 394 351
395 351 395 351
397 351 397 351
399 351 399 351
400 351 400 351
402 351 402 351
404 351 403 351
405 351 405 351
407 351 407 351
408 351 408 351
410 351 410 351
