415 314 414 315
416 314 415 315
415 316 414 317
416 316 415 317
418 316 416 317
419 316 418 316
424 316 422 317
425 316 423 317
412 317 410 318
414 317 412 318
415 317 413 318
416 317 415 318
418 317 416 318
420 317 419 318
421 317 420 318
425 317 423 318
427 317 425 318
411 318 409 320
412 318 410 320
414 318 412 320
415 318 413 320
420 318 419 319
421 318 420 320
424 318 422 320
425 318 423 320
427 318 424 320
411 319 408 321
412 319 410 321
414 319 412 321
420 319 418 321
427 319 424 321
411 321 408 323
412 321 410 323
414 321 412 323
415 321 413 322
424 321 422 322
425 321 423 322
414 322 412 325
415 322 413 323
418 322 416 323
419 322 417 323
420 322 418 323
421 322 420 323
424 322 422 324
425 322 423 324
427 322 425 324
410 323 408 324
418 323 416 325
419 323 417 325
420 323 419 324
421 323 420 325
424 323 422 325
425 323 423 325
427 323 424 325
432 323 431 322
419 324 417 326
420 324 418 326
423 324 420 327
424 324 422 326
425 324 423 326
427 324 425 326
430 324 430 323
432 324 431 323
409 326 407 327
410 326 408 327
411 326 409 327
415 326 413 326
430 326 430 325
407 327 405 328
409 327 407 328
410 327 408 328
412 327 410 328
414 327 412 328
415 327 413 328
416 327 414 328
419 327 417 328
420 327 419 328
421 327 420 328
423 327 421 328
425 327 423 328
427 327 425 328
429 327 427 328
432 327 430 327
433 327 432 327
406 328 403 330
407 328 405 330
409 328 407 330
410 328 408 329
412 328 410 330
414 328 412 330
415 328 413 330
418 328 416 329
419 328 417 330
420 328 418 330
421 328 420 329
424 328 422 330
425 328 423 330
427 328 425 330
429 328 427 330
430 328 429 328
432 328 430 328
437 328 435 330
402 330 400 330
403 330 402 330
407 330 405 331
409 330 407 331
412 330 410 331
414 330 412 331
415 330 413 331
418 330 416 331
419 330 417 331
420 330 418 331
423 330 420 331
424 330 422 331
425 330 423 331
427 330 424 331
429 330 427 331
432 330 430 330
433 330 431 330
437 330 435 331
397 331 395 331
398 331 396 332
401 331 399 332
402 331 400 332
403 331 402 332
405 331 403 332
410 331 408 332
415 331 413 333
419 331 417 333
425 331 423 333
427 331 424 333
430 331 429 331
437 331 435 333
397 332 395 333
398 332 396 333
401 332 399 333
402 332 400 333
403 332 402 333
407 332 405 333
409 332 407 333
410 332 408 333
412 332 410 333
414 332 412 333
416 332 415 333
420 332 418 334
421 332 419 334
424 332 422 334
398 333 396 335
401 333 399 335
402 333 400 335
403 333 402 335
405 333 403 335
407 333 405 335
409 333 407 334
410 333 408 334
411 333 409 334
414 333 412 335
415 333 413 335
416 333 414 335
419 333 417 335
420 333 418 335
421 333 419 335
424 333 422 335
425 333 423 335
427 333 425 335
429 333 427 335
432 333 430 335
396 335 394 334
397 335 395 335
402 335 400 336
403 335 402 336
409 335 407 336
410 335 408 336
412 335 410 336
414 335 412 336
415 335 413 336
416 335 414 336
419 335 417 336
420 335 418 336
423 335 421 337
424 335 422 337
425 335 423 337
427 335 424 337
429 335 427 336
432 335 430 336
396 336 394 336
397 336 395 336
398 336 397 337
401 336 399 337
409 336 406 338
412 336 410 338
418 336 416 338
419 336 417 337
420 336 418 338
421 336 419 338
424 336 422 338
425 336 423 338
427 336 424 338
430 336 428 337
396 337 394 338
397 337 395 338
398 337 396 338
402 337 400 338
403 337 402 338
406 337 403 339
410 337 408 338
414 337 412 338
429 337 427 338
430 337 429 338
396 339 394 340
397 339 395 340
400 339 397 340
401 339 399 340
402 339 400 340
403 339 402 340
407 339 405 340
409 339 407 340
410 339 408 340
411 339 409 340
415 339 413 340
418 339 415 340
419 339 417 340
420 339 418 340
423 339 420 340
425 339 423 340
427 339 424 340
429 339 427 340
396 340 394 341
397 340 395 341
398 340 396 342
401 340 399 341
402 340 401 341
403 340 402 341
406 340 403 341
407 340 406 341
409 340 407 341
410 340 408 341
411 340 409 341
415 340 413 341
418 340 415 341
419 340 416 342
420 340 418 342
423 340 420 342
425 340 423 341
427 340 425 341
395 341 392 342
401 341 399 342
409 341 407 342
418 341 415 343
420 341 418 343
423 341 420 343
424 341 422 343
396 342 393 343
400 342 397 343
402 342 400 343
405 342 403 343
407 342 405 343
410 342 408 343
411 342 409 343
415 342 413 343
419 342 416 344
421 342 418 344
423 342 420 344
425 342 423 343
393 344 391 345
397 344 395 345
401 344 399 345
402 344 400 345
403 344 402 345
405 344 403 345
407 344 405 345
409 344 407 345
410 344 408 345
412 344 411 345
414 344 412 345
415 344 413 345
416 344 415 345
421 344 418 346
395 345 392 346
396 345 394 346
397 345 395 346
398 345 396 346
401 345 399 346
402 345 400 346
403 345 402 346
406 345 404 346
407 345 405 346
409 345 407 346
410 345 408 346
411 345 409 346
414 345 412 346
415 345 413 346
416 345 415 346
420 345 416 348
393 346 391 348
396 346 394 348
397 346 395 348
398 346 396 348
401 346 399 348
402 346 400 348
403 346 401 348
406 346 404 348
407 346 405 348
409 346 407 347
410 346 408 347
412 346 411 347
414 346 412 348
396 348 394 349
397 348 395 349
398 348 396 349
401 348 399 349
403 348 401 349
406 348 404 350
407 348 405 349
409 348 406 349
411 348 409 349
412 348 410 349
415 348 412 350
397 349 395 351
398 349 396 351
401 349 399 351
402 349 400 351
403 349 401 351
410 349 407 351
411 349 408 351
414 349 410 351
415 349 413 350
