411 305 411 304
412 305 412 304
420 305 419 304
422 305 420 304
424 305 422 304
427 305 426 304
429 305 428 304
411 306 411 306
412 306 412 306
415 306 416 306
417 306 417 306
419 306 419 306
420 306 420 306
425 306 425 306
427 306 427 306
429 306 429 306
430 306 430 306
407 308 407 308
409 308 409 308
411 308 410 308
414 308 414 308
415 308 415 308
417 308 417 308
419 308 419 308
424 308 424 308
425 308 425 308
427 308 427 308
429 308 429 308
406 310 406 309
407 310 407 310
409 310 409 310
411 310 411 310
412 310 412 310
414 310 414 310
417 310 417 310
419 310 419 310
422 310 422 310
424 310 424 310
425 310 425 310
427 310 427 310
429 310 429 310
430 310 430 309
411 311 411 311
412 311 412 311
417 311 417 311
419 311 419 311
420 311 420 311
422 311 422 311
427 311 427 311
429 311 429 311
430 311 430 311
407 313 407 313
412 313 412 313
414 313 414 313
415 313 415 313
417 313 417 313
419 313 419 313
420 313 420 313
422 313 422 313
424 313 424 313
425 313 425 313
427 313 427 313
430 313 430 313
373 315 373 315
374 315 374 315
384 315 384 315
386 315 386 315
388 315 388 315
389 315 389 315
391 315 391 315
393 315 393 315
404 315 404 314
406 315 406 315
407 315 407 315
409 315 409 315
412 315 412 315
414 315 414 315
415 315 415 315
417 315 417 315
419 315 419 315
420 315 420 315
422 315 422 315
424 315 424 315
425 315 425 315
427 315 427 315
429 315 429 315
373 316 373 316
374 316 375 316
376 316 376 316
378 316 378 316
384 316 384 316
386 316 386 316
388 316 388 316
389 316 389 316
391 316 391 316
394 316 394 316
404 316 404 316
406 316 406 316
407 316 407 316
409 316 409 316
412 316 412 316
414 316 414 316
415 316 415 316
417 316 417 316
419 316 419 316
420 316 420 316
422 316 422 316
424 316 424 316
425 316 425 317
427 316 427 316
429 316 429 317
373 318 373 318
374 318 375 318
376 318 376 318
378 318 378 318
379 318 379 318
383 318 383 318
386 318 386 318
388 318 388 318
389 318 389 318
391 318 391 318
393 318 393 318
394 318 394 318
407 318 407 318
409 318 409 318
411 318 411 318
412 318 412 318
414 318 414 318
415 318 416 318
417 318 417 318
419 318 419 318
420 318 420 318
422 318 422 318
424 318 424 318
425 318 425 318
432 318 432 318
434 318 433 319
373 320 373 320
379 320 379 320
381 320 381 320
383 320 383 320
384 320 384 320
386 320 386 320
389 320 389 320
391 320 391 320
393 320 393 320
394 320 394 320
396 320 396 320
397 320 397 320
399 320 399 320
404 320 404 320
406 320 406 320
407 320 407 320
409 320 409 320
411 320 410 320
412 320 412 320
414 320 414 320
415 320 416 320
417 320 417 320
419 320 419 320
420 320 420 320
422 320 422 320
424 320 424 320
425 320 425 320
427 320 427 320
430 320 430 320
432 320 432 320
434 320 433 320
373 321 373 321
374 321 374 321
376 321 376 321
378 321 378 321
383 321 383 321
384 321 384 321
388 321 388 321
389 321 389 321
391 321 391 321
393 321 393 321
394 321 394 321
396 321 396 321
397 321 397 321
399 321 399 321
401 321 401 321
402 321 402 321
404 321 404 321
406 321 406 321
407 321 407 321
409 321 409 321
411 321 411 321
412 321 412 321
414 321 414 321
415 321 415 321
417 321 417 321
419 321 419 321
420 321 420 321
422 321 422 321
424 321 424 321
429 321 429 321
434 321 434 322
373 323 373 323
374 323 374 323
376 323 376 323
378 323 378 323
379 323 379 323
381 323 381 323
383 323 383 323
384 323 384 323
386 323 386 323
388 323 388 323
389 323 389 323
393 323 392 323
397 323 397 323
399 323 399 323
401 323 401 323
402 323 402 323
404 323 404 323
406 323 406 323
407 323 407 323
409 323 409 323
411 323 411 323
412 323 412 323
414 323 414 323
415 323 415 323
417 323 417 323
419 323 419 323
420 323 420 323
422 323 422 323
424 323 424 323
425 323 425 323
430 323 430 323
432 323 432 323
434 323 433 323
373 325 373 325
378 325 378 325
381 325 381 325
384 325 384 325
386 325 386 325
388 325 388 325
389 325 389 325
391 325 391 324
394 325 394 324
396 325 396 325
401 325 401 325
402 325 402 325
404 325 404 324
406 325 406 325
407 325 407 325
409 325 409 325
411 325 411 325
414 325 414 325
415 325 415 325
417 325 417 325
419 325 419 325
420 325 420 325
422 325 422 324
424 325 424 325
429 325 429 324
434 325 433 325
373 326 373 326
374 326 374 326
376 326 376 326
379 326 379 326
381 326 381 326
384 326 384 326
386 326 386 326
388 326 388 326
389 326 389 326
391 326 391 326
393 326 393 326
394 326 394 326
396 326 396 326
397 326 397 326
399 326 399 326
401 326 401 326
402 326 402 326
404 326 404 326
406 326 406 326
407 326 407 326
409 326 409 326
415 326 415 326
417 326 417 326
419 326 419 326
420 326 420 326
422 326 422 326
424 326 424 326
425 326 425 326
427 326 427 326
429 326 429 326
430 326 430 326
373 328 373 328
374 328 374 328
376 328 376 328
378 328 378 328
379 328 379 328
381 328 381 328
383 328 383 328
386 328 386 328
388 328 388 328
389 328 389 328
391 328 391 328
393 328 392 328
394 328 394 328
397 328 397 328
401 328 401 328
402 328 402 328
404 328 404 328
406 328 406 328
407 328 407 328
409 328 409 328
411 328 411 327
412 328 412 328
414 328 414 328
415 328 415 328
417 328 417 328
419 328 419 328
420 328 420 328
422 328 422 328
424 328 424 328
425 328 425 328
427 328 427 328
429 328 429 327
430 328 430 327
434 328 434 327
435 328 435 328
373 329 373 329
374 329 374 329
376 329 376 329
378 329 378 329
379 329 379 329
381 329 381 330
383 329 383 329
384 329 384 329
386 329 386 329
388 329 388 329
389 329 389 329
393 329 393 329
394 329 394 329
396 329 396 329
399 329 399 329
402 329 402 330
406 329 406 329
407 329 407 329
409 329 409 329
411 329 411 329
412 329 412 330
414 329 414 329
415 329 416 329
417 329 417 329
419 329 419 329
420 329 420 330
422 329 422 330
424 329 424 330
425 329 425 330
427 329 427 329
429 329 429 329
434 329 434 330
435 329 435 330
373 331 373 331
374 331 375 331
376 331 376 331
378 331 378 331
379 331 379 331
381 331 381 331
383 331 383 331
384 331 384 331
386 331 386 331
388 331 388 331
391 331 391 331
393 331 393 331
394 331 394 331
396 331 396 331
397 331 397 331
399 331 399 331
401 331 401 331
402 331 402 331
404 331 404 331
406 331 406 331
407 331 407 331
409 331 409 331
411 331 411 331
412 331 412 331
414 331 414 331
415 331 415 331
417 331 417 331
419 331 419 331
420 331 420 331
422 331 422 331
424 331 424 331
425 331 425 331
427 331 427 331
429 331 428 331
430 331 430 331
435 331 435 331
376 333 376 333
378 333 378 333
379 333 379 333
381 333 381 333
383 333 383 333
384 333 384 333
386 333 386 333
388 333 388 333
389 333 389 333
391 333 391 333
393 333 393 333
394 333 394 333
396 333 396 333
397 333 397 333
399 333 399 333
401 333 401 333
402 333 402 333
404 333 404 333
406 333 406 333
407 333 407 333
409 333 409 333
411 333 411 333
412 333 412 333
414 333 414 333
415 333 416 333
417 333 417 333
419 333 419 333
420 333 420 333
422 333 422 333
424 333 424 333
425 333 425 333
427 333 427 333
429 333 429 333
430 333 430 333
434 333 434 332
376 334 376 334
378 334 378 334
379 334 379 334
386 334 386 334
388 334 388 334
389 334 389 334
391 334 391 334
393 334 393 334
394 334 394 334
396 334 396 334
397 334 397 334
399 334 399 334
401 334 401 334
402 334 402 334
404 334 404 334
406 334 406 334
407 334 407 334
409 334 409 334
411 334 411 334
412 334 412 334
414 334 414 334
415 334 415 334
417 334 417 334
419 334 419 334
420 334 420 334
422 334 422 334
424 334 424 335
425 334 425 335
427 334 427 334
432 334 432 333
434 334 434 333
376 336 376 336
378 336 378 336
379 336 379 336
381 336 381 336
383 336 383 336
384 336 384 336
386 336 386 336
388 336 388 336
389 336 389 336
391 336 391 336
393 336 393 336
396 336 396 336
397 336 397 336
399 336 399 336
401 336 401 336
402 336 402 336
404 336 404 336
406 336 406 336
407 336 407 336
409 336 409 336
411 336 411 336
412 336 412 336
414 336 414 336
415 336 415 336
417 336 417 336
419 336 419 336
420 336 420 336
422 336 422 336
424 336 424 336
425 336 425 336
427 336 427 336
429 336 429 336
430 336 430 335
432 336 432 335
379 338 379 338
381 338 381 338
386 338 386 338
388 338 388 338
389 338 389 338
391 338 391 338
393 338 393 338
394 338 394 338
396 338 396 338
397 338 397 338
399 338 399 338
401 338 401 338
402 338 402 338
404 338 404 338
406 338 406 338
407 338 407 338
409 338 409 338
411 338 411 338
412 338 412 338
414 338 414 338
415 338 415 338
417 338 417 338
419 338 419 338
420 338 420 338
422 338 422 338
424 338 424 338
425 338 425 338
427 338 427 338
430 338 430 338
381 339 381 339
383 339 383 339
384 339 384 339
386 339 386 339
388 339 388 339
389 339 389 339
391 339 391 339
396 339 396 339
397 339 397 339
399 339 399 339
401 339 401 339
402 339 402 339
404 339 404 339
406 339 406 339
407 339 407 339
409 339 409 339
411 339 410 339
412 339 412 339
414 339 414 339
415 339 415 339
417 339 417 339
419 339 419 339
420 339 420 339
422 339 422 339
424 339 424 339
425 339 425 339
427 339 427 339
429 339 429 339
383 341 383 341
386 341 386 341
388 341 388 341
389 341 389 341
391 341 391 341
393 341 393 341
394 341 394 340
397 341 397 341
399 341 399 341
401 341 401 341
402 341 402 341
404 341 404 341
406 341 406 341
407 341 407 341
409 341 409 341
411 341 410 341
412 341 412 341
414 341 414 341
415 341 415 341
417 341 417 341
419 341 419 341
420 341 420 341
422 341 422 341
424 341 424 341
425 341 425 341
386 343 386 343
388 343 388 343
389 343 389 343
391 343 391 343
393 343 393 343
394 343 394 343
396 343 396 343
397 343 397 343
399 343 399 343
401 343 401 343
402 343 402 343
404 343 404 343
406 343 406 343
407 343 407 343
409 343 409 343
411 343 410 343
412 343 412 343
414 343 414 343
415 343 415 343
417 343 417 343
419 343 419 343
420 343 420 343
422 343 422 343
386 344 386 344
388 344 388 344
389 344 389 344
391 344 391 344
393 344 393 344
394 344 394 344
396 344 396 344
397 344 397 344
399 344 399 344
401 344 401 344
402 344 402 344
404 344 404 344
406 344 406 344
407 344 407 344
409 344 409 344
411 344 410 344
412 344 412 344
414 344 414 344
415 344 415 344
417 344 417 344
419 344 419 344
420 344 420 344
389 346 389 346
391 346 391 346
393 346 393 346
394 346 394 346
396 346 396 346
397 346 397 346
399 346 399 346
401 346 401 346
402 346 402 346
404 346 404 346
406 346 406 346
407 346 407 346
409 346 409 346
411 346 410 346
412 346 412 346
414 346 414 346
415 346 415 346
417 346 417 346
419 346 419 346
391 347 391 347
393 347 392 347
394 347 394 347
396 347 396 348
397 347 397 348
399 347 399 347
401 347 401 348
402 347 402 348
404 347 404 347
406 347 406 347
407 347 407 347
409 347 409 348
412 347 412 348
414 347 414 347
415 347 415 347
394 349 394 349
397 349 397 349
399 349 399 349
401 349 401 349
402 349 402 349
404 349 404 349
406 349 406 349
407 349 407 349
409 349 409 349
411 349 411 349
412 349 412 349
396 351 396 351
397 351 397 351
399 351 399 351
401 351 401 351
402 351 402 351
404 351 404 351
406 351 406 351
407 351 407 351
409 351 409 351
411 351 411 351
