415 306 415 306
419 306 419 306
420 306 421 306
422 306 422 306
425 306 425 306
427 306 427 307
409 308 409 308
411 308 411 308
412 308 412 308
414 308 414 308
415 308 415 308
417 308 417 308
419 308 419 308
420 308 420 308
422 308 422 308
424 308 424 308
425 308 425 308
427 308 427 308
429 308 429 308
430 308 430 308
407 310 407 310
409 310 409 310
411 310 411 310
412 310 412 310
414 310 414 310
415 310 415 310
417 310 417 310
419 310 419 310
420 310 420 310
422 310 422 310
424 310 424 310
425 310 425 310
427 310 427 310
430 310 430 310
409 311 409 311
411 311 411 311
412 311 412 311
414 311 414 311
415 311 415 311
417 311 417 312
419 311 419 312
420 311 420 312
422 311 422 312
424 311 424 311
425 311 425 311
427 311 427 311
429 311 429 311
409 313 407 312
414 313 414 313
417 313 417 313
419 313 419 313
420 313 420 313
424 313 424 313
425 313 425 313
427 313 427 313
429 313 429 313
430 313 430 313
409 315 409 315
411 315 411 315
412 315 412 315
414 315 414 315
417 315 417 315
419 315 419 315
420 315 420 315
422 315 422 315
424 315 424 315
425 315 425 315
373 316 372 315
374 316 375 316
409 316 409 316
412 316 412 316
415 316 416 316
417 316 417 316
419 316 419 316
420 316 420 316
422 316 422 316
424 316 424 317
425 316 425 316
427 316 427 316
373 318 372 318
407 318 407 318
409 318 409 318
411 318 411 318
414 318 414 318
415 318 416 318
417 318 417 318
419 318 419 318
420 318 420 318
422 318 422 318
424 318 424 318
425 318 425 318
427 318 427 318
373 320 372 320
374 320 375 320
402 320 402 320
406 320 405 320
407 320 407 320
409 320 409 320
411 320 411 320
414 320 414 320
415 320 416 320
417 320 417 320
419 320 419 320
420 320 420 320
422 320 422 320
424 320 424 320
432 320 432 320
434 320 433 320
374 321 374 321
376 321 376 321
399 321 399 321
402 321 402 321
404 321 404 321
406 321 406 321
407 321 407 321
409 321 409 321
411 321 411 321
414 321 414 321
415 321 415 321
417 321 417 321
419 321 419 321
420 321 420 321
422 321 422 321
427 321 427 322
373 323 372 322
374 323 375 323
376 323 376 323
379 323 379 323
399 323 399 323
404 323 404 323
406 323 406 323
407 323 407 323
409 323 409 323
411 323 411 323
412 323 412 323
414 323 414 323
415 323 415 323
417 323 417 323
419 323 419 323
420 323 420 323
422 323 422 323
425 323 425 323
434 323 434 323
373 325 372 323
374 325 373 324
376 325 376 325
378 325 378 325
381 325 381 325
401 325 401 325
404 325 404 325
406 325 406 325
407 325 407 325
409 325 409 325
411 325 411 325
412 325 412 324
414 325 414 324
415 325 415 324
417 325 417 324
419 325 419 324
420 325 420 325
422 325 422 324
424 325 424 325
425 325 425 325
427 325 427 324
373 326 372 326
374 326 374 326
379 326 379 326
384 326 384 326
399 326 399 326
401 326 401 326
402 326 402 326
404 326 404 326
406 326 406 326
407 326 407 326
409 326 409 326
411 326 411 326
412 326 412 326
414 326 414 326
415 326 415 326
417 326 417 326
419 326 419 326
420 326 420 326
422 326 422 326
424 326 424 326
425 326 425 326
427 326 427 326
429 326 429 325
435 326 435 327
373 328 372 328
374 328 374 328
376 328 376 328
378 328 378 328
386 328 386 328
394 328 394 328
397 328 397 328
399 328 399 328
401 328 401 328
402 328 402 328
404 328 404 328
406 328 406 328
407 328 407 328
409 328 409 328
411 328 411 328
412 328 412 328
414 328 414 328
415 328 415 328
417 328 417 328
419 328 419 328
420 328 420 328
422 328 422 328
424 328 424 328
425 328 425 328
427 328 427 328
429 328 428 328
430 328 430 327
434 328 434 328
435 328 435 329
373 329 373 329
374 329 374 329
376 329 376 329
378 329 378 329
383 329 383 329
384 329 384 329
388 329 388 329
389 329 389 329
393 329 393 329
394 329 394 329
396 329 396 329
397 329 397 329
402 329 402 329
404 329 404 329
406 329 406 329
407 329 407 329
409 329 409 329
411 329 411 329
412 329 412 330
414 329 414 329
415 329 415 329
417 329 417 329
419 329 419 329
420 329 420 329
422 329 422 329
424 329 424 330
425 329 425 330
427 329 427 329
435 329 435 330
373 331 373 332
376 331 376 331
378 331 378 331
379 331 379 331
383 331 383 331
384 331 384 331
386 331 386 331
388 331 388 331
389 331 389 331
393 331 393 331
394 331 394 331
396 331 396 331
397 331 397 331
399 331 399 331
401 331 401 331
402 331 402 331
404 331 404 331
406 331 406 331
407 331 407 331
409 331 409 331
411 331 411 331
412 331 412 331
414 331 414 331
415 331 415 331
417 331 417 331
419 331 419 331
420 331 420 331
422 331 422 331
424 331 424 331
425 331 425 331
427 331 427 331
429 331 428 331
435 331 435 332
376 333 376 333
378 333 378 333
383 333 383 333
384 333 384 333
386 333 386 333
388 333 388 333
389 333 389 333
391 333 391 333
393 333 393 333
394 333 394 333
396 333 396 333
397 333 397 333
399 333 399 333
401 333 401 333
402 333 402 333
404 333 404 333
406 333 406 333
407 333 407 333
409 333 409 333
411 333 411 333
412 333 412 333
414 333 414 333
415 333 416 333
417 333 417 333
419 333 419 333
420 333 420 333
422 333 422 333
424 333 424 333
425 333 425 333
427 333 427 333
429 333 429 333
434 333 433 334
376 334 376 334
378 334 378 334
381 334 381 335
386 334 386 334
389 334 389 334
391 334 391 334
393 334 393 334
394 334 394 334
396 334 396 334
399 334 399 334
401 334 401 334
402 334 402 334
404 334 404 334
406 334 406 334
407 334 407 334
409 334 409 334
411 334 411 334
412 334 412 334
414 334 414 334
415 334 415 334
417 334 417 334
419 334 419 334
420 334 420 334
422 334 422 334
424 334 424 334
425 334 425 334
427 334 427 334
429 334 429 334
430 334 430 335
376 336 376 336
378 336 378 336
379 336 379 336
381 336 381 336
383 336 383 336
386 336 386 336
388 336 388 336
391 336 391 336
393 336 393 336
396 336 396 336
399 336 399 336
401 336 401 336
402 336 402 336
404 336 404 336
406 336 406 336
407 336 407 336
409 336 409 336
411 336 411 336
412 336 412 336
414 336 414 336
415 336 415 336
417 336 417 336
419 336 419 336
420 336 420 336
422 336 422 336
424 336 424 336
425 336 425 336
427 336 427 336
432 336 432 337
379 338 379 338
381 338 381 338
383 338 383 338
386 338 386 338
388 338 388 338
389 338 389 338
391 338 391 338
393 338 392 338
394 338 394 338
396 338 396 338
399 338 399 338
401 338 401 338
402 338 402 338
404 338 404 338
406 338 406 338
407 338 407 338
409 338 409 338
411 338 411 338
412 338 412 338
414 338 414 338
415 338 415 338
417 338 417 338
419 338 419 338
420 338 420 338
422 338 422 338
424 338 424 338
425 338 425 338
427 338 427 338
429 338 428 338
430 338 430 338
383 339 383 339
384 339 384 339
386 339 386 339
388 339 388 339
389 339 389 339
391 339 391 339
393 339 392 340
396 339 396 340
397 339 397 339
399 339 399 339
401 339 401 339
402 339 402 339
404 339 404 339
406 339 406 339
407 339 407 339
409 339 409 339
411 339 411 339
412 339 412 339
414 339 414 339
415 339 416 339
417 339 417 339
419 339 419 339
420 339 420 339
422 339 422 339
424 339 424 339
425 339 425 339
427 339 427 339
429 339 429 339
384 341 384 341
386 341 386 341
388 341 388 341
389 341 389 341
391 341 391 341
393 341 392 341
397 341 397 341
399 341 399 341
401 341 401 341
402 341 402 341
404 341 404 341
406 341 406 341
407 341 407 341
409 341 409 341
411 341 411 341
412 341 412 341
414 341 414 341
415 341 415 341
417 341 417 341
419 341 419 341
420 341 420 341
422 341 422 341
424 341 424 341
425 341 425 341
386 343 386 343
388 343 388 343
389 343 389 343
391 343 391 343
393 343 392 343
394 343 394 342
396 343 396 342
397 343 397 342
399 343 399 343
401 343 401 343
402 343 402 343
404 343 404 343
406 343 406 343
407 343 407 343
409 343 409 343
411 343 410 343
412 343 412 343
414 343 414 343
415 343 415 343
417 343 417 343
419 343 419 343
420 343 420 343
422 343 422 343
388 344 388 344
389 344 389 344
391 344 391 344
393 344 392 344
394 344 394 344
396 344 396 344
397 344 397 344
399 344 399 344
401 344 401 344
402 344 402 344
404 344 404 344
406 344 406 344
407 344 407 344
409 344 409 344
411 344 410 344
412 344 412 344
414 344 414 344
415 344 415 344
417 344 417 344
419 344 419 344
420 344 420 344
389 346 389 346
391 346 391 346
393 346 392 346
397 346 397 346
399 346 399 346
401 346 401 346
402 346 402 346
404 346 404 346
406 346 406 346
407 346 407 346
409 346 409 346
411 346 410 346
412 346 412 346
414 346 414 346
415 346 415 346
417 346 417 346
419 346 419 346
393 347 393 348
394 347 394 347
397 347 397 348
399 347 399 348
401 347 401 348
402 347 402 348
404 347 404 348
406 347 406 348
407 347 407 347
409 347 409 348
411 347 411 348
412 347 412 348
414 347 414 347
415 347 415 347
417 347 417 348
394 349 394 348
396 349 396 346
399 349 399 349
401 349 401 349
402 349 402 349
404 349 404 349
406 349 406 349
407 349 407 349
409 349 409 349
411 349 411 349
412 349 412 349
396 351 395 351
397 351 397 350
399 351 399 351
401 351 401 351
402 351 402 351
404 351 404 351
406 351 406 351
407 351 407 351
409 351 409 351
411 351 411 351
