411 315 411 315
412 315 413 315
414 315 414 315
415 315 416 315
420 315 421 315
424 315 424 315
426 315 426 315
411 316 412 316
412 316 413 316
414 316 414 317
415 316 416 316
418 316 418 316
422 316 422 316
423 316 423 316
424 316 424 316
426 316 426 316
409 317 409 318
411 317 411 318
412 317 412 318
414 317 414 318
415 317 415 318
416 317 416 318
418 317 418 317
420 317 420 317
422 317 422 317
423 317 423 318
424 317 424 317
409 319 410 320
411 319 411 320
412 319 412 320
414 319 414 320
416 319 416 320
418 319 418 319
419 319 419 319
420 319 420 319
422 319 422 319
423 319 423 319
426 319 425 319
408 320 408 321
409 320 409 321
411 320 411 321
414 320 414 321
416 320 416 321
418 320 418 320
420 320 420 320
422 320 422 320
423 320 423 320
412 321 412 322
414 321 414 323
415 321 415 323
418 321 418 321
419 321 419 321
420 321 420 321
422 321 422 321
423 321 423 321
424 321 424 321
427 321 426 322
407 323 407 324
409 323 409 324
411 323 411 324
414 323 413 324
415 323 415 324
418 323 418 323
419 323 419 323
420 323 420 323
422 323 422 323
423 323 423 323
427 323 426 323
430 323 429 324
436 323 436 324
407 324 407 325
409 324 409 325
411 324 411 325
416 324 416 325
418 324 417 324
419 324 419 324
420 324 420 324
422 324 422 324
427 324 426 324
411 325 411 326
412 325 412 326
418 325 417 325
419 325 419 325
420 325 420 325
422 325 421 325
426 325 425 325
427 325 426 325
428 325 427 325
430 325 429 325
434 325 433 325
435 325 435 325
436 325 436 325
408 327 408 327
415 327 415 327
416 327 416 327
418 327 418 327
419 327 419 327
420 327 420 327
422 327 421 327
424 327 424 327
426 327 425 327
427 327 426 327
428 327 427 327
405 328 405 328
408 328 408 329
416 328 416 328
418 328 418 328
422 328 421 328
424 328 423 328
426 328 425 328
427 328 426 328
428 328 427 328
430 328 428 329
435 328 435 328
436 328 436 328
391 329 392 329
392 329 393 329
397 329 398 330
399 329 399 330
403 329 403 330
404 329 404 330
412 329 412 330
416 329 415 329
418 329 417 329
420 329 420 329
422 329 421 329
423 329 422 329
424 329 423 329
426 329 425 329
427 329 426 329
428 329 427 329
434 329 433 329
435 329 435 329
391 331 391 331
395 331 395 331
396 331 396 331
397 331 397 331
399 331 399 331
401 331 401 331
404 331 404 332
405 331 405 331
408 331 408 331
411 331 411 331
412 331 412 331
415 331 414 331
416 331 416 331
418 331 417 331
419 331 418 331
420 331 419 331
422 331 421 331
423 331 422 331
424 331 423 331
426 331 425 331
427 331 426 330
428 331 428 330
430 331 429 331
436 331 436 330
391 332 391 332
393 332 393 332
395 332 395 332
396 332 396 333
397 332 398 333
400 332 400 333
405 332 405 333
407 332 407 333
409 332 410 332
411 332 411 332
415 332 414 333
416 332 415 333
418 332 417 332
419 332 418 332
420 332 419 332
422 332 421 332
423 332 422 332
424 332 423 332
426 332 425 332
427 332 426 332
428 332 428 332
430 332 429 332
436 332 436 331
391 333 391 333
395 333 395 334
399 333 399 334
403 333 403 334
407 333 406 334
408 333 408 333
409 333 410 333
411 333 411 333
412 333 412 333
415 333 414 334
418 333 417 333
419 333 418 333
420 333 420 333
422 333 421 333
423 333 422 334
424 333 423 333
426 333 425 333
427 333 426 333
428 333 427 333
430 333 429 333
431 333 430 333
434 333 433 333
391 335 391 335
393 335 393 335
396 335 396 335
397 335 397 335
400 335 400 335
403 335 403 335
404 335 404 335
407 335 407 335
409 335 410 335
411 335 411 335
412 335 412 335
416 335 415 335
419 335 418 335
420 335 419 335
422 335 421 335
423 335 422 335
424 335 423 335
426 335 425 335
427 335 426 335
428 335 427 334
430 335 429 334
432 335 431 334
434 335 433 334
436 335 436 333
393 336 393 336
395 336 395 336
396 336 396 337
397 336 397 337
399 336 399 337
401 336 401 336
403 336 403 336
404 336 404 336
407 336 407 336
408 336 408 336
409 336 409 336
412 336 411 337
414 336 413 336
415 336 414 336
418 336 417 336
419 336 418 336
420 336 419 336
422 336 421 336
423 336 422 336
424 336 423 336
426 336 425 336
427 336 426 336
428 336 427 335
430 336 429 335
431 336 430 335
432 336 431 335
435 336 432 337
391 338 392 339
392 338 393 338
393 338 393 338
399 338 399 338
403 338 403 338
404 338 404 338
405 338 405 338
407 338 407 337
411 338 410 338
414 338 413 337
415 338 414 337
418 338 417 337
419 338 418 337
420 338 419 337
422 338 421 337
423 338 422 337
424 338 423 337
426 338 425 337
427 338 426 337
428 338 427 337
430 338 429 336
431 338 430 337
435 338 432 338
396 339 396 339
399 339 399 339
400 339 400 339
401 339 401 339
404 339 404 339
407 339 407 339
409 339 409 339
411 339 410 339
412 339 411 339
414 339 413 339
416 339 415 338
418 339 417 339
419 339 418 339
420 339 419 339
422 339 420 338
423 339 422 339
424 339 423 339
426 339 424 338
427 339 426 338
428 339 427 338
430 339 429 338
391 340 391 340
395 340 395 340
396 340 396 341
397 340 398 341
405 340 405 340
408 340 408 340
409 340 409 340
411 340 410 340
412 340 411 340
414 340 413 340
415 340 414 340
418 340 417 340
419 340 418 340
420 340 419 340
422 340 420 340
423 340 422 340
424 340 423 340
426 340 424 340
427 340 426 340
428 340 427 339
431 340 430 339
432 340 429 340
396 342 396 342
397 342 397 342
400 342 400 341
403 342 403 342
404 342 404 341
405 342 405 341
407 342 406 341
409 342 409 342
411 342 410 341
412 342 411 341
414 342 413 341
415 342 414 341
416 342 415 341
418 342 417 341
419 342 418 341
420 342 419 341
422 342 420 341
423 342 422 341
424 342 423 341
426 342 424 341
427 342 426 341
430 342 429 340
393 343 393 343
395 343 395 343
396 343 396 343
397 343 397 343
401 343 401 343
403 343 403 343
404 343 404 343
405 343 405 343
407 343 406 343
408 343 407 343
409 343 409 343
411 343 410 343
412 343 411 343
414 343 413 342
415 343 414 342
416 343 415 342
418 343 417 342
419 343 418 342
420 343 419 342
422 343 420 342
423 343 422 342
424 343 423 342
391 344 391 344
393 344 393 344
395 344 395 344
400 344 400 343
403 344 402 344
404 344 403 344
405 344 405 344
407 344 406 344
408 344 407 344
409 344 409 344
411 344 410 344
412 344 411 344
414 344 413 344
415 344 414 343
416 344 415 344
418 344 417 344
419 344 418 343
420 344 419 343
422 344 421 343
391 346 391 345
393 346 393 345
395 346 395 345
396 346 396 345
397 346 397 345
403 346 402 345
404 346 403 345
405 346 405 345
407 346 406 345
408 346 407 345
409 346 409 345
411 346 410 345
412 346 411 345
414 346 413 345
415 346 414 345
416 346 415 345
418 346 417 345
419 346 418 345
423 346 422 344
392 347 393 346
395 347 394 346
396 347 396 346
397 347 397 346
399 347 398 346
401 347 401 346
403 347 402 346
404 347 403 347
405 347 405 347
407 347 406 347
408 347 407 347
409 347 409 347
411 347 410 347
412 347 411 347
414 347 413 346
415 347 414 346
416 347 415 346
419 347 419 345
424 347 422 345
392 348 393 347
393 348 394 347
396 348 396 348
397 348 397 347
399 348 398 347
400 348 400 347
403 348 402 348
404 348 403 348
405 348 405 348
407 348 406 348
408 348 407 348
409 348 408 348
411 348 410 348
412 348 411 348
414 348 413 347
415 348 414 347
418 348 417 346
419 348 418 346
420 348 419 346
397 350 397 349
399 350 398 349
403 350 402 349
404 350 404 349
405 350 405 349
407 350 406 349
408 350 408 349
409 350 409 349
415 350 415 348
416 350 416 348
396 351 396 349
400 351 400 349
401 351 401 349
404 351 404 350
405 351 405 350
409 351 410 349
411 351 412 349
412 351 413 349
414 351 414 349
415 351 415 349
416 351 416 349
397 352 397 350
399 352 398 350
400 352 400 350
401 352 401 350
403 352 402 350
404 352 406 350
407 352 408 350
408 352 409 350
409 352 410 350
411 352 411 350
412 352 413 350
414 352 414 350
