415 315 414 317
420 315 419 317
423 315 421 317
424 315 422 317
426 315 424 317
414 316 412 318
415 316 414 318
416 316 415 318
419 316 417 318
420 316 419 318
422 316 420 318
424 316 422 318
426 316 424 318
412 317 411 320
414 317 412 320
415 317 414 319
420 317 419 319
422 317 420 319
412 319 410 321
414 319 412 321
415 319 414 321
426 319 423 320
412 320 410 323
418 320 416 322
420 320 418 322
422 320 420 322
424 320 422 322
426 320 423 322
414 321 411 324
415 321 413 323
418 321 416 323
419 321 417 323
420 321 418 323
423 321 421 323
424 321 422 323
427 321 425 322
435 321 432 325
409 323 408 325
412 323 410 325
414 323 411 325
415 323 413 325
418 323 416 325
419 323 417 325
420 323 418 325
423 323 420 325
424 323 422 325
426 323 424 324
427 323 425 324
408 324 407 326
409 324 408 326
412 324 410 326
426 324 423 325
427 324 425 325
430 324 427 325
434 324 430 323
408 325 407 327
414 325 412 327
415 325 413 327
419 325 417 327
420 325 418 327
422 325 420 326
424 325 421 327
426 325 423 327
428 325 425 327
430 325 427 327
412 327 410 329
414 327 412 328
415 327 413 328
418 327 415 328
419 327 417 328
420 327 418 328
422 327 420 328
424 327 422 328
426 327 423 328
428 327 425 328
430 327 427 328
405 328 403 330
407 328 405 330
408 328 406 330
409 328 408 330
412 328 410 330
414 328 411 330
415 328 413 330
418 328 415 329
419 328 417 329
420 328 418 329
424 328 422 330
426 328 423 329
428 328 425 330
430 328 426 330
400 329 398 331
401 329 400 331
404 329 402 331
405 329 403 331
407 329 405 331
408 329 406 331
409 329 407 331
412 329 410 331
414 329 411 331
416 329 414 331
423 329 420 330
432 329 430 329
434 329 431 329
397 331 396 333
400 331 398 333
401 331 400 333
404 331 402 333
405 331 403 333
407 331 405 333
408 331 406 333
411 331 409 333
416 331 414 333
420 331 418 332
423 331 420 332
424 331 421 332
426 331 423 332
428 331 425 332
430 331 426 332
434 331 431 330
435 331 433 330
397 332 396 334
400 332 398 334
401 332 400 334
403 332 401 334
405 332 403 334
412 332 410 333
414 332 411 333
418 332 415 333
419 332 416 333
420 332 418 333
423 332 420 333
424 332 421 333
427 332 424 333
428 332 425 333
407 333 404 335
411 333 408 335
412 333 410 335
414 333 411 335
416 333 413 335
418 333 415 335
419 333 416 335
422 333 419 335
423 333 420 335
424 333 421 335
427 333 424 335
391 335 373 324
392 335 388 334
396 335 394 336
397 335 396 336
400 335 398 336
401 335 399 336
403 335 401 337
405 335 403 336
407 335 404 337
408 335 406 337
411 335 408 337
412 335 410 336
414 335 411 336
416 335 413 336
418 335 415 336
428 335 425 335
430 335 426 335
434 335 430 335
435 335 432 335
436 335 433 335
391 336 373 325
392 336 375 326
399 336 397 337
400 336 398 338
401 336 399 338
404 336 402 338
405 336 403 338
409 336 406 338
411 336 408 338
412 336 409 338
419 336 416 337
422 336 419 337
423 336 420 337
424 336 421 337
427 336 424 337
428 336 425 337
432 336 429 336
434 336 430 336
391 338 373 327
392 338 375 327
393 338 377 327
395 338 393 338
399 338 397 339
400 338 398 339
405 338 403 339
414 338 411 339
415 338 413 339
418 338 415 339
419 338 416 338
422 338 419 338
423 338 420 338
424 338 421 338
427 338 423 338
428 338 425 338
396 339 394 340
407 339 405 340
408 339 406 340
411 339 408 340
412 339 409 340
414 339 411 340
416 339 413 340
418 339 415 340
420 339 417 340
422 339 418 340
423 339 420 340
427 339 423 340
428 339 424 340
431 339 427 339
434 339 430 339
392 340 389 341
393 340 391 341
397 340 395 341
399 340 397 341
400 340 398 342
404 340 402 341
405 340 403 341
407 340 405 341
409 340 407 341
411 340 408 341
412 340 409 341
415 340 412 341
416 340 413 341
418 340 414 341
420 340 417 341
427 340 423 341
431 340 427 340
393 342 391 343
396 342 393 342
399 342 396 343
400 342 398 343
401 342 399 343
404 342 402 343
405 342 403 343
407 342 404 343
409 342 407 343
411 342 408 343
423 342 419 342
392 343 389 344
393 343 391 344
404 343 402 344
412 343 409 344
415 343 412 343
416 343 413 343
418 343 414 344
420 343 416 344
422 343 418 344
423 343 419 343
395 344 392 345
397 344 395 345
399 344 396 345
400 344 398 345
405 344 403 345
407 344 404 345
408 344 405 345
411 344 408 345
412 344 409 345
415 344 412 345
416 344 413 345
418 344 414 345
420 344 416 345
391 346 389 346
393 346 391 346
395 346 392 346
396 346 394 346
399 346 397 346
400 346 398 346
401 346 399 346
404 346 401 347
405 346 403 347
407 346 404 347
409 346 406 347
411 346 408 346
412 346 409 346
401 347 399 348
404 347 401 348
405 347 403 348
407 347 404 348
409 347 406 348
414 347 411 347
416 347 413 347
418 347 414 347
420 347 416 347
423 347 418 347
393 348 391 348
399 348 396 348
400 348 397 348
401 348 399 349
404 348 401 349
411 348 408 348
412 348 409 348
414 348 411 348
396 350 393 348
405 350 403 350
407 350 404 350
409 350 406 350
415 350 413 348
416 350 415 348
396 351 393 350
397 351 394 350
399 351 396 350
400 351 397 350
404 351 401 351
409 351 408 350
412 351 409 350
414 351 411 350
415 351 412 350
397 352 394 351
399 352 396 351
400 352 397 351
401 352 399 351
411 352 408 351
412 352 409 351
414 352 411 351
