415 304 415 304
417 304 417 304
420 304 420 303
412 306 412 306
414 306 414 306
415 306 415 306
419 306 419 306
420 306 420 306
422 306 422 306
424 306 424 306
427 306 427 306
411 308 411 308
412 308 412 308
417 308 417 308
420 308 420 308
422 308 422 308
425 308 425 308
427 308 427 308
429 308 429 308
430 308 430 308
407 309 407 310
409 309 409 309
411 309 411 309
412 309 412 309
414 309 414 309
415 309 415 309
419 309 419 309
420 309 420 309
422 309 422 309
424 309 424 309
425 309 425 309
427 309 427 309
430 309 430 310
407 311 407 311
409 311 409 311
411 311 411 311
412 311 412 311
415 311 415 311
417 311 417 311
419 311 419 311
420 311 420 311
422 311 422 311
424 311 424 311
425 311 425 311
429 311 429 311
430 311 430 311
414 313 414 313
415 313 415 313
417 313 417 313
419 313 419 313
420 313 420 313
424 313 424 313
425 313 425 313
427 313 427 313
429 313 429 313
430 313 430 313
409 314 409 314
411 314 411 314
412 314 412 314
414 314 414 314
417 314 417 314
419 314 419 314
420 314 420 314
422 314 422 314
424 314 424 314
425 314 425 315
373 316 372 315
378 316 378 316
409 316 409 316
412 316 412 316
415 316 415 316
417 316 417 316
419 316 419 316
420 316 420 316
422 316 422 316
424 316 423 316
425 316 425 316
427 316 427 316
373 318 372 317
374 318 375 317
407 318 407 318
409 318 409 318
411 318 411 318
415 318 415 318
417 318 417 318
419 318 419 318
420 318 420 318
422 318 422 318
424 318 424 318
373 319 372 319
378 319 378 319
406 319 406 319
407 319 407 319
409 319 409 319
412 319 412 319
414 319 414 319
415 319 415 319
417 319 417 319
419 319 419 319
420 319 420 319
422 319 422 319
424 319 424 319
432 319 432 320
373 321 372 321
374 321 374 321
379 321 379 321
402 321 402 321
404 321 404 321
406 321 406 321
407 321 407 321
409 321 409 321
411 321 411 321
412 321 412 321
414 321 414 321
415 321 415 321
417 321 417 321
419 321 419 321
420 321 420 321
422 321 422 321
434 321 434 321
373 323 372 322
379 323 379 323
404 323 404 323
406 323 405 322
407 323 407 323
409 323 409 323
411 323 411 323
414 323 414 323
415 323 415 323
417 323 417 323
419 323 419 323
420 323 420 322
422 323 422 323
425 323 425 323
427 323 427 323
434 323 434 323
373 324 372 323
374 324 374 324
376 324 376 324
378 324 378 324
404 324 404 324
406 324 406 324
407 324 407 324
409 324 409 324
412 324 412 324
414 324 414 324
417 324 417 324
419 324 419 324
420 324 420 324
422 324 422 324
425 324 425 324
430 324 430 325
374 326 374 325
381 326 381 326
399 326 399 326
401 326 401 326
404 326 404 326
406 326 405 326
407 326 407 326
409 326 409 326
411 326 411 326
412 326 412 326
415 326 415 325
417 326 417 326
419 326 419 326
420 326 420 326
422 326 422 326
424 326 424 326
425 326 425 326
427 326 427 326
429 326 428 327
430 326 430 326
373 327 372 327
374 327 374 327
376 327 376 327
397 327 397 327
399 327 399 327
401 327 401 327
402 327 402 327
406 327 405 327
407 327 407 327
409 327 409 327
411 327 410 328
414 327 414 327
415 327 415 328
417 327 417 327
419 327 419 327
420 327 420 327
424 327 424 327
425 327 425 328
427 327 427 328
429 327 429 328
432 327 432 326
434 327 434 328
435 327 435 328
379 329 379 329
386 329 386 329
388 329 388 329
394 329 394 329
404 329 404 329
406 329 406 329
409 329 409 329
411 329 411 329
412 329 412 329
414 329 414 329
415 329 415 329
417 329 417 329
419 329 419 329
420 329 420 329
422 329 422 329
425 329 425 329
427 329 427 329
432 329 432 329
434 329 434 330
435 329 435 330
378 331 378 331
383 331 383 331
384 331 384 331
386 331 386 331
388 331 388 331
389 331 389 331
391 331 391 331
393 331 392 331
396 331 396 331
397 331 397 331
399 331 399 331
402 331 402 331
404 331 404 331
407 331 407 331
409 331 409 331
411 331 411 331
412 331 412 331
414 331 414 331
415 331 415 331
417 331 417 331
419 331 419 331
420 331 420 331
424 331 424 330
429 331 429 331
432 331 432 331
434 331 434 331
435 331 435 332
378 332 378 332
379 332 379 332
383 332 383 332
388 332 388 332
389 332 389 332
393 332 392 333
394 332 394 332
396 332 396 332
401 332 401 332
402 332 402 332
406 332 406 332
411 332 411 333
412 332 412 333
414 332 414 332
415 332 415 332
417 332 417 332
419 332 419 332
422 332 422 332
424 332 424 332
425 332 425 332
427 332 427 332
429 332 429 332
430 332 430 332
435 332 435 333
376 334 376 334
384 334 384 334
391 334 391 334
394 334 394 334
396 334 396 334
399 334 399 334
401 334 401 334
402 334 402 334
404 334 404 334
407 334 407 334
409 334 409 334
411 334 411 334
412 334 412 334
414 334 414 334
415 334 415 334
417 334 417 334
419 334 419 334
420 334 420 334
422 334 422 334
424 334 424 334
425 334 425 334
427 334 427 334
429 334 429 334
430 334 431 334
434 334 433 335
378 336 378 336
386 336 386 336
388 336 388 336
389 336 389 336
391 336 391 336
393 336 393 335
394 336 394 335
396 336 395 336
399 336 399 336
401 336 401 336
402 336 402 336
404 336 404 336
406 336 406 336
407 336 407 336
411 336 410 336
415 336 415 336
422 336 422 336
424 336 424 335
425 336 425 335
427 336 427 335
429 336 429 335
384 337 384 337
389 337 389 337
391 337 391 337
393 337 392 337
394 337 394 338
396 337 396 338
397 337 397 338
399 337 399 338
401 337 401 337
402 337 402 337
404 337 404 337
406 337 406 337
409 337 409 337
412 337 412 337
414 337 414 337
417 337 417 337
419 337 419 337
420 337 420 337
422 337 422 337
424 337 424 337
425 337 425 337
427 337 427 337
429 337 429 337
430 337 432 337
381 339 381 339
388 339 388 339
389 339 389 339
391 339 391 339
396 339 396 340
397 339 397 339
399 339 399 339
401 339 401 339
402 339 402 339
404 339 404 339
407 339 407 339
409 339 409 339
411 339 411 339
412 339 412 339
414 339 414 339
415 339 415 339
419 339 419 339
420 339 420 339
427 339 427 339
430 339 430 339
383 341 383 341
384 341 384 340
386 341 386 341
388 341 388 341
389 341 389 341
391 341 391 341
393 341 392 340
407 341 407 341
409 341 409 340
411 341 411 340
412 341 412 340
414 341 414 340
415 341 415 341
417 341 417 341
419 341 419 341
420 341 420 341
422 341 422 341
424 341 424 341
425 341 425 341
384 342 384 342
386 342 386 342
389 342 389 342
391 342 391 342
393 342 392 342
394 342 394 341
396 342 396 341
397 342 397 342
399 342 399 342
401 342 401 342
402 342 402 342
404 342 404 342
406 342 406 342
407 342 407 342
409 342 409 342
411 342 411 342
412 342 412 342
414 342 414 342
415 342 415 342
417 342 417 342
419 342 419 342
420 342 420 342
422 342 422 342
424 342 424 342
388 344 388 344
389 344 389 344
391 344 391 344
393 344 392 344
394 344 394 343
396 344 396 344
397 344 397 344
399 344 399 344
401 344 401 344
402 344 402 344
404 344 404 344
406 344 406 344
407 344 407 344
409 344 409 344
411 344 410 343
412 344 412 343
414 344 414 344
415 344 415 344
417 344 417 344
419 344 419 344
420 344 421 343
422 344 422 343
388 345 388 345
389 345 389 345
391 345 391 345
394 345 394 345
396 345 396 345
397 345 397 345
399 345 399 345
401 345 401 345
402 345 402 346
404 345 404 345
406 345 406 346
407 345 407 346
409 345 409 346
411 345 411 345
412 345 412 345
414 345 414 345
415 345 415 346
417 345 417 345
419 345 420 345
391 347 391 347
393 347 392 347
394 347 394 347
396 347 396 347
397 347 397 346
399 347 399 347
401 347 401 347
402 347 402 347
404 347 404 347
411 347 411 347
412 347 412 347
414 347 414 347
415 347 415 347
417 347 418 346
393 349 393 349
394 349 394 348
397 349 397 349
399 349 399 349
401 349 401 349
402 349 402 349
404 349 404 349
406 349 406 349
407 349 407 349
409 349 409 349
411 349 411 349
412 349 412 349
394 350 393 350
397 350 397 350
399 350 399 350
401 350 401 350
402 350 402 350
406 350 406 350
409 350 409 350
411 350 411 350
412 350 412 350
