409 303 409 302
411 303 411 302
412 303 412 302
414 303 413 302
415 303 415 302
417 303 417 302
420 303 419 302
424 303 422 302
409 304 409 304
411 304 411 304
415 304 415 304
420 304 420 304
422 304 422 304
424 304 424 304
427 304 427 304
409 306 409 306
411 306 411 306
414 306 414 306
417 306 417 306
420 306 420 306
422 306 422 306
424 306 424 306
427 306 427 306
429 306 428 306
407 308 407 308
409 308 409 308
411 308 411 308
412 308 412 308
415 308 415 308
417 308 417 308
419 308 419 308
420 308 420 308
422 308 422 308
430 308 430 308
411 309 411 309
412 309 412 309
414 309 414 309
417 309 417 309
420 309 420 309
422 309 422 309
425 309 425 309
427 309 427 309
429 309 429 309
406 311 405 311
409 311 409 311
415 311 415 311
417 311 417 311
419 311 419 311
420 311 420 311
422 311 422 311
424 311 424 311
425 311 425 311
429 311 429 311
406 313 405 313
407 313 407 313
411 313 411 313
412 313 412 313
414 313 414 313
415 313 415 313
417 313 417 313
419 313 419 313
424 313 424 313
425 313 425 313
427 313 427 313
376 314 376 314
384 314 384 314
386 314 386 314
388 314 387 314
389 314 388 314
391 314 390 314
393 314 392 314
394 314 393 314
406 314 405 314
407 314 407 314
409 314 409 314
411 314 410 314
420 314 420 314
422 314 422 314
425 314 425 315
429 314 429 314
373 316 372 316
374 316 374 316
379 316 379 316
381 316 381 316
384 316 384 315
386 316 386 315
388 316 387 315
389 316 389 315
391 316 390 315
393 316 392 316
394 316 393 316
406 316 406 316
407 316 407 316
409 316 409 316
411 316 411 316
414 316 414 316
415 316 416 316
419 316 419 316
420 316 420 316
422 316 422 316
427 316 427 316
373 318 372 317
374 318 374 318
378 318 378 318
379 318 379 318
381 318 381 317
383 318 382 317
384 318 384 317
386 318 385 317
388 318 387 317
389 318 389 317
391 318 390 317
393 318 392 317
394 318 394 318
396 318 396 318
407 318 407 318
415 318 416 318
417 318 417 318
419 318 419 318
420 318 420 318
422 318 422 318
424 318 424 318
425 318 425 317
427 318 427 318
432 318 432 318
373 319 372 319
374 319 374 319
378 319 378 319
379 319 379 319
381 319 381 319
383 319 383 319
384 319 384 319
386 319 385 318
388 319 387 318
389 319 389 318
391 319 390 318
393 319 392 319
394 319 394 319
396 319 396 319
397 319 397 319
399 319 399 319
401 319 400 319
402 319 402 319
409 319 409 319
411 319 411 319
414 319 414 319
415 319 415 319
417 319 417 319
419 319 419 319
420 319 420 319
422 319 422 319
424 319 424 319
425 319 425 319
430 319 430 320
432 319 432 320
373 321 373 321
383 321 383 320
384 321 384 320
386 321 386 320
388 321 387 320
389 321 389 320
391 321 390 320
393 321 392 321
394 321 394 321
396 321 396 321
397 321 397 321
406 321 406 321
407 321 407 321
409 321 409 321
412 321 412 321
414 321 414 321
415 321 415 321
417 321 417 321
419 321 419 321
420 321 420 321
422 321 422 321
424 321 424 321
427 321 427 322
429 321 429 322
430 321 430 322
373 323 372 322
374 323 374 322
379 323 379 323
386 323 386 322
388 323 388 322
389 323 389 322
391 323 391 322
393 323 392 322
394 323 394 322
396 323 396 322
399 323 399 322
401 323 401 322
402 323 402 322
404 323 404 323
406 323 406 323
407 323 407 323
409 323 409 323
411 323 411 322
415 323 416 322
417 323 417 323
419 323 419 323
420 323 420 323
422 323 422 323
425 323 425 322
427 323 427 323
429 323 429 323
430 323 430 323
432 323 431 322
434 323 433 322
373 324 372 323
374 324 374 324
378 324 378 324
384 324 384 324
391 324 391 324
393 324 393 324
394 324 394 324
397 324 397 324
399 324 399 324
401 324 401 324
404 324 404 324
406 324 406 324
407 324 407 324
409 324 409 324
411 324 411 324
414 324 414 324
415 324 415 324
417 324 417 324
419 324 419 324
420 324 420 324
422 324 422 324
425 324 425 324
429 324 428 325
430 324 430 325
432 324 431 324
434 324 433 324
373 326 372 325
374 326 374 326
376 326 376 326
379 326 379 326
388 326 388 326
389 326 389 326
391 326 391 326
393 326 393 326
394 326 394 326
399 326 399 326
404 326 404 326
406 326 406 326
407 326 407 326
409 326 409 326
411 326 411 326
415 326 415 326
417 326 417 326
419 326 419 326
420 326 420 326
422 326 422 326
424 326 424 326
425 326 425 326
427 326 427 326
429 326 428 327
432 326 431 326
434 326 433 326
374 327 374 327
376 327 376 327
378 327 378 327
379 327 379 327
383 327 383 327
384 327 384 327
386 327 386 327
388 327 388 327
389 327 389 327
391 327 391 327
394 327 394 327
397 327 397 327
401 327 401 327
404 327 404 327
406 327 406 327
407 327 407 327
409 327 409 327
411 327 411 327
412 327 412 327
414 327 414 327
415 327 415 327
417 327 417 327
419 327 419 327
420 327 420 327
424 327 424 327
430 327 430 327
432 327 432 327
434 327 433 327
435 327 435 327
373 329 372 329
374 329 374 329
376 329 376 329
378 329 378 329
379 329 379 329
383 329 383 329
384 329 384 329
386 329 386 329
388 329 388 329
389 329 389 329
391 329 391 329
393 329 392 329
394 329 394 329
396 329 396 329
397 329 397 329
401 329 401 329
404 329 404 329
406 329 406 329
407 329 407 329
409 329 409 329
411 329 411 329
412 329 412 329
414 329 414 329
415 329 415 329
417 329 417 329
419 329 419 329
420 329 420 329
422 329 422 329
424 329 424 329
425 329 425 329
427 329 427 329
429 329 429 329
430 329 430 329
432 329 432 329
434 329 434 329
435 329 435 329
374 331 374 331
383 331 383 331
384 331 384 331
386 331 386 331
388 331 388 331
389 331 389 331
391 331 391 331
394 331 394 331
396 331 396 331
397 331 397 331
399 331 399 331
401 331 401 331
404 331 404 331
407 331 407 331
409 331 409 331
411 331 411 331
412 331 412 331
414 331 414 331
415 331 415 331
417 331 417 331
419 331 419 331
420 331 420 331
422 331 422 331
424 331 424 331
425 331 425 331
427 331 427 331
430 331 430 330
432 331 432 330
434 331 434 331
435 331 435 331
378 332 378 332
379 332 379 332
383 332 383 332
384 332 384 332
386 332 386 332
388 332 388 332
393 332 393 332
394 332 394 332
396 332 396 332
397 332 397 332
399 332 399 332
402 332 402 332
407 332 407 332
409 332 409 332
411 332 411 332
412 332 412 332
414 332 414 332
415 332 415 332
417 332 417 332
419 332 419 332
420 332 420 332
422 332 422 332
424 332 424 332
425 332 425 332
427 332 427 332
429 332 428 332
430 332 430 332
432 332 432 332
434 332 434 332
435 332 435 332
376 334 376 334
378 334 378 334
379 334 379 334
381 334 381 334
383 334 383 334
384 334 384 334
388 334 388 334
389 334 389 334
391 334 391 334
393 334 392 334
394 334 394 334
396 334 396 334
397 334 397 334
401 334 401 334
402 334 402 334
404 334 404 334
406 334 406 334
407 334 407 334
409 334 409 334
411 334 411 334
412 334 412 334
414 334 414 334
415 334 415 334
417 334 417 334
419 334 419 334
420 334 420 334
422 334 422 334
424 334 424 334
425 334 425 334
427 334 427 334
429 334 429 334
430 334 430 334
432 334 432 334
434 334 434 334
376 336 376 336
379 336 379 336
381 336 381 336
384 336 384 336
388 336 388 336
389 336 389 336
391 336 391 336
393 336 392 336
396 336 396 335
399 336 399 336
401 336 401 336
402 336 402 336
404 336 404 336
406 336 406 336
407 336 407 336
409 336 409 336
411 336 411 336
412 336 412 336
414 336 414 336
415 336 415 336
417 336 417 336
419 336 419 336
420 336 420 336
422 336 422 336
424 336 424 336
425 336 425 336
427 336 427 336
429 336 429 336
430 336 430 335
376 337 377 337
379 337 379 337
381 337 381 337
384 337 384 337
386 337 386 337
389 337 389 337
391 337 391 337
393 337 392 337
394 337 394 337
396 337 396 337
399 337 399 337
401 337 401 337
402 337 402 337
404 337 404 337
406 337 406 337
407 337 407 337
409 337 409 337
411 337 411 337
412 337 412 337
414 337 414 337
415 337 416 337
417 337 417 337
419 337 419 337
420 337 420 337
422 337 422 337
424 337 424 337
425 337 425 337
427 337 427 337
429 337 429 337
381 339 381 339
383 339 383 339
386 339 386 339
388 339 388 339
389 339 389 339
391 339 391 339
393 339 392 339
399 339 399 339
401 339 401 339
402 339 402 339
404 339 404 339
406 339 406 339
407 339 407 339
409 339 409 339
411 339 411 339
412 339 412 339
414 339 414 339
415 339 415 339
417 339 417 339
419 339 419 339
420 339 420 339
422 339 422 339
424 339 424 339
425 339 425 339
427 339 427 339
430 339 430 339
384 341 384 341
386 341 386 341
388 341 388 341
389 341 389 341
391 341 391 341
393 341 393 341
394 341 394 341
396 341 396 341
397 341 398 341
399 341 399 341
401 341 401 341
402 341 402 341
404 341 404 341
406 341 406 341
407 341 407 341
409 341 409 341
411 341 410 341
412 341 412 341
414 341 414 341
415 341 416 341
417 341 417 341
419 341 419 341
420 341 420 341
422 341 422 341
424 341 424 341
425 341 425 341
386 342 386 342
388 342 388 342
389 342 389 342
391 342 391 342
393 342 392 342
394 342 394 342
396 342 396 342
397 342 398 342
399 342 399 342
401 342 401 342
402 342 402 342
404 342 404 342
406 342 406 342
407 342 407 342
409 342 409 342
412 342 412 343
414 342 414 342
415 342 416 342
417 342 417 342
419 342 419 342
420 342 420 342
422 342 422 342
424 342 424 342
389 344 389 344
391 344 391 344
393 344 393 344
394 344 394 344
396 344 396 343
397 344 397 344
399 344 399 344
401 344 401 344
402 344 402 344
404 344 404 344
406 344 406 344
407 344 407 344
409 344 409 344
411 344 411 344
414 344 414 344
415 344 416 344
417 344 417 344
419 344 419 344
420 344 420 344
422 344 422 344
389 345 389 346
391 345 391 345
393 345 392 345
394 345 394 345
396 345 396 345
397 345 397 345
399 345 399 345
401 345 401 345
402 345 402 346
404 345 404 345
406 345 406 345
407 345 407 346
409 345 409 346
411 345 411 346
412 345 412 345
414 345 414 345
415 345 415 346
417 345 417 345
419 345 419 345
420 345 420 345
391 347 391 347
393 347 392 347
394 347 394 347
396 347 396 347
397 347 397 349
401 347 401 347
402 347 402 347
404 347 404 347
406 347 406 347
407 347 407 347
409 347 409 347
411 347 411 347
412 347 412 347
414 347 414 347
415 347 416 347
417 347 417 347
394 349 394 349
399 349 399 349
401 349 401 349
402 349 402 349
404 349 404 349
406 349 406 349
407 349 407 349
409 349 409 349
411 349 411 349
412 349 412 349
414 349 414 349
394 350 394 350
396 350 396 351
397 350 397 351
399 350 399 350
401 350 401 350
402 350 402 350
404 350 404 350
406 350 406 350
407 350 407 350
409 350 409 350
411 350 411 350
412 350 412 350
