449 295 412 305
444 297 409 302
445 297 409 303
447 297 410 305
449 297 411 307
451 297 413 307
454 297 423 322
458 297 426 323
449 299 418 323
454 299 422 324
452 300 420 325
456 300 423 324
459 300 425 325
449 302 416 326
452 302 419 326
454 302 422 325
456 302 423 326
459 302 425 327
438 304 383 302
447 304 414 327
449 304 416 328
452 304 418 328
454 304 421 327
456 304 422 327
459 304 424 328
461 304 425 329
447 306 413 329
449 306 415 329
459 306 410 322
447 307 412 330
449 307 410 314
451 307 412 315
456 307 419 330
458 307 421 330
463 307 425 331
409 309 378 317
445 309 411 332
447 309 412 332
454 309 417 332
456 309 418 332
459 309 407 328
461 309 409 329
463 309 424 333
442 311 388 308
445 311 410 334
447 311 411 334
454 311 416 334
456 311 418 334
461 311 422 334
463 311 423 334
445 313 409 335
447 313 411 336
451 313 413 335
454 313 416 336
456 313 404 329
466 313 425 335
442 314 402 320
451 314 412 336
456 314 416 336
459 314 419 336
461 314 421 336
465 314 423 336
437 316 385 309
454 316 415 325
456 316 416 338
463 316 421 338
465 316 422 338
468 316 425 337
470 316 426 337
433 318 397 338
445 318 407 324
449 318 409 340
451 318 411 326
452 318 412 327
459 318 418 340
463 318 420 340
468 318 424 339
470 318 425 340
414 320 379 326
445 320 406 326
451 320 410 328
452 320 411 328
458 320 416 340
459 320 417 341
465 320 421 340
468 320 424 341
472 320 425 341
426 321 390 319
442 321 386 324
456 321 413 341
458 321 414 342
463 321 419 341
465 321 421 341
468 321 423 343
407 323 373 307
425 323 386 318
433 323 394 340
438 323 381 321
442 323 385 326
451 323 408 330
452 323 410 344
456 323 412 343
458 323 414 344
463 323 418 343
407 325 373 309
421 325 382 317
425 325 386 320
430 325 390 340
432 325 392 341
433 325 393 342
435 325 395 343
437 325 397 343
451 325 408 345
452 325 409 345
456 325 411 345
458 325 413 345
459 325 401 339
461 325 415 346
407 326 372 311
419 326 380 318
423 326 383 321
425 326 385 322
428 326 389 326
451 326 406 347
456 326 410 347
407 328 372 312
416 328 375 316
418 328 376 316
451 328 406 348
454 328 408 348
456 328 410 348
409 330 372 316
416 330 374 317
418 330 376 318
419 330 378 319
421 330 380 322
428 330 386 341
449 330 403 350
451 330 405 350
438 332 395 345
440 332 396 346
421 333 378 323
423 333 380 324
435 333 377 335
438 333 394 346
444 333 398 348
414 335 372 319
437 335 392 347
444 335 398 350
445 335 399 350
414 337 372 321
416 337 374 322
416 339 374 324
426 339 380 328
432 339 385 332
426 340 379 330
428 340 381 331
432 340 384 334
435 340 388 338
428 342 381 332
430 342 382 333
435 342 388 339
430 344 381 335
433 344 383 336
428 346 380 337
432 346 382 339
