449 299 418 323
454 299 422 324
452 300 420 325
449 302 416 326
452 302 419 326
454 302 422 325
447 304 414 327
449 304 416 328
452 304 418 328
454 304 421 327
456 304 422 327
447 306 413 329
449 306 415 329
447 307 412 330
456 307 419 330
458 307 421 330
445 309 411 332
447 309 412 332
454 309 417 332
456 309 418 332
445 311 410 334
447 311 411 334
454 311 416 334
456 311 418 334
461 311 422 334
445 313 409 335
447 313 411 336
451 313 413 335
454 313 416 336
451 314 412 336
456 314 416 336
459 314 419 336
461 314 421 336
456 316 416 338
463 316 421 338
465 316 422 338
433 318 397 338
449 318 409 340
459 318 418 340
463 318 420 340
414 320 379 326
458 320 416 340
459 320 417 341
456 321 413 341
458 321 414 342
463 321 419 341
433 323 394 340
452 323 410 344
456 323 412 343
458 323 414 344
432 325 392 341
433 325 393 342
435 325 395 343
437 325 397 343
451 325 408 345
452 325 409 345
456 325 411 345
458 325 413 345
451 326 406 347
456 326 410 347
451 328 406 348
454 328 408 348
428 330 386 341
449 330 403 350
451 330 405 350
438 332 395 345
440 332 396 346
438 333 394 346
444 333 398 348
444 335 398 350
445 335 399 350
