445 293 442 295
447 293 444 295
451 293 448 295
452 293 450 295
454 293 452 296
456 293 454 296
459 293 457 295
440 295 436 298
449 295 446 297
445 297 443 298
451 297 448 298
452 297 450 298
454 297 452 298
456 297 454 298
458 297 455 298
459 297 458 300
440 299 437 300
442 299 439 300
445 299 442 300
447 299 444 300
449 299 446 300
451 299 448 300
452 299 450 301
454 299 452 300
456 299 453 300
458 299 455 300
440 300 437 302
442 300 439 302
447 300 444 302
449 300 446 302
451 300 448 302
452 300 450 302
456 300 453 303
458 300 455 303
459 300 457 302
461 300 458 302
439 302 435 304
440 302 437 304
442 302 439 304
445 302 442 303
447 302 444 303
449 302 446 303
451 302 448 304
454 302 451 304
459 302 457 304
461 302 458 304
463 302 460 304
439 304 435 305
440 304 437 305
442 304 439 305
444 304 441 305
445 304 442 305
447 304 444 305
449 304 446 305
451 304 448 306
452 304 450 305
458 304 456 306
461 304 459 306
463 304 460 306
405 306 402 307
412 306 409 307
419 306 416 307
421 306 418 307
425 306 421 306
428 306 425 307
439 306 435 307
442 306 439 307
444 306 441 307
445 306 443 307
449 306 446 307
451 306 449 307
452 306 451 307
454 306 452 307
456 306 454 307
461 306 459 308
463 306 460 307
465 306 462 307
405 307 401 309
412 307 409 309
414 307 411 309
418 307 414 308
419 307 416 308
423 307 420 308
425 307 421 308
426 307 423 308
428 307 425 309
439 307 436 308
442 307 439 309
444 307 441 309
445 307 442 309
449 307 446 309
451 307 449 309
452 307 451 309
454 307 452 309
456 307 454 309
459 307 457 309
461 307 459 309
463 307 461 309
465 307 462 309
405 309 401 311
407 309 404 311
409 309 406 311
411 309 408 311
414 309 411 310
416 309 413 310
418 309 414 310
419 309 416 310
421 309 418 310
423 309 420 310
426 309 423 311
428 309 425 311
437 309 433 311
439 309 435 311
440 309 437 311
442 309 439 311
444 309 441 311
445 309 443 311
447 309 445 311
451 309 448 311
452 309 450 311
454 309 451 311
456 309 453 311
458 309 455 311
459 309 457 311
461 309 459 311
463 309 461 311
465 309 462 311
405 311 402 312
407 311 404 313
409 311 406 313
411 311 408 312
412 311 409 312
414 311 411 312
416 311 413 312
418 311 414 312
419 311 416 312
423 311 420 312
425 311 421 312
426 311 423 312
428 311 425 313
435 311 431 313
437 311 434 312
439 311 435 312
440 311 437 312
442 311 439 313
444 311 441 313
445 311 443 312
449 311 446 313
451 311 448 313
452 311 450 313
454 311 452 313
456 311 453 313
458 311 455 313
459 311 457 313
461 311 459 313
463 311 461 313
465 311 463 313
466 311 464 313
468 311 465 313
405 313 402 314
407 313 404 314
409 313 406 314
411 313 408 314
412 313 409 314
414 313 411 314
416 313 413 314
418 313 414 314
419 313 416 314
421 313 418 314
423 313 420 314
425 313 421 314
426 313 423 314
428 313 425 314
430 313 427 314
432 313 429 315
435 313 432 314
437 313 434 314
439 313 435 314
440 313 437 314
442 313 439 314
444 313 441 314
445 313 442 314
447 313 444 314
449 313 446 314
451 313 448 314
452 313 450 315
454 313 452 315
456 313 453 314
458 313 455 315
459 313 457 315
461 313 459 315
463 313 461 315
465 313 462 315
466 313 464 315
468 313 466 314
472 313 469 314
405 314 402 316
407 314 404 316
409 314 406 316
411 314 408 316
412 314 409 316
414 314 411 316
416 314 413 316
418 314 414 316
419 314 416 315
421 314 418 316
423 314 420 316
425 314 421 316
426 314 423 316
428 314 425 316
430 314 427 316
432 314 429 316
435 314 432 316
437 314 434 316
439 314 435 316
440 314 437 316
442 314 439 316
445 314 443 316
447 314 444 316
449 314 446 316
451 314 448 316
452 314 450 316
454 314 452 316
456 314 453 316
458 314 455 316
459 314 457 316
461 314 459 316
463 314 461 316
465 314 462 316
466 314 464 316
468 314 466 316
470 314 467 316
405 316 402 318
407 316 404 318
409 316 406 318
411 316 408 318
412 316 410 318
414 316 411 318
416 316 413 317
418 316 415 318
419 316 416 318
421 316 418 317
423 316 420 318
425 316 421 318
426 316 423 318
428 316 425 318
430 316 427 318
432 316 429 318
437 316 434 318
439 316 435 318
440 316 437 318
444 316 441 318
445 316 442 318
447 316 444 318
449 316 446 318
451 316 448 318
452 316 450 318
454 316 451 318
456 316 453 318
458 316 455 318
459 316 457 318
461 316 459 318
463 316 461 318
465 316 463 318
466 316 464 318
468 316 466 318
470 316 468 318
472 316 470 318
405 318 402 320
407 318 404 319
409 318 406 320
411 318 408 319
412 318 409 319
414 318 411 319
416 318 413 319
418 318 415 319
419 318 416 320
421 318 418 320
423 318 420 320
425 318 421 320
426 318 423 319
428 318 425 319
430 318 427 320
432 318 429 320
435 318 432 319
437 318 434 320
439 318 435 320
440 318 437 320
444 318 441 320
445 318 442 320
447 318 444 320
449 318 446 319
451 318 448 320
452 318 450 319
454 318 451 319
456 318 453 320
458 318 455 320
459 318 457 320
461 318 459 320
463 318 461 320
465 318 462 320
466 318 464 320
468 318 466 320
470 318 468 320
472 318 470 320
405 320 402 321
407 320 404 321
409 320 406 321
411 320 408 321
412 320 410 321
414 320 411 321
416 320 413 321
418 320 415 321
419 320 416 321
421 320 418 321
423 320 420 321
425 320 422 321
426 320 423 321
428 320 425 321
430 320 427 321
433 320 430 321
435 320 432 321
437 320 434 321
439 320 435 321
440 320 437 321
442 320 439 321
444 320 441 321
445 320 442 321
447 320 444 322
449 320 446 321
451 320 448 321
452 320 450 321
454 320 451 321
456 320 453 322
458 320 455 322
459 320 457 322
461 320 459 322
463 320 460 322
465 320 462 322
466 320 464 322
468 320 466 322
470 320 468 322
472 320 470 322
405 321 402 323
407 321 404 323
409 321 406 323
411 321 408 323
412 321 409 323
414 321 411 323
416 321 413 323
418 321 415 323
419 321 416 323
421 321 418 323
425 321 420 323
426 321 422 323
428 321 425 323
430 321 427 323
433 321 430 323
435 321 432 323
437 321 434 323
439 321 435 323
440 321 437 323
442 321 439 323
444 321 441 323
445 321 443 323
447 321 444 323
449 321 446 323
451 321 448 323
452 321 450 323
454 321 451 323
456 321 453 323
458 321 455 323
459 321 457 323
461 321 459 323
463 321 460 323
465 321 462 324
466 321 464 323
468 321 466 323
470 321 468 323
472 321 470 323
405 323 402 325
407 323 404 325
409 323 406 325
411 323 408 325
412 323 409 325
414 323 411 325
416 323 413 325
418 323 415 325
419 323 416 325
421 323 418 325
423 323 420 325
426 323 422 325
428 323 425 324
430 323 427 324
435 323 432 325
439 323 435 325
440 323 437 325
442 323 439 325
444 323 441 325
445 323 442 325
447 323 444 325
449 323 446 325
451 323 448 325
452 323 450 325
454 323 451 324
456 323 453 325
458 323 455 325
459 323 457 325
461 323 459 325
463 323 461 325
465 323 462 325
466 323 464 325
468 323 466 325
470 323 469 325
407 325 403 327
409 325 406 326
411 325 408 327
412 325 410 327
414 325 411 327
416 325 413 327
418 325 414 327
419 325 416 327
421 325 418 327
423 325 420 327
425 325 421 327
428 325 425 326
430 325 427 326
433 325 430 326
435 325 432 327
437 325 433 325
439 325 435 326
440 325 437 326
442 325 439 327
444 325 441 327
445 325 442 327
447 325 444 327
449 325 446 327
451 325 448 327
452 325 450 327
454 325 451 326
456 325 453 326
458 325 455 327
459 325 457 327
461 325 459 327
463 325 461 327
465 325 462 327
466 325 464 327
407 327 403 329
409 327 406 328
411 327 408 329
412 327 410 329
414 327 411 329
416 327 413 329
418 327 415 328
419 327 416 329
421 327 418 328
423 327 420 328
425 327 422 328
426 327 423 328
428 327 425 328
430 327 427 328
432 327 429 328
433 327 430 328
435 327 432 328
442 327 439 328
444 327 441 328
445 327 442 328
447 327 444 328
449 327 446 328
451 327 448 328
452 327 450 328
454 327 451 328
456 327 453 328
458 327 455 328
459 327 457 328
461 327 459 329
466 327 466 327
468 327 467 327
470 327 470 327
411 328 408 330
412 328 409 330
414 328 411 330
416 328 413 330
418 328 415 330
419 328 416 330
421 328 418 330
423 328 420 330
425 328 422 330
426 328 423 330
428 328 425 330
430 328 427 330
432 328 429 330
433 328 430 330
435 328 432 330
439 328 435 329
442 328 439 330
444 328 441 330
445 328 442 330
447 328 444 330
449 328 446 330
451 328 448 330
452 328 450 330
454 328 451 330
456 328 453 330
458 328 455 331
459 328 457 330
461 328 459 330
463 328 462 329
465 328 464 329
466 328 466 329
468 328 467 328
470 328 470 328
409 330 405 331
412 330 409 332
414 330 411 332
416 330 413 332
418 330 415 332
419 330 417 332
421 330 418 332
423 330 420 332
425 330 422 332
426 330 423 332
428 330 425 332
430 330 427 332
432 330 429 332
433 330 430 332
435 330 432 332
437 330 434 332
439 330 435 331
440 330 437 332
444 330 441 332
445 330 442 332
447 330 444 332
449 330 446 332
451 330 448 332
452 330 449 332
454 330 451 332
456 330 453 332
458 330 455 332
463 330 462 330
465 330 464 330
466 330 466 330
411 332 408 333
412 332 409 334
414 332 411 334
416 332 413 334
418 332 415 334
419 332 416 334
421 332 418 334
423 332 420 333
425 332 422 334
426 332 423 334
428 332 425 334
430 332 427 334
432 332 429 334
433 332 430 334
435 332 432 334
437 332 434 334
444 332 441 334
445 332 442 334
447 332 444 334
449 332 446 334
451 332 448 334
452 332 449 334
454 332 451 334
456 332 453 334
459 332 458 332
411 333 408 335
412 333 409 335
414 333 411 336
416 333 413 335
418 333 415 335
419 333 416 335
421 333 418 335
423 333 420 335
425 333 422 335
426 333 423 335
428 333 425 335
430 333 427 335
432 333 429 335
433 333 430 335
435 333 432 335
437 333 434 335
445 333 442 335
447 333 444 335
449 333 446 335
451 333 448 335
452 333 450 335
454 333 451 335
456 333 453 335
466 333 466 332
414 335 411 337
416 335 413 337
418 335 415 337
419 335 417 337
421 335 418 337
423 335 420 337
425 335 422 337
426 335 423 337
428 335 425 337
430 335 427 337
432 335 429 337
433 335 430 337
440 335 437 337
442 335 439 337
444 335 441 336
445 335 442 337
447 335 444 337
449 335 446 337
451 335 448 337
452 335 449 337
454 335 451 337
465 335 464 334
414 337 411 339
416 337 413 339
418 337 415 339
419 337 417 339
421 337 418 339
423 337 420 339
425 337 422 339
426 337 423 339
428 337 425 339
430 337 427 339
432 337 429 339
433 337 430 339
435 337 432 339
439 337 435 339
440 337 437 339
442 337 439 339
444 337 441 339
447 337 444 339
449 337 446 339
451 337 448 339
456 337 453 339
459 337 459 336
461 337 461 336
416 339 413 341
418 339 415 341
419 339 417 341
421 339 418 341
423 339 420 341
425 339 422 341
426 339 423 341
428 339 425 341
430 339 427 341
432 339 429 341
439 339 435 341
440 339 437 341
442 339 439 341
444 339 441 341
445 339 442 340
449 339 446 341
463 339 462 337
416 340 413 342
418 340 415 342
419 340 417 342
421 340 418 342
423 340 420 342
425 340 422 342
426 340 423 342
428 340 425 342
430 340 427 342
432 340 429 342
433 340 430 343
439 340 435 343
440 340 437 342
442 340 439 342
444 340 441 342
445 340 442 342
447 340 444 342
449 340 446 343
456 340 451 345
458 340 453 345
459 340 460 338
461 340 462 338
463 340 464 338
418 342 415 344
426 342 424 344
435 342 432 344
445 342 442 344
447 342 444 344
419 344 417 347
421 344 419 346
423 344 421 346
433 344 431 346
435 344 433 346
452 344 447 346
458 344 453 347
432 346 430 348
440 346 436 348
444 346 440 347
445 346 442 347
447 346 443 347
458 346 453 349
432 347 431 349
433 347 432 349
439 347 435 349
440 347 436 349
442 347 438 349
444 347 440 349
445 347 442 349
447 347 445 349
451 347 449 349
452 347 451 349
