451 293 426 308
452 293 428 308
454 293 430 309
456 293 432 309
458 293 435 308
444 295 418 309
445 295 420 309
447 295 422 309
449 295 424 310
451 295 426 310
452 295 428 310
454 295 430 310
456 295 432 310
458 295 433 311
459 295 437 310
440 297 413 310
444 297 418 311
445 297 419 311
447 297 421 311
449 297 424 312
451 297 426 312
452 297 428 312
454 297 430 312
456 297 432 312
458 297 433 312
459 297 435 312
440 299 413 312
442 299 415 313
444 299 418 313
445 299 419 313
447 299 421 313
449 299 423 313
451 299 426 314
452 299 427 314
454 299 429 314
456 299 432 314
458 299 433 314
459 299 435 314
461 299 436 314
440 300 413 314
442 300 415 314
444 300 417 314
445 300 419 315
447 300 421 315
449 300 423 315
451 300 425 315
452 300 427 315
454 300 429 316
456 300 431 316
458 300 433 316
459 300 435 316
461 300 437 316
438 302 410 315
440 302 412 315
442 302 415 316
444 302 416 316
445 302 419 317
447 302 421 317
449 302 423 317
451 302 425 317
452 302 427 317
454 302 429 318
456 302 431 318
458 302 433 318
459 302 435 318
438 304 410 317
440 304 412 317
442 304 414 317
444 304 416 317
445 304 418 317
447 304 421 318
449 304 423 319
451 304 425 319
452 304 427 319
454 304 428 320
458 304 433 320
459 304 434 321
463 304 438 320
438 306 410 319
440 306 412 319
442 306 414 319
444 306 416 319
445 306 418 319
447 306 420 320
449 306 422 321
451 306 425 321
452 306 426 321
454 306 428 321
456 306 430 322
458 306 433 322
459 306 435 322
463 306 438 322
465 306 439 320
421 307 389 317
423 307 392 318
425 307 394 318
426 307 395 318
440 307 412 320
442 307 414 321
444 307 416 321
445 307 418 321
447 307 420 322
449 307 422 322
451 307 424 322
452 307 427 323
454 307 428 323
456 307 430 323
458 307 433 323
459 307 434 324
461 307 436 324
463 307 438 324
405 309 378 320
407 309 380 320
419 309 388 319
421 309 389 319
425 309 394 320
426 309 396 320
428 309 397 320
437 309 407 321
438 309 409 322
440 309 412 323
444 309 416 323
445 309 417 323
447 309 420 324
449 309 422 324
451 309 424 325
452 309 426 324
454 309 428 325
456 309 430 325
458 309 432 325
459 309 434 326
461 309 436 326
463 309 438 326
405 311 378 322
407 311 380 322
409 311 381 322
419 311 388 321
421 311 390 322
426 311 395 322
432 311 401 323
433 311 403 323
438 311 409 324
440 311 411 324
442 311 413 325
444 311 415 325
445 311 417 325
447 311 420 325
449 311 422 326
451 311 424 326
452 311 426 326
454 311 428 327
456 311 430 327
458 311 432 327
459 311 434 327
461 311 436 328
463 311 438 328
465 311 440 328
466 311 442 328
468 311 444 328
405 313 378 324
407 313 380 324
409 313 381 324
411 313 383 324
418 313 387 323
421 313 390 323
425 313 394 324
428 313 397 324
430 313 399 325
432 313 401 325
433 313 403 325
435 313 405 325
438 313 409 326
440 313 411 326
442 313 413 327
444 313 415 327
445 313 417 327
447 313 419 327
449 313 421 327
451 313 424 328
452 313 425 329
454 313 427 329
456 313 429 329
458 313 432 329
459 313 434 329
461 313 436 330
463 313 438 330
465 313 440 330
466 313 442 331
405 314 378 326
407 314 380 326
409 314 381 326
411 314 383 326
412 314 385 326
418 314 387 325
419 314 388 325
423 314 391 326
425 314 394 326
426 314 396 326
430 314 399 326
432 314 401 326
433 314 402 327
435 314 404 327
437 314 407 327
442 314 412 328
444 314 415 329
445 314 417 329
447 314 419 329
449 314 421 329
451 314 423 329
452 314 425 330
454 314 427 330
456 314 429 330
458 314 432 331
459 314 433 331
461 314 436 331
463 314 438 331
465 314 440 331
466 314 441 331
405 316 378 328
407 316 380 328
409 316 381 328
411 316 383 328
412 316 385 328
418 316 389 328
421 316 390 327
423 316 393 328
425 316 395 328
426 316 396 328
428 316 398 328
435 316 404 328
438 316 409 329
440 316 411 329
442 316 412 330
444 316 414 331
445 316 417 331
447 316 419 331
449 316 421 331
451 316 423 331
452 316 425 332
454 316 427 332
456 316 429 333
458 316 431 333
459 316 433 333
461 316 435 333
463 316 437 333
465 316 440 333
466 316 441 334
470 316 446 334
472 316 446 331
407 318 380 330
409 318 382 330
411 318 383 330
412 318 384 330
414 318 386 330
416 318 387 329
418 318 389 330
421 318 391 330
423 318 393 330
425 318 395 330
426 318 396 330
428 318 398 330
430 318 399 330
433 318 402 330
435 318 404 330
437 318 407 331
438 318 409 331
440 318 411 331
444 318 414 332
445 318 416 333
447 318 418 333
449 318 421 333
451 318 423 333
452 318 425 333
454 318 427 334
456 318 429 335
458 318 431 335
459 318 433 335
461 318 435 335
463 318 437 335
465 318 439 335
466 318 441 335
468 318 444 336
470 318 445 336
405 320 378 331
409 320 382 332
411 320 383 332
412 320 385 332
414 320 386 332
419 320 390 332
423 320 393 331
426 320 396 332
428 320 398 332
430 320 399 332
433 320 402 332
435 320 404 332
437 320 406 332
438 320 408 332
440 320 411 333
442 320 412 333
444 320 414 334
445 320 416 334
447 320 418 334
449 320 420 334
451 320 423 335
452 320 424 335
454 320 427 336
456 320 429 336
458 320 431 336
459 320 433 337
461 320 435 337
463 320 437 337
465 320 439 337
466 320 441 338
468 320 443 338
405 321 378 333
407 321 380 333
411 321 383 334
412 321 384 334
414 321 386 334
419 321 390 334
421 321 392 334
423 321 394 333
428 321 398 334
430 321 399 334
433 321 402 334
435 321 404 334
437 321 406 334
440 321 409 335
444 321 414 335
445 321 416 336
447 321 418 336
449 321 420 336
451 321 422 337
452 321 424 337
454 321 427 338
456 321 429 338
458 321 431 338
459 321 432 338
461 321 435 338
463 321 436 339
465 321 439 339
466 321 441 340
468 321 443 339
411 323 383 336
414 323 386 335
419 323 390 336
421 323 392 336
423 323 393 335
428 323 397 336
430 323 399 336
433 323 402 336
435 323 404 336
437 323 406 336
444 323 414 337
445 323 416 338
447 323 418 338
449 323 420 338
451 323 422 338
452 323 424 339
454 323 426 339
456 323 429 340
458 323 431 340
459 323 432 340
461 323 434 340
463 323 436 341
412 325 384 337
414 325 386 338
419 325 390 338
421 325 392 338
423 325 393 338
425 325 395 338
426 325 397 338
430 325 399 338
432 325 401 338
435 325 404 338
437 325 405 338
440 325 409 339
442 325 411 339
447 325 417 340
449 325 420 340
451 325 422 340
452 325 424 340
454 325 425 340
456 325 428 341
458 325 430 342
459 325 432 342
461 325 434 342
463 325 436 343
407 326 382 340
412 326 384 340
414 326 386 340
416 326 387 339
421 326 392 340
423 326 393 340
426 326 397 339
430 326 399 340
432 326 400 340
433 326 402 340
435 326 404 340
438 326 407 340
440 326 409 341
444 326 413 341
445 326 415 341
449 326 419 342
451 326 421 342
452 326 423 342
454 326 425 342
456 326 427 343
458 326 430 344
459 326 432 344
411 328 384 341
414 328 386 341
416 328 388 341
418 328 389 341
421 328 392 342
423 328 394 342
425 328 395 341
426 328 396 342
430 328 399 341
432 328 400 341
433 328 402 342
435 328 404 342
438 328 407 342
440 328 409 342
442 328 411 343
444 328 413 343
445 328 415 343
447 328 417 343
449 328 419 343
451 328 421 344
452 328 423 344
454 328 425 344
414 330 386 343
416 330 388 343
418 330 389 343
423 330 394 344
425 330 395 343
426 330 396 344
428 330 398 344
432 330 401 343
433 330 402 343
435 330 404 344
438 330 407 344
440 330 408 344
442 330 411 344
444 330 413 345
445 330 415 345
447 330 417 345
449 330 419 345
451 330 421 346
452 330 423 346
414 332 386 345
416 332 388 345
418 332 389 345
419 332 391 345
423 332 394 345
425 332 395 345
428 332 398 346
432 332 401 345
433 332 402 346
435 332 404 346
437 332 406 346
440 332 408 346
442 332 410 346
444 332 413 347
445 332 414 347
447 332 416 347
449 332 418 347
451 332 421 348
452 332 423 348
414 333 386 347
416 333 388 347
418 333 390 347
419 333 391 347
421 333 392 347
425 333 395 348
428 333 398 347
433 333 402 347
435 333 404 347
437 333 406 348
440 333 408 347
442 333 410 348
444 333 412 348
449 333 418 349
451 333 420 349
452 333 422 350
454 333 424 350
414 335 387 349
418 335 390 349
419 335 391 349
421 335 392 349
423 335 394 349
426 335 396 349
428 335 398 349
433 335 402 349
435 335 404 349
437 335 406 349
442 335 410 349
444 335 412 350
445 335 414 350
447 335 416 350
451 335 420 351
452 335 422 351
416 337 388 351
418 337 390 351
419 337 391 351
421 337 392 351
423 337 394 351
426 337 396 351
428 337 398 351
430 337 400 351
432 337 401 351
433 337 402 351
435 337 404 351
437 337 406 351
438 337 407 351
440 337 409 352
445 337 414 352
447 337 416 352
418 339 389 353
419 339 391 353
421 339 392 353
423 339 394 353
425 339 396 353
428 339 398 353
430 339 400 354
432 339 401 354
433 339 403 354
437 339 405 354
438 339 407 353
444 339 412 353
445 339 413 354
447 339 415 354
449 339 418 354
416 340 388 354
419 340 391 355
421 340 392 355
423 340 394 355
425 340 396 355
428 340 398 355
430 340 400 355
433 340 403 356
442 340 410 355
445 340 413 355
447 340 415 355
418 342 390 357
419 342 391 357
421 342 393 357
430 342 401 357
447 342 415 357
419 344 392 359
421 344 393 359
426 344 397 359
