442 293 436 296
444 293 438 296
445 293 440 296
447 293 442 296
449 293 444 297
451 293 446 296
452 293 447 296
454 293 449 296
456 293 451 296
458 293 453 296
440 295 433 298
445 295 440 298
447 295 442 298
449 295 444 298
451 295 446 298
452 295 447 298
454 295 449 298
456 295 451 298
458 295 453 298
440 297 434 300
442 297 436 299
444 297 438 300
445 297 440 300
447 297 442 300
449 297 444 300
451 297 446 300
452 297 447 300
454 297 449 300
456 297 451 300
439 299 432 301
440 299 434 301
442 299 436 301
444 299 438 301
445 299 440 302
447 299 442 302
449 299 444 302
451 299 446 302
452 299 447 302
454 299 449 302
456 299 451 302
458 299 453 302
459 299 455 302
439 300 432 303
440 300 434 303
442 300 436 303
444 300 438 303
445 300 440 304
447 300 442 304
449 300 444 304
451 300 446 304
452 300 447 304
454 300 449 303
456 300 451 304
458 300 453 304
459 300 455 304
463 300 457 302
439 302 432 305
440 302 434 305
442 302 436 305
444 302 438 305
445 302 440 305
447 302 442 305
449 302 444 305
451 302 446 305
452 302 448 305
454 302 450 305
456 302 451 306
458 302 453 306
459 302 455 306
461 302 457 306
463 302 457 304
439 304 432 307
440 304 434 307
442 304 436 307
444 304 438 307
445 304 440 306
447 304 441 307
449 304 444 307
451 304 446 307
452 304 448 307
454 304 450 307
456 304 451 308
458 304 453 308
459 304 454 308
461 304 456 308
463 304 458 308
405 306 401 308
419 306 413 308
421 306 414 308
426 306 420 307
428 306 422 308
439 306 432 308
440 306 434 309
442 306 436 309
444 306 438 308
445 306 440 308
447 306 442 309
449 306 444 309
451 306 446 309
452 306 448 309
454 306 450 309
456 306 451 309
458 306 453 309
459 306 454 310
461 306 456 309
463 306 458 309
405 307 400 310
412 307 406 310
414 307 408 310
418 307 411 310
419 307 413 310
425 307 418 310
426 307 420 310
428 307 422 310
439 307 432 310
440 307 434 310
442 307 436 310
444 307 438 310
445 307 440 310
447 307 442 311
449 307 444 310
451 307 446 310
452 307 448 310
454 307 449 311
456 307 451 311
458 307 453 311
459 307 455 311
461 307 456 311
463 307 458 311
465 307 460 310
405 309 400 312
407 309 401 312
409 309 403 312
414 309 408 312
416 309 410 312
418 309 411 312
419 309 413 311
421 309 415 311
423 309 416 311
425 309 418 311
426 309 420 312
428 309 422 312
437 309 430 312
439 309 432 312
440 309 434 312
442 309 436 312
444 309 438 312
445 309 440 312
447 309 442 312
449 309 444 312
451 309 446 312
452 309 448 312
454 309 449 312
456 309 451 312
458 309 453 313
459 309 454 313
461 309 456 313
463 309 458 313
465 309 460 312
405 311 400 314
407 311 401 314
409 311 403 314
412 311 406 314
414 311 408 314
416 311 410 314
418 311 411 313
419 311 413 313
423 311 416 313
425 311 418 313
426 311 420 313
428 311 422 314
430 311 424 314
432 311 425 314
433 311 427 314
435 311 428 314
437 311 430 314
439 311 432 314
440 311 434 314
442 311 436 314
444 311 438 314
445 311 440 314
447 311 442 314
449 311 444 314
451 311 446 314
452 311 447 314
454 311 449 314
456 311 451 314
458 311 453 315
459 311 454 315
461 311 456 315
463 311 458 314
465 311 460 314
405 313 400 316
407 313 401 316
409 313 403 316
412 313 406 315
414 313 408 315
416 313 410 315
418 313 411 315
419 313 413 315
421 313 414 315
423 313 416 315
425 313 418 315
426 313 420 315
428 313 422 315
430 313 424 316
432 313 426 316
433 313 427 316
435 313 429 315
437 313 431 315
439 313 432 315
440 313 434 315
442 313 436 316
444 313 437 316
445 313 439 316
447 313 441 316
449 313 444 316
451 313 446 316
452 313 447 316
454 313 449 316
456 313 451 316
458 313 453 316
459 313 454 316
461 313 456 317
463 313 458 316
465 313 460 316
466 313 462 316
468 313 464 316
405 314 400 317
407 314 401 317
409 314 403 317
412 314 406 317
414 314 408 317
416 314 410 317
418 314 411 317
419 314 413 317
421 314 415 317
423 314 416 317
425 314 418 317
426 314 420 317
428 314 422 317
430 314 424 317
432 314 425 317
433 314 427 317
435 314 429 317
437 314 431 317
439 314 432 317
440 314 434 317
442 314 436 317
444 314 437 318
445 314 439 318
447 314 441 318
449 314 443 317
451 314 445 318
452 314 447 318
454 314 449 318
456 314 451 318
458 314 453 318
459 314 454 318
461 314 456 318
463 314 458 318
465 314 460 318
466 314 462 318
468 314 463 318
470 314 466 319
472 314 468 319
405 316 400 319
407 316 402 319
409 316 403 319
411 316 405 319
414 316 408 319
416 316 410 319
418 316 411 319
419 316 413 319
421 316 415 319
423 316 416 319
425 316 418 319
426 316 420 319
428 316 422 319
430 316 424 319
432 316 425 319
433 316 427 319
437 316 431 319
439 316 432 319
440 316 434 319
442 316 436 319
445 316 439 320
447 316 441 319
449 316 443 319
451 316 445 319
452 316 447 320
454 316 449 320
456 316 451 320
458 316 453 320
459 316 454 320
461 316 456 320
463 316 458 320
465 316 460 320
466 316 462 320
468 316 463 320
472 316 468 321
405 318 400 321
407 318 402 321
409 318 403 321
411 318 405 321
414 318 408 321
416 318 410 320
418 318 412 321
419 318 413 321
421 318 415 321
423 318 416 321
425 318 418 321
426 318 420 321
428 318 422 321
430 318 423 321
432 318 425 321
433 318 427 321
435 318 428 321
439 318 432 321
440 318 434 321
442 318 436 321
444 318 437 321
445 318 439 321
447 318 441 321
449 318 443 321
451 318 446 322
452 318 447 322
454 318 449 322
456 318 451 322
458 318 452 322
459 318 454 322
461 318 456 322
463 318 458 322
465 318 460 322
466 318 462 322
468 318 464 322
470 318 465 322
405 320 400 323
407 320 402 323
409 320 403 323
411 320 405 323
412 320 407 323
414 320 408 322
419 320 413 323
421 320 415 323
423 320 417 323
425 320 418 323
426 320 420 323
428 320 422 323
430 320 423 323
432 320 425 322
433 320 426 322
435 320 428 322
437 320 430 322
439 320 432 322
440 320 434 323
442 320 436 323
444 320 437 323
445 320 440 323
447 320 441 323
449 320 443 322
451 320 446 323
452 320 447 323
454 320 449 324
456 320 451 323
458 320 453 324
459 320 454 324
461 320 456 324
463 320 458 324
465 320 460 324
466 320 462 324
468 320 463 324
470 320 465 324
472 320 468 323
405 321 400 324
407 321 402 324
409 321 403 324
411 321 405 324
412 321 407 324
414 321 408 324
416 321 410 324
419 321 413 324
421 321 415 324
423 321 416 324
425 321 418 324
426 321 420 324
428 321 422 324
430 321 423 324
432 321 425 324
433 321 426 324
435 321 428 324
437 321 430 324
440 321 434 324
442 321 436 324
444 321 438 324
445 321 440 324
447 321 441 324
449 321 443 324
451 321 445 325
452 321 447 325
454 321 449 325
456 321 451 325
458 321 453 325
459 321 454 325
461 321 456 325
463 321 458 325
465 321 460 325
466 321 462 325
468 321 463 326
470 321 465 326
472 321 467 326
405 323 400 325
407 323 402 326
409 323 404 326
411 323 406 326
412 323 407 326
414 323 409 326
416 323 410 326
419 323 413 326
421 323 415 326
423 323 417 326
425 323 418 326
426 323 420 326
428 323 422 326
430 323 423 326
432 323 425 326
433 323 426 325
435 323 429 326
437 323 430 326
439 323 432 326
440 323 434 326
442 323 436 326
444 323 438 326
445 323 439 326
447 323 441 326
449 323 443 326
451 323 445 326
452 323 447 326
454 323 449 327
456 323 451 327
458 323 453 327
459 323 454 327
461 323 456 327
463 323 458 327
465 323 460 328
468 323 463 328
470 323 465 328
472 323 467 328
407 325 402 328
409 325 403 328
411 325 405 328
412 325 407 328
414 325 409 328
418 325 411 328
419 325 413 328
421 325 415 328
423 325 417 328
426 325 420 328
428 325 422 328
430 325 423 328
432 325 425 328
433 325 427 328
435 325 428 327
437 325 431 328
439 325 432 328
440 325 434 328
442 325 436 328
444 325 438 328
445 325 440 328
447 325 441 328
449 325 443 328
451 325 445 328
452 325 447 328
454 325 449 329
456 325 451 329
458 325 453 329
459 325 454 329
461 325 456 329
463 325 458 329
465 325 460 329
466 325 462 330
468 325 463 330
407 326 402 330
409 326 404 330
411 326 405 330
412 326 407 330
414 326 408 330
416 326 410 330
418 326 412 330
419 326 413 330
423 326 417 329
425 326 418 330
426 326 420 329
428 326 422 329
430 326 423 330
432 326 425 330
433 326 427 330
435 326 429 330
437 326 431 330
439 326 432 329
440 326 434 330
442 326 436 330
444 326 438 330
445 326 439 330
447 326 441 330
449 326 443 330
451 326 445 330
452 326 447 330
454 326 449 330
456 326 451 330
458 326 453 330
459 326 454 330
461 326 456 330
407 328 402 331
409 328 403 331
411 328 405 331
412 328 407 332
414 328 409 332
416 328 410 331
418 328 412 332
423 328 417 331
425 328 419 331
426 328 420 331
428 328 422 331
430 328 423 331
432 328 425 331
433 328 427 331
435 328 429 331
437 328 431 331
439 328 432 331
440 328 434 331
442 328 436 332
444 328 438 331
445 328 439 331
447 328 441 332
449 328 443 332
451 328 445 332
452 328 447 332
454 328 449 332
456 328 451 332
458 328 453 332
459 328 454 332
461 328 456 332
409 330 404 333
411 330 405 333
412 330 407 334
414 330 408 333
416 330 410 333
418 330 412 333
419 330 414 333
423 330 417 333
425 330 419 333
426 330 420 333
428 330 422 333
430 330 424 333
432 330 425 333
433 330 427 333
435 330 429 333
437 330 431 334
439 330 432 334
440 330 433 333
442 330 436 333
444 330 438 333
445 330 439 333
447 330 441 333
449 330 443 334
451 330 445 334
452 330 447 334
454 330 449 334
456 330 451 334
458 330 453 334
459 330 455 333
411 332 406 335
412 332 407 336
414 332 408 335
416 332 410 335
418 332 412 335
419 332 414 335
423 332 417 335
425 332 419 335
426 332 420 335
428 332 422 335
430 332 424 335
432 332 425 335
433 332 427 335
435 332 429 335
437 332 431 335
439 332 432 335
440 332 434 335
442 332 436 335
444 332 438 335
445 332 439 335
447 332 441 335
449 332 443 335
451 332 445 336
452 332 447 335
454 332 449 335
456 332 450 336
458 332 453 335
412 333 407 338
416 333 410 337
419 333 414 337
421 333 415 337
425 333 419 337
426 333 420 337
428 333 422 337
430 333 424 337
432 333 425 337
433 333 427 337
435 333 429 337
437 333 431 337
439 333 432 337
440 333 434 337
442 333 436 337
444 333 438 337
445 333 439 337
447 333 441 337
449 333 443 337
451 333 445 337
452 333 446 337
454 333 448 337
456 333 450 337
458 333 452 337
459 333 455 335
414 335 409 339
416 335 410 339
418 335 412 339
419 335 414 339
423 335 417 339
426 335 420 339
428 335 422 338
430 335 424 339
432 335 425 339
433 335 427 339
435 335 429 339
437 335 431 339
439 335 432 339
440 335 434 339
442 335 436 338
444 335 438 338
447 335 441 339
449 335 443 339
452 335 446 339
454 335 448 339
459 335 456 337
461 335 458 337
414 337 409 340
416 337 410 341
418 337 412 341
419 337 414 341
421 337 415 341
423 337 417 341
426 337 420 340
428 337 422 340
430 337 424 341
432 337 425 341
433 337 427 340
435 337 429 340
437 337 431 340
439 337 432 340
440 337 434 340
442 337 436 340
444 337 437 340
445 337 439 340
447 337 441 340
449 337 443 341
451 337 444 341
416 339 410 343
418 339 412 343
419 339 414 343
421 339 415 343
423 339 417 343
425 339 419 343
428 339 422 343
432 339 425 343
435 339 429 343
437 339 430 342
439 339 432 342
440 339 434 342
442 339 436 342
444 339 437 342
445 339 439 342
447 339 441 342
449 339 443 342
452 339 446 342
458 339 451 342
465 339 456 340
418 340 412 344
419 340 414 344
421 340 416 344
423 340 417 344
428 340 422 344
432 340 426 344
437 340 431 344
440 340 434 344
442 340 436 344
444 340 437 344
445 340 439 344
447 340 441 344
449 340 443 344
458 340 451 344
418 342 412 346
419 342 414 346
421 342 416 346
423 342 417 346
426 342 421 346
428 342 422 346
442 342 436 346
444 342 437 346
445 342 439 346
447 342 440 346
419 344 414 349
421 344 416 348
425 344 419 348
426 344 421 348
428 344 422 348
432 344 426 349
437 344 432 347
423 346 416 350
425 346 419 350
426 346 421 350
428 346 423 350
430 346 424 349
433 346 430 349
437 346 432 349
439 346 433 349
442 346 435 349
445 346 439 349
447 346 440 349
451 346 444 347
452 346 445 347
440 347 433 350
