444 293 417 312
445 293 419 312
447 293 421 312
449 293 423 313
451 293 425 313
452 293 427 313
454 293 428 313
456 293 430 312
445 295 419 314
447 295 421 314
449 295 422 314
451 295 424 315
452 295 426 315
454 295 428 315
456 295 430 315
458 295 431 316
459 295 434 314
444 297 417 316
447 297 420 316
449 297 422 316
451 297 424 316
452 297 426 317
454 297 427 317
456 297 429 317
458 297 431 317
459 297 432 318
440 299 412 317
442 299 414 317
445 299 418 317
447 299 420 318
449 299 422 318
451 299 423 318
452 299 425 319
454 299 427 319
456 299 429 319
458 299 431 319
459 299 432 319
440 300 412 319
444 300 416 320
445 300 417 320
447 300 419 320
449 300 421 320
451 300 423 320
452 300 425 320
454 300 427 320
456 300 429 321
458 300 430 321
459 300 432 322
442 302 413 320
444 302 415 322
447 302 419 321
449 302 420 322
451 302 422 322
452 302 424 322
454 302 426 322
456 302 427 323
458 302 429 323
459 302 431 324
461 302 433 324
440 304 411 322
442 304 413 322
445 304 416 322
447 304 418 323
449 304 420 323
451 304 422 324
452 304 424 324
454 304 426 324
456 304 427 325
458 304 429 325
459 304 431 325
438 306 408 323
440 306 410 324
442 306 412 324
444 306 414 324
445 306 416 324
447 306 418 325
449 306 419 325
451 306 421 325
452 306 423 326
454 306 425 326
456 306 427 326
458 306 428 327
459 306 430 327
426 307 395 322
428 307 397 322
438 307 408 325
440 307 410 325
442 307 412 326
444 307 414 326
445 307 415 326
447 307 417 327
449 307 419 326
451 307 421 327
452 307 423 327
454 307 425 327
456 307 427 328
458 307 428 328
459 307 430 329
425 309 393 323
426 309 395 324
428 309 397 324
437 309 405 326
438 309 408 327
440 309 409 327
442 309 411 327
444 309 413 327
445 309 415 328
447 309 417 328
449 309 419 328
451 309 420 328
452 309 422 329
454 309 424 329
459 309 429 330
418 311 387 324
419 311 388 325
421 311 390 325
426 311 395 326
430 311 398 326
432 311 400 326
433 311 401 327
435 311 403 327
437 311 405 328
438 311 407 328
440 311 409 329
442 311 411 329
444 311 413 329
445 311 414 330
447 311 416 330
449 311 418 330
451 311 420 330
452 311 422 331
454 311 423 331
458 311 427 332
459 311 429 332
421 313 390 327
423 313 391 327
425 313 393 327
426 313 395 327
430 313 398 329
432 313 399 329
433 313 401 329
435 313 403 330
437 313 405 330
438 313 407 330
440 313 408 330
442 313 410 331
444 313 412 331
445 313 414 331
447 313 416 331
449 313 418 332
451 313 420 332
454 313 423 333
456 313 424 333
458 313 426 333
461 313 430 334
423 314 391 328
425 314 393 329
426 314 395 329
430 314 397 330
432 314 399 330
433 314 401 331
435 314 402 331
437 314 404 331
438 314 406 332
440 314 408 332
442 314 410 332
445 314 413 333
447 314 415 333
449 314 417 334
451 314 419 334
454 314 422 334
456 314 424 335
458 314 426 335
459 314 428 335
461 314 430 335
407 316 379 324
426 316 394 331
430 316 397 332
432 316 399 332
433 316 400 333
435 316 402 333
437 316 404 333
438 316 406 334
440 316 407 334
444 316 410 335
445 316 412 335
447 316 414 335
449 316 416 335
451 316 418 335
452 316 420 336
454 316 422 336
456 316 424 337
459 316 427 337
461 316 429 337
463 316 431 337
407 318 378 326
411 318 380 326
416 318 384 327
430 318 396 333
432 318 398 334
435 318 401 334
437 318 403 335
440 318 406 336
442 318 408 336
444 318 409 337
445 318 412 337
447 318 414 337
449 318 416 337
451 318 418 338
458 318 425 339
459 318 427 339
461 318 429 339
463 318 430 339
465 318 432 339
407 320 378 328
411 320 379 328
414 320 382 328
416 320 384 329
419 320 387 331
423 320 389 332
425 320 391 333
426 320 393 333
428 320 395 334
435 320 401 336
437 320 403 337
440 320 406 338
442 320 408 338
444 320 410 338
445 320 412 338
447 320 413 339
452 320 419 339
454 320 421 339
456 320 423 340
458 320 424 340
459 320 426 341
461 320 428 341
463 320 430 341
465 320 432 341
466 320 434 341
414 321 382 330
416 321 384 331
421 321 389 333
425 321 391 334
430 321 396 336
437 321 403 339
440 321 405 339
442 321 408 339
444 321 409 339
445 321 411 340
449 321 415 340
451 321 417 340
452 321 418 341
454 321 420 341
456 321 422 341
458 321 424 342
459 321 426 342
461 321 428 342
463 321 430 342
465 321 431 343
466 321 433 343
412 323 379 331
416 323 383 332
418 323 385 333
425 323 390 336
426 323 392 336
428 323 394 337
430 323 396 337
433 323 398 338
435 323 400 338
438 323 403 341
440 323 405 341
442 323 407 341
444 323 409 341
445 323 411 342
447 323 413 342
449 323 414 342
451 323 416 342
452 323 418 343
454 323 419 342
456 323 422 343
458 323 424 344
459 323 425 344
461 323 427 344
463 323 429 344
465 323 431 344
466 323 433 345
414 325 381 334
418 325 384 334
419 325 386 335
421 325 388 336
428 325 394 339
430 325 395 339
433 325 397 340
435 325 399 340
437 325 401 340
447 325 412 343
449 325 414 344
451 325 416 344
452 325 417 344
454 325 419 344
456 325 421 345
458 325 423 345
459 325 425 346
419 326 386 337
421 326 387 338
423 326 389 338
430 326 395 341
432 326 396 341
435 326 399 342
437 326 401 342
438 326 402 343
440 326 404 344
442 326 406 344
444 326 408 345
445 326 410 345
447 326 411 345
449 326 413 345
451 326 415 345
452 326 417 346
454 326 419 346
456 326 420 346
458 326 423 347
459 326 425 347
414 328 380 336
416 328 382 337
421 328 387 340
425 328 390 340
426 328 391 341
428 328 393 341
432 328 396 343
435 328 399 344
437 328 401 344
438 328 402 345
440 328 404 345
442 328 406 346
444 328 408 346
445 328 409 346
447 328 411 347
449 328 413 347
451 328 415 347
452 328 416 347
454 328 418 348
456 328 420 348
458 328 422 349
418 330 383 339
425 330 389 342
426 330 391 343
428 330 392 343
430 330 394 343
435 330 398 345
437 330 400 345
438 330 402 346
440 330 403 347
442 330 405 347
444 330 407 348
445 330 409 348
447 330 410 349
449 330 412 349
451 330 414 349
452 330 416 349
454 330 418 350
456 330 420 350
419 332 385 342
426 332 390 344
428 332 392 345
430 332 394 345
432 332 395 346
442 332 405 349
444 332 407 350
445 332 408 350
447 332 410 350
449 332 412 351
451 332 414 351
452 332 416 351
419 333 384 343
425 333 389 344
426 333 390 346
428 333 392 346
430 333 393 347
432 333 395 347
435 333 398 348
437 333 399 349
438 333 400 348
440 333 402 349
442 333 404 351
444 333 406 351
445 333 408 351
447 333 410 352
449 333 411 352
451 333 413 353
452 333 415 353
454 333 417 354
418 335 382 344
421 335 386 345
425 335 388 346
428 335 392 348
430 335 393 348
432 335 395 349
435 335 397 350
437 335 399 350
438 335 401 351
440 335 402 351
442 335 404 352
444 335 405 353
445 335 407 353
447 335 409 353
449 335 411 354
451 335 413 354
452 335 415 355
418 337 382 346
419 337 384 346
423 337 387 347
426 337 389 348
430 337 393 350
432 337 394 350
435 337 397 351
437 337 399 352
438 337 400 352
440 337 402 353
442 337 403 354
444 337 405 354
445 337 407 355
447 337 409 355
428 339 391 351
432 339 394 352
433 339 396 353
438 339 400 354
440 339 401 355
444 339 405 357
445 339 406 357
447 339 408 357
425 340 388 351
437 340 399 356
440 340 401 356
442 340 403 357
447 340 408 359
