445 293 419 316
447 293 418 314
451 293 423 316
452 293 425 316
456 293 429 314
458 293 431 313
444 295 417 318
445 295 419 318
447 295 420 317
449 295 422 318
452 295 425 318
454 295 426 317
456 295 428 317
458 295 429 318
459 295 432 317
442 297 415 319
444 297 416 319
445 297 418 319
449 297 421 319
452 297 424 319
454 297 426 320
442 299 414 320
444 299 416 320
445 299 417 321
447 299 419 320
451 299 421 321
452 299 423 321
454 299 425 321
440 300 411 323
444 300 415 322
445 300 416 322
451 300 421 322
452 300 423 323
454 300 424 323
442 302 413 324
444 302 414 324
449 302 419 324
451 302 420 324
452 302 422 324
454 302 423 325
438 304 409 325
440 304 410 325
442 304 412 326
444 304 413 326
447 304 416 325
449 304 418 326
451 304 420 326
452 304 422 326
456 304 425 326
428 306 397 324
440 306 410 327
442 306 412 327
444 306 413 327
445 306 414 328
449 306 418 327
451 306 419 328
452 306 421 328
454 306 423 327
456 306 424 327
425 307 394 325
428 307 397 325
438 307 408 328
440 307 409 328
442 307 411 328
444 307 412 329
445 307 414 329
449 307 417 329
451 307 418 329
452 307 420 329
456 307 423 329
458 307 425 330
425 309 394 326
438 309 407 329
440 309 408 330
442 309 410 330
444 309 412 330
445 309 413 330
449 309 416 330
451 309 417 331
452 309 419 331
458 309 424 331
459 309 425 331
421 311 390 329
437 311 404 331
440 311 408 331
442 311 409 332
444 311 411 332
449 311 416 332
451 311 417 332
452 311 419 332
454 311 420 333
458 311 423 333
459 311 425 333
416 313 385 328
419 313 388 330
425 313 394 330
430 313 398 329
432 313 399 330
437 313 404 333
438 313 405 333
440 313 407 333
442 313 409 333
445 313 412 334
449 313 415 333
451 313 416 333
452 313 418 334
458 313 422 334
459 313 424 334
461 313 426 335
423 314 392 331
425 314 394 331
430 314 397 331
435 314 402 334
437 314 403 334
438 314 405 334
440 314 407 334
444 314 409 335
445 314 410 335
447 314 413 335
449 314 414 335
451 314 415 335
452 314 417 336
456 314 420 335
458 314 422 336
459 314 423 336
461 314 425 336
430 316 397 334
432 316 398 335
433 316 400 336
435 316 401 336
437 316 402 336
440 316 406 336
444 316 409 337
445 316 410 337
447 316 412 336
449 316 414 337
451 316 415 337
456 316 419 337
458 316 421 337
459 316 423 337
461 316 424 337
463 316 426 337
421 318 390 332
423 318 391 333
426 318 393 333
428 318 394 334
432 318 397 337
433 318 399 337
435 318 401 338
437 318 402 338
438 318 404 337
442 318 406 338
444 318 408 338
445 318 409 339
447 318 411 339
449 318 413 338
454 318 417 338
456 318 419 339
458 318 420 339
459 318 422 339
465 318 426 339
423 320 391 334
428 320 394 335
433 320 399 339
435 320 400 339
437 320 401 339
438 320 404 339
442 320 405 340
444 320 407 340
445 320 409 340
449 320 412 340
451 320 414 340
454 320 417 340
456 320 418 340
458 320 420 341
459 320 421 341
463 320 424 341
465 320 426 341
432 321 396 337
433 321 397 338
438 321 401 341
442 321 405 341
444 321 406 341
445 321 408 341
447 321 410 341
449 321 412 341
452 321 414 342
454 321 416 341
456 321 418 342
458 321 419 342
459 321 420 342
463 321 423 342
465 321 425 342
466 321 427 342
426 323 390 336
428 323 392 337
433 323 396 339
437 323 400 341
440 323 403 342
442 323 404 343
444 323 406 343
445 323 407 343
447 323 409 343
449 323 411 343
452 323 414 343
454 323 415 343
456 323 417 343
458 323 418 343
463 323 423 344
423 325 387 335
425 325 389 335
428 325 392 338
430 325 393 339
432 325 394 340
433 325 396 341
435 325 398 340
440 325 402 344
442 325 404 344
444 325 405 344
447 325 409 344
451 325 411 345
452 325 413 345
454 325 415 344
456 325 416 345
458 325 418 345
461 325 421 345
463 325 423 345
425 326 388 337
428 326 391 340
430 326 393 341
435 326 397 343
442 326 403 345
444 326 405 346
445 326 406 346
449 326 409 346
451 326 411 346
452 326 412 346
454 326 414 346
456 326 415 346
458 326 417 347
459 326 419 347
430 328 392 342
432 328 393 343
433 328 395 343
437 328 398 344
438 328 400 345
442 328 403 347
447 328 407 347
449 328 409 348
451 328 410 348
454 328 413 347
456 328 415 348
423 330 385 339
432 330 393 344
433 330 394 344
435 330 396 345
437 330 397 346
438 330 399 346
445 330 405 349
447 330 406 349
449 330 408 349
451 330 409 349
452 330 411 349
454 330 413 349
428 332 388 342
432 332 392 345
433 332 394 346
435 332 395 347
440 332 399 348
444 332 403 349
445 332 404 350
447 332 406 351
449 332 407 351
451 332 409 351
452 332 410 351
454 332 412 351
430 333 389 344
432 333 391 345
433 333 393 348
435 333 395 348
438 333 398 349
442 333 400 350
444 333 402 351
445 333 403 351
447 333 405 351
449 333 407 352
451 333 408 352
452 333 410 352
432 335 390 347
438 335 397 350
440 335 398 351
442 335 399 352
444 335 401 353
445 335 403 353
447 335 404 353
449 335 406 353
451 335 407 354
435 337 394 352
440 337 398 353
444 337 400 354
445 337 402 355
447 337 404 355
