444 293 417 310
445 293 419 310
447 293 422 310
449 293 424 310
451 293 426 310
452 293 427 310
454 293 429 310
456 293 431 310
444 295 417 312
445 295 419 312
447 295 421 312
449 295 423 312
451 295 425 312
452 295 427 313
454 295 429 312
456 295 431 313
458 295 433 313
442 297 415 313
444 297 417 313
445 297 419 313
447 297 420 314
449 297 423 314
451 297 425 314
454 297 429 314
456 297 431 315
458 297 432 315
440 299 412 315
447 299 420 316
449 299 422 316
451 299 424 316
452 299 426 316
454 299 428 317
456 299 431 317
458 299 432 317
459 299 434 317
442 300 414 316
444 300 416 315
445 300 418 316
447 300 420 318
449 300 422 318
451 300 424 318
452 300 426 318
459 300 434 318
461 300 435 319
438 302 407 314
440 302 412 318
442 302 414 318
444 302 415 317
445 302 417 318
449 302 422 320
454 302 428 320
456 302 430 320
458 302 432 320
459 302 434 321
461 302 435 321
463 302 437 321
438 304 407 316
440 304 411 320
442 304 413 320
444 304 415 319
445 304 417 320
447 304 419 321
449 304 421 321
451 304 423 322
452 304 427 321
454 304 428 321
456 304 430 322
458 304 432 322
459 304 433 323
461 304 435 323
419 306 387 317
421 306 389 317
428 306 397 316
440 306 411 321
442 306 413 321
444 306 415 322
445 306 417 322
447 306 419 323
449 306 421 324
451 306 423 324
452 306 426 323
454 306 428 323
456 306 430 324
458 306 431 324
459 306 433 324
461 306 435 324
463 306 437 326
423 307 391 320
426 307 395 321
428 307 397 321
438 307 409 323
440 307 411 323
442 307 413 323
444 307 415 323
445 307 417 324
447 307 419 325
451 307 422 325
452 307 425 325
454 307 427 325
456 307 429 325
458 307 431 326
459 307 433 326
461 307 434 326
465 307 438 326
407 309 379 319
414 309 385 321
418 309 387 321
419 309 388 322
428 309 397 323
437 309 405 324
438 309 408 325
440 309 410 325
442 309 412 325
444 309 414 325
445 309 416 325
449 309 420 326
451 309 422 327
452 309 425 327
454 309 426 327
456 309 428 327
459 309 432 328
463 309 436 328
465 309 438 328
466 309 440 328
407 311 379 321
426 311 395 324
428 311 397 325
432 311 400 325
433 311 402 325
435 311 404 325
437 311 406 326
438 311 408 326
440 311 410 327
442 311 412 327
444 311 414 327
445 311 416 327
447 311 418 327
449 311 420 328
452 311 424 329
463 311 436 330
465 311 438 330
466 311 439 331
407 313 379 323
418 313 386 325
425 313 393 326
426 313 395 326
428 313 397 327
432 313 400 327
433 313 402 327
435 313 404 328
437 313 406 328
438 313 408 328
440 313 410 329
442 313 412 329
444 313 414 329
445 313 416 329
447 313 418 330
449 313 419 330
452 313 423 331
454 313 425 331
456 313 427 331
458 313 429 332
461 313 434 332
465 313 437 332
412 314 383 324
418 314 386 326
419 314 388 327
423 314 391 327
425 314 393 327
426 314 395 328
428 314 397 328
432 314 400 329
433 314 401 329
435 314 403 329
437 314 405 329
438 314 408 330
440 314 409 330
442 314 411 330
444 314 413 331
445 314 415 331
447 314 417 331
449 314 419 332
451 314 421 332
452 314 423 333
454 314 425 333
456 314 427 333
459 314 431 333
463 314 435 333
407 316 378 326
411 316 381 326
412 316 383 327
421 316 390 329
423 316 391 329
425 316 393 329
426 316 395 330
428 316 396 329
433 316 401 330
435 316 403 331
437 316 405 331
438 316 407 332
440 316 409 332
445 316 415 333
447 316 417 333
449 316 419 333
454 316 425 335
459 316 430 335
461 316 432 335
463 316 434 335
407 318 378 328
409 318 380 328
412 318 383 328
414 318 384 329
418 318 387 330
419 318 389 330
423 318 391 331
425 318 393 331
426 318 395 331
428 318 396 331
432 318 399 331
433 318 400 331
435 318 403 332
437 318 405 333
438 318 406 334
440 318 408 334
444 318 412 335
445 318 415 335
447 318 417 335
449 318 419 335
451 318 420 335
458 318 428 337
459 318 430 337
461 318 432 337
463 318 434 337
465 318 436 338
407 320 378 330
409 320 380 330
412 320 382 330
414 320 384 330
418 320 387 332
419 320 388 332
423 320 391 333
425 320 393 333
426 320 395 333
428 320 396 333
430 320 398 334
433 320 400 334
435 320 402 334
437 320 404 335
438 320 406 335
440 320 408 336
442 320 410 335
444 320 412 336
445 320 414 336
447 320 416 337
449 320 418 337
451 320 420 337
452 320 422 337
454 320 424 338
456 320 426 338
458 320 428 339
459 320 430 339
461 320 432 339
463 320 433 339
465 320 436 340
466 320 438 340
409 321 380 331
412 321 382 332
414 321 384 332
416 321 386 332
419 321 389 334
423 321 391 334
425 321 393 334
426 321 395 335
428 321 396 335
430 321 398 335
433 321 400 336
435 321 402 336
437 321 404 337
438 321 406 337
442 321 410 337
444 321 411 338
445 321 413 338
447 321 416 338
449 321 418 339
451 321 420 339
452 321 421 339
454 321 424 340
456 321 426 340
458 321 428 340
459 321 429 340
461 321 431 341
463 321 433 341
465 321 435 341
466 321 438 341
412 323 381 334
414 323 383 334
418 323 387 335
419 323 388 335
421 323 390 336
425 323 393 336
428 323 396 337
430 323 398 337
433 323 400 338
435 323 402 338
437 323 404 338
438 323 405 339
440 323 407 339
442 323 409 340
444 323 411 340
445 323 414 340
447 323 416 340
449 323 417 340
451 323 419 341
452 323 421 341
454 323 423 341
456 323 425 341
458 323 427 342
459 323 429 342
461 323 431 343
412 325 381 336
414 325 383 336
416 325 385 336
423 325 391 338
425 325 393 338
426 325 395 338
430 325 398 339
433 325 400 339
435 325 402 339
437 325 403 340
438 325 405 340
440 325 407 341
442 325 409 341
444 325 411 342
445 325 413 342
447 325 415 342
449 325 417 342
451 325 419 342
452 325 421 343
454 325 423 343
456 325 425 343
458 325 427 344
459 325 429 344
461 325 431 344
414 326 383 338
416 326 385 338
418 326 386 338
419 326 388 339
421 326 390 339
423 326 391 340
430 326 397 340
432 326 399 341
435 326 401 341
437 326 403 342
438 326 405 342
440 326 407 343
442 326 409 343
444 326 411 343
445 326 412 344
447 326 415 344
449 326 417 344
451 326 419 344
452 326 420 344
454 326 422 345
456 326 424 345
458 326 427 345
459 326 429 346
414 328 383 339
416 328 385 340
421 328 389 340
428 328 395 342
430 328 397 342
432 328 398 343
433 328 400 343
437 328 403 343
438 328 405 344
440 328 406 345
442 328 408 345
444 328 410 345
445 328 412 345
447 328 414 345
449 328 417 346
451 328 418 346
452 328 420 346
454 328 422 346
456 328 424 347
458 328 426 347
416 330 385 341
419 330 388 342
421 330 389 342
423 330 391 343
428 330 395 344
430 330 397 344
432 330 398 344
433 330 400 345
437 330 403 345
438 330 404 346
440 330 406 346
442 330 408 346
444 330 410 347
445 330 412 347
447 330 414 347
449 330 416 348
451 330 418 348
452 330 420 348
454 330 422 348
456 330 424 348
412 332 382 343
416 332 385 343
419 332 388 344
421 332 389 344
423 332 391 345
432 332 398 346
433 332 400 346
435 332 401 347
440 332 405 347
442 332 407 348
444 332 410 348
445 332 411 349
447 332 413 349
449 332 415 349
451 332 417 350
452 332 419 350
454 332 422 350
416 333 385 345
419 333 388 345
421 333 389 346
423 333 391 346
426 333 393 346
428 333 395 347
430 333 397 347
433 333 400 348
435 333 401 348
438 333 403 348
440 333 405 349
442 333 407 350
444 333 409 350
445 333 411 351
447 333 413 351
449 333 415 351
451 333 417 351
418 335 387 347
421 335 389 347
423 335 391 348
425 335 392 348
428 335 395 349
430 335 396 349
432 335 398 349
435 335 401 350
438 335 404 350
440 335 405 351
442 335 407 351
444 335 409 352
445 335 411 352
447 335 413 352
454 335 420 354
418 337 386 349
421 337 389 349
423 337 391 350
425 337 392 350
428 337 395 351
430 337 396 351
432 337 398 351
433 337 399 351
435 337 401 352
440 337 405 353
442 337 407 353
444 337 409 353
445 337 410 354
447 337 412 354
421 339 389 351
423 339 390 351
425 339 392 352
426 339 393 352
430 339 396 353
432 339 398 353
442 339 407 355
444 339 408 355
445 339 410 355
447 339 412 356
423 340 390 353
425 340 392 353
426 340 393 354
430 340 396 354
433 340 399 355
426 342 393 356
433 342 398 356
444 344 408 360
