442 293 416 314
444 293 417 315
445 293 419 315
449 293 422 314
451 293 424 314
452 293 426 315
454 293 427 313
456 293 429 313
458 293 430 312
459 293 434 313
442 295 415 316
444 295 417 316
445 295 419 316
447 295 421 316
449 295 422 316
452 295 425 317
454 295 427 316
456 295 429 316
440 297 411 315
442 297 414 315
444 297 417 318
451 297 423 318
452 297 425 318
454 297 426 319
456 297 428 318
458 297 430 318
440 299 412 319
442 299 414 319
444 299 416 319
449 299 420 319
451 299 422 320
452 299 424 320
454 299 426 320
456 299 428 321
458 299 429 320
459 299 431 320
461 299 433 321
440 300 412 321
442 300 413 321
444 300 415 321
449 300 420 321
451 300 422 321
452 300 423 322
454 300 425 322
456 300 427 323
458 300 429 322
459 300 430 323
439 302 409 322
440 302 411 322
442 302 413 323
444 302 415 323
447 302 418 323
449 302 419 323
451 302 421 323
452 302 423 323
454 302 424 324
456 302 426 324
458 302 428 324
439 304 409 324
440 304 411 324
442 304 412 324
447 304 417 324
449 304 419 325
451 304 421 325
452 304 423 325
426 306 395 321
428 306 397 321
439 306 408 325
440 306 410 326
442 306 412 326
447 306 417 326
449 306 418 326
451 306 420 327
452 306 422 327
454 306 424 327
426 307 395 323
428 307 397 324
440 307 409 327
444 307 413 328
447 307 416 328
449 307 418 328
451 307 419 328
454 307 423 328
456 307 425 329
458 307 426 329
425 309 394 325
426 309 395 326
428 309 397 327
439 309 407 328
442 309 411 329
445 309 414 329
447 309 415 329
449 309 417 330
451 309 418 330
452 309 420 330
454 309 422 330
456 309 424 330
458 309 426 331
419 311 388 327
421 311 390 327
425 311 393 327
426 311 395 328
428 311 397 329
432 311 400 329
433 311 401 329
435 311 403 330
437 311 405 330
440 311 408 330
445 311 413 331
447 311 415 331
449 311 416 331
452 311 420 332
454 311 422 332
458 311 425 332
459 311 426 333
421 313 390 328
423 313 391 329
425 313 393 329
426 313 395 330
428 313 396 331
432 313 399 331
435 313 402 331
444 313 411 333
445 313 413 333
447 313 414 333
449 313 415 333
452 313 419 333
456 313 422 334
458 313 424 334
459 313 426 334
461 313 428 335
418 314 387 329
419 314 389 330
435 314 402 333
440 314 407 334
444 314 410 334
445 314 412 334
447 314 413 334
449 314 415 335
451 314 417 334
452 314 419 335
456 314 422 335
458 314 424 335
459 314 425 336
461 314 427 336
423 316 392 330
428 316 395 332
430 316 396 332
432 316 398 332
433 316 400 333
442 316 407 336
444 316 409 336
445 316 411 336
447 316 413 336
451 316 417 336
454 316 419 337
456 316 421 337
458 316 423 337
459 316 424 338
461 316 426 338
463 316 428 337
412 318 380 326
426 318 393 331
428 318 394 333
430 318 396 334
432 318 397 334
433 318 399 335
435 318 401 336
437 318 402 337
439 318 405 337
442 318 407 337
444 318 408 338
445 318 410 338
447 318 412 338
449 318 414 338
451 318 416 338
454 318 419 338
456 318 420 339
458 318 422 339
459 318 424 339
463 318 427 339
465 318 429 340
428 320 394 335
430 320 395 335
433 320 398 337
435 320 400 338
437 320 402 338
440 320 405 339
442 320 407 339
444 320 408 339
445 320 410 340
449 320 414 340
452 320 417 340
454 320 418 340
456 320 420 341
458 320 422 341
461 320 425 341
463 320 427 341
466 320 430 341
425 321 390 334
437 321 401 340
439 321 402 340
440 321 404 340
442 321 406 340
444 321 408 340
447 321 411 341
449 321 413 341
452 321 416 342
454 321 418 342
456 321 420 342
459 321 423 342
461 321 425 342
463 321 427 342
466 321 429 343
412 323 380 329
423 323 388 334
426 323 392 336
428 323 393 337
433 323 397 339
435 323 399 339
439 323 402 342
440 323 403 342
442 323 405 342
445 323 409 342
447 323 411 343
449 323 412 343
452 323 416 343
458 323 420 344
459 323 422 344
461 323 424 344
465 323 427 344
416 325 381 332
421 325 386 335
425 325 389 336
428 325 393 339
430 325 394 339
433 325 396 340
435 325 398 341
437 325 400 341
439 325 402 343
440 325 403 343
444 325 407 344
445 325 408 344
447 325 410 344
451 325 413 345
452 325 415 345
454 325 416 344
456 325 418 345
458 325 420 345
459 325 422 346
416 326 381 333
419 326 384 335
423 326 387 337
425 326 389 338
426 326 390 339
432 326 395 341
433 326 396 342
435 326 398 343
437 326 400 343
442 326 404 345
444 326 406 345
445 326 408 346
447 326 410 346
451 326 413 346
452 326 414 347
454 326 416 346
456 326 417 346
458 326 419 347
459 326 421 347
414 328 378 333
419 328 383 336
423 328 387 339
425 328 388 340
426 328 390 340
433 328 396 343
435 328 397 344
437 328 399 344
439 328 401 345
440 328 402 345
442 328 404 346
444 328 405 347
447 328 408 347
449 328 410 348
451 328 412 348
454 328 415 348
456 328 417 348
458 328 419 348
414 330 378 335
416 330 380 336
418 330 381 337
425 330 388 341
428 330 390 342
430 330 392 343
437 330 398 346
445 330 406 349
447 330 408 349
449 330 410 349
452 330 413 349
454 330 415 350
456 330 416 350
458 330 419 350
416 332 379 337
419 332 382 339
428 332 390 344
430 332 392 344
432 332 393 345
433 332 395 346
435 332 396 347
440 332 400 347
442 332 402 347
444 332 404 348
447 332 407 351
449 332 409 351
451 332 411 351
452 332 413 351
454 332 414 351
456 332 416 352
416 333 379 339
432 333 393 347
433 333 394 347
435 333 396 348
437 333 397 349
440 333 400 349
442 333 402 349
444 333 403 350
445 333 405 351
447 333 407 352
451 333 411 352
452 333 412 353
454 333 414 353
419 335 381 342
423 335 385 345
426 335 387 345
428 335 389 346
430 335 391 347
433 335 393 349
435 335 395 349
437 335 397 350
440 335 400 351
442 335 401 352
444 335 403 352
445 335 404 353
449 335 408 354
451 335 410 354
428 337 389 348
430 337 390 348
432 337 392 349
433 337 393 350
435 337 395 351
437 337 396 351
440 337 399 352
442 337 401 354
444 337 402 355
445 337 404 355
447 337 406 355
449 337 408 356
451 337 410 356
430 339 390 349
432 339 391 350
440 339 399 354
442 339 400 355
445 339 404 357
447 339 405 357
449 339 407 357
