394 294 393 295
396 294 395 295
399 294 400 295
401 294 402 295
402 294 404 295
404 294 405 295
406 294 407 295
407 294 408 295
409 294 410 295
393 295 392 296
397 295 397 295
402 295 404 296
412 295 413 296
391 297 391 298
393 297 392 297
394 297 394 297
396 297 396 297
397 297 397 297
399 297 399 297
401 297 401 297
402 297 402 297
406 297 406 297
409 297 409 297
412 297 412 297
414 297 415 298
386 299 386 299
389 299 389 299
394 299 394 299
396 299 396 299
397 299 397 299
399 299 399 299
401 299 401 299
402 299 402 299
404 299 404 299
406 299 406 299
407 299 407 299
409 299 409 299
417 299 417 299
383 300 383 300
384 300 384 300
386 300 386 300
388 300 387 300
389 300 389 300
391 300 391 300
393 300 392 300
394 300 394 300
396 300 396 300
397 300 397 300
399 300 399 300
401 300 401 300
402 300 402 300
404 300 404 300
406 300 406 300
407 300 407 300
409 300 409 300
411 300 411 300
412 300 412 300
414 300 414 300
415 300 415 300
417 300 417 300
419 300 419 300
381 302 382 302
384 302 384 302
386 302 386 302
388 302 387 302
389 302 389 302
391 302 391 302
393 302 392 302
394 302 394 302
396 302 396 302
397 302 397 302
399 302 399 302
401 302 401 302
402 302 402 302
404 302 404 302
406 302 406 302
407 302 407 302
409 302 409 302
411 302 411 302
412 302 412 302
414 302 414 302
415 302 416 302
417 302 417 302
419 302 419 302
420 302 420 302
376 304 376 304
378 304 378 304
379 304 380 304
381 304 381 304
384 304 384 304
386 304 386 304
388 304 388 304
389 304 389 304
391 304 391 304
393 304 392 304
394 304 394 304
396 304 396 304
397 304 397 304
399 304 399 304
401 304 401 304
402 304 402 304
404 304 404 304
406 304 406 304
407 304 407 304
409 304 409 304
411 304 411 304
412 304 412 304
414 304 414 304
415 304 415 304
417 304 417 304
419 304 419 304
422 304 422 304
424 304 425 304
425 304 426 304
374 305 374 305
376 305 376 305
378 305 378 305
379 305 379 305
381 305 381 305
383 305 383 305
384 305 384 305
386 305 386 305
388 305 388 305
389 305 389 305
391 305 391 305
393 305 392 305
394 305 394 305
396 305 396 305
397 305 397 305
399 305 399 305
401 305 401 305
402 305 402 305
404 305 404 305
406 305 406 305
407 305 407 305
409 305 409 305
411 305 411 305
412 305 412 305
414 305 414 305
415 305 416 305
417 305 417 305
419 305 419 305
420 305 421 305
422 305 422 305
424 305 424 305
425 305 425 305
427 305 427 305
374 307 375 307
378 307 378 307
379 307 379 307
381 307 381 307
383 307 383 307
384 307 384 307
386 307 386 307
388 307 388 307
389 307 389 307
391 307 391 307
393 307 393 307
394 307 394 307
396 307 396 307
397 307 397 307
399 307 399 307
401 307 401 307
402 307 402 307
404 307 404 307
406 307 406 307
407 307 407 307
409 307 409 307
411 307 411 307
412 307 412 307
414 307 414 307
415 307 416 307
417 307 417 307
419 307 419 307
420 307 420 307
422 307 422 307
424 307 424 307
425 307 425 307
427 307 427 307
429 307 429 307
430 307 430 307
373 309 372 308
374 309 374 309
376 309 376 309
378 309 378 309
379 309 379 309
381 309 381 309
383 309 383 309
384 309 384 309
386 309 386 309
388 309 388 309
389 309 389 309
391 309 391 309
393 309 392 309
394 309 394 309
396 309 396 309
397 309 397 309
399 309 399 309
401 309 401 309
402 309 402 309
404 309 404 309
406 309 406 309
407 309 407 309
409 309 409 309
411 309 411 309
412 309 412 309
414 309 414 309
415 309 415 309
417 309 417 309
419 309 419 309
420 309 420 309
422 309 422 309
424 309 424 309
425 309 425 309
427 309 427 309
429 309 429 309
430 309 430 309
373 310 372 310
376 310 376 310
378 310 378 310
379 310 379 310
381 310 381 310
383 310 383 310
384 310 384 310
386 310 386 310
388 310 388 310
389 310 389 310
391 310 391 310
393 310 393 310
394 310 394 310
396 310 396 310
397 310 397 310
399 310 399 310
401 310 401 310
402 310 402 310
404 310 404 310
406 310 406 310
407 310 407 310
409 310 409 310
411 310 411 310
412 310 412 310
414 310 414 310
415 310 415 310
417 310 417 310
419 310 419 310
420 310 420 310
422 310 422 310
424 310 424 310
425 310 425 310
427 310 427 310
429 310 429 310
430 310 430 310
373 312 372 311
374 312 374 312
376 312 376 312
378 312 378 312
379 312 379 312
381 312 381 312
383 312 383 312
384 312 384 312
386 312 386 312
388 312 388 312
389 312 389 312
391 312 391 312
393 312 393 312
394 312 394 312
396 312 396 312
397 312 397 312
399 312 399 312
401 312 401 312
402 312 402 312
404 312 404 312
406 312 406 312
407 312 407 312
409 312 409 312
411 312 411 312
412 312 412 312
414 312 414 312
415 312 415 312
417 312 417 312
419 312 419 312
420 312 420 312
422 312 422 312
424 312 424 312
425 312 425 312
427 312 427 312
429 312 429 312
430 312 430 312
373 314 372 313
374 314 374 314
376 314 376 314
378 314 378 314
379 314 379 314
381 314 381 314
383 314 383 313
384 314 384 314
386 314 386 314
388 314 388 314
389 314 389 314
391 314 391 313
393 314 393 313
394 314 394 314
396 314 396 314
397 314 397 314
399 314 399 314
401 314 401 314
402 314 402 314
404 314 404 314
406 314 406 314
407 314 407 314
409 314 409 314
411 314 411 314
412 314 412 314
414 314 414 314
415 314 416 314
417 314 417 314
419 314 419 314
420 314 420 314
422 314 422 314
424 314 424 314
425 314 425 314
427 314 427 313
429 314 429 313
430 314 430 313
373 315 372 315
374 315 374 315
376 315 376 315
378 315 378 315
379 315 379 315
381 315 381 315
383 315 383 315
384 315 384 315
386 315 386 315
388 315 388 315
389 315 389 315
391 315 391 315
393 315 393 315
394 315 394 315
396 315 396 315
397 315 397 315
399 315 399 315
401 315 401 315
402 315 402 315
404 315 404 315
406 315 406 315
407 315 407 315
409 315 409 315
411 315 411 315
412 315 412 315
414 315 414 315
415 315 416 315
417 315 417 315
419 315 419 315
420 315 420 315
422 315 422 315
424 315 424 315
425 315 425 315
427 315 427 315
429 315 429 315
430 315 430 315
373 317 372 317
374 317 375 317
378 317 378 317
379 317 379 317
381 317 381 317
383 317 382 317
384 317 384 317
386 317 386 317
388 317 388 317
389 317 389 317
391 317 391 317
393 317 392 317
394 317 394 317
396 317 396 317
397 317 397 317
399 317 399 317
401 317 401 317
402 317 402 317
404 317 404 317
406 317 406 317
407 317 407 317
409 317 409 317
411 317 411 317
412 317 412 317
414 317 414 317
415 317 416 317
417 317 417 317
419 317 419 317
420 317 420 317
422 317 422 317
424 317 424 317
425 317 425 316
373 318 372 318
374 318 374 318
376 318 376 318
379 318 379 318
381 318 381 318
383 318 383 318
384 318 384 318
386 318 386 318
388 318 388 318
389 318 389 318
391 318 391 318
393 318 393 318
394 318 394 318
396 318 396 318
397 318 397 318
399 318 399 318
401 318 401 318
402 318 402 318
404 318 404 318
406 318 406 318
407 318 407 319
409 318 409 318
411 318 411 318
412 318 412 318
414 318 414 318
415 318 415 318
417 318 417 318
419 318 419 318
420 318 420 318
422 318 422 318
424 318 424 319
373 320 373 320
374 320 375 320
376 320 376 320
379 320 379 320
381 320 381 320
383 320 383 320
384 320 384 320
386 320 386 320
388 320 388 320
389 320 389 320
391 320 391 320
393 320 392 320
394 320 394 320
396 320 396 320
397 320 397 320
399 320 399 320
401 320 401 320
402 320 402 320
404 320 404 320
406 320 406 320
407 320 407 320
409 320 409 320
411 320 411 320
412 320 412 320
414 320 414 320
415 320 416 320
417 320 417 320
419 320 419 320
420 320 420 320
422 320 422 320
432 320 432 320
434 320 434 320
373 322 373 322
374 322 375 322
376 322 376 322
379 322 379 322
383 322 383 322
384 322 384 322
386 322 386 322
388 322 388 322
389 322 389 322
391 322 391 322
393 322 393 322
394 322 394 322
396 322 396 322
397 322 397 322
399 322 399 322
401 322 401 322
402 322 402 322
404 322 404 322
406 322 406 322
407 322 407 322
409 322 409 322
411 322 411 322
412 322 412 322
414 322 414 322
415 322 415 322
417 322 417 322
419 322 419 322
420 322 420 322
422 322 422 322
432 322 432 322
434 322 434 322
373 323 372 323
374 323 374 323
376 323 376 323
379 323 379 323
383 323 383 323
384 323 384 323
386 323 386 323
388 323 388 323
389 323 389 323
391 323 391 323
393 323 392 323
394 323 394 323
396 323 396 323
397 323 397 323
399 323 399 323
401 323 401 323
402 323 402 323
404 323 404 323
406 323 406 323
407 323 407 323
409 323 409 323
411 323 411 324
412 323 412 324
414 323 414 323
415 323 416 323
417 323 417 323
419 323 419 323
420 323 420 323
422 323 422 323
424 323 424 323
425 323 425 323
429 323 429 324
432 323 432 323
434 323 434 323
374 325 374 325
376 325 376 325
379 325 379 325
383 325 383 325
384 325 384 325
386 325 386 325
388 325 388 325
389 325 389 325
391 325 391 325
393 325 392 325
394 325 394 325
396 325 396 325
397 325 397 325
399 325 399 325
401 325 401 325
402 325 402 325
404 325 404 325
406 325 406 325
407 325 407 325
409 325 409 325
411 325 411 325
412 325 412 325
414 325 414 325
415 325 416 325
417 325 417 325
419 325 419 325
420 325 420 325
422 325 422 325
424 325 424 325
425 325 425 325
427 325 427 325
429 325 429 325
430 325 430 325
434 325 434 325
373 327 372 326
374 327 374 327
378 327 378 327
379 327 379 326
383 327 383 327
384 327 384 327
386 327 386 327
388 327 388 327
389 327 389 327
391 327 391 327
393 327 393 327
394 327 394 327
396 327 396 327
397 327 397 327
399 327 399 327
401 327 401 327
402 327 402 327
406 327 406 327
407 327 407 327
409 327 409 327
411 327 411 327
412 327 412 327
414 327 414 327
415 327 415 327
417 327 417 327
419 327 419 327
420 327 420 327
422 327 422 327
424 327 424 327
425 327 425 327
429 327 428 327
430 327 430 326
374 328 374 328
376 328 376 328
378 328 378 328
379 328 379 328
383 328 383 328
384 328 384 328
386 328 386 328
388 328 388 328
389 328 389 328
391 328 391 328
393 328 392 328
394 328 394 328
396 328 396 328
397 328 397 328
399 328 399 328
401 328 401 328
402 328 402 328
404 328 404 328
406 328 406 328
407 328 407 328
409 328 409 328
411 328 411 328
412 328 412 328
414 328 414 328
415 328 416 328
417 328 417 328
419 328 419 328
420 328 420 328
422 328 422 328
424 328 424 328
425 328 425 328
427 328 427 328
429 328 428 328
430 328 430 328
435 328 435 329
373 330 373 330
376 330 376 330
378 330 378 330
379 330 379 330
383 330 383 330
384 330 384 330
386 330 386 330
388 330 388 330
389 330 389 330
391 330 391 330
393 330 392 330
394 330 394 330
396 330 396 330
397 330 397 330
399 330 399 330
401 330 401 330
402 330 402 330
404 330 404 330
406 330 406 330
407 330 407 330
409 330 409 330
411 330 411 330
412 330 412 330
414 330 414 330
415 330 416 330
417 330 417 330
419 330 419 330
420 330 420 330
422 330 422 330
424 330 424 330
425 330 425 330
427 330 427 330
434 330 434 330
435 330 435 331
376 332 376 332
378 332 378 332
379 332 379 332
381 332 381 332
383 332 383 332
384 332 384 332
386 332 386 332
388 332 388 332
389 332 389 332
391 332 391 332
393 332 393 332
394 332 394 332
396 332 396 332
397 332 397 332
399 332 399 332
401 332 401 332
402 332 402 332
404 332 404 332
406 332 406 332
407 332 407 332
409 332 409 332
411 332 411 332
412 332 412 332
414 332 414 332
415 332 416 332
417 332 417 332
419 332 419 332
420 332 420 332
422 332 422 332
424 332 424 332
425 332 425 331
427 332 427 332
429 332 428 331
432 332 432 332
434 332 434 332
435 332 435 333
376 333 376 333
378 333 378 333
379 333 379 333
381 333 381 333
383 333 383 333
384 333 384 333
386 333 386 333
388 333 388 333
389 333 389 333
391 333 391 333
393 333 393 333
394 333 394 333
396 333 396 333
397 333 397 333
399 333 399 333
401 333 401 333
402 333 402 333
404 333 404 333
406 333 406 333
407 333 407 333
409 333 409 333
411 333 411 333
412 333 412 333
414 333 414 333
417 333 417 333
419 333 419 333
420 333 420 333
422 333 422 333
424 333 424 333
425 333 425 333
427 333 427 333
429 333 429 333
430 333 430 333
432 333 432 333
379 335 379 335
381 335 381 335
383 335 383 335
384 335 384 335
386 335 386 335
388 335 388 335
389 335 389 335
391 335 391 335
393 335 393 335
394 335 394 335
396 335 396 335
397 335 398 335
399 335 399 335
401 335 401 335
402 335 402 335
404 335 404 335
406 335 406 335
407 335 407 335
409 335 409 335
411 335 411 335
412 335 412 335
414 335 414 335
415 335 416 335
417 335 417 335
419 335 419 335
420 335 420 335
422 335 422 335
424 335 424 335
425 335 425 335
427 335 427 335
429 335 428 335
430 335 430 335
379 336 379 336
381 336 381 336
383 336 383 336
384 336 384 336
386 336 386 336
388 336 388 336
389 336 389 336
391 336 391 337
393 336 393 337
394 336 394 337
396 336 396 336
397 336 398 336
401 336 401 336
402 336 402 336
404 336 404 336
406 336 406 336
407 336 407 336
409 336 409 336
411 336 411 337
412 336 412 336
414 336 414 337
417 336 417 337
419 336 419 337
420 336 420 336
422 336 422 336
424 336 424 336
425 336 425 336
427 336 427 336
429 336 429 336
430 336 430 336
379 338 379 338
381 338 381 338
383 338 383 338
384 338 384 338
386 338 386 338
388 338 388 338
391 338 391 338
393 338 392 338
394 338 394 338
396 338 396 338
397 338 397 338
401 338 401 338
402 338 402 338
404 338 404 338
407 338 407 338
409 338 409 338
411 338 411 338
412 338 412 338
414 338 414 338
415 338 415 338
417 338 417 338
419 338 419 338
420 338 420 338
422 338 422 338
424 338 424 338
425 338 425 338
427 338 427 338
429 338 428 338
430 338 430 338
383 340 383 340
384 340 384 340
386 340 386 340
388 340 388 340
389 340 389 340
391 340 391 340
393 340 392 340
394 340 394 340
396 340 396 340
397 340 397 340
399 340 399 340
401 340 401 340
404 340 404 340
406 340 406 340
407 340 407 340
409 340 409 340
411 340 411 340
412 340 412 340
414 340 414 340
415 340 416 340
417 340 417 340
419 340 419 340
420 340 420 340
422 340 422 340
424 340 424 340
425 340 425 340
427 340 427 340
383 341 383 341
384 341 384 341
386 341 386 341
388 341 388 341
389 341 389 341
393 341 392 341
394 341 394 341
396 341 396 341
397 341 397 341
399 341 399 341
401 341 401 341
404 341 404 341
406 341 406 341
407 341 407 342
409 341 409 341
412 341 412 341
414 341 414 341
415 341 416 341
417 341 417 341
419 341 419 341
420 341 420 341
422 341 422 341
424 341 424 341
425 341 425 341
386 343 386 343
388 343 388 343
389 343 389 343
391 343 391 343
393 343 392 343
394 343 394 343
396 343 396 343
397 343 397 343
399 343 399 343
401 343 401 343
404 343 404 343
406 343 406 343
407 343 407 343
409 343 409 343
411 343 411 343
412 343 412 343
414 343 414 343
415 343 416 343
417 343 417 343
419 343 419 343
420 343 420 343
422 343 422 343
388 345 388 345
391 345 391 345
394 345 394 345
396 345 396 345
397 345 397 345
399 345 399 345
401 345 401 345
402 345 402 345
404 345 404 345
406 345 406 345
407 345 407 345
409 345 409 345
411 345 411 345
412 345 412 345
414 345 414 345
415 345 416 345
417 345 417 345
419 345 419 345
420 345 420 345
389 346 389 346
391 346 391 346
393 346 393 346
394 346 394 346
396 346 396 347
397 346 397 347
399 346 399 346
401 346 401 346
402 346 402 346
404 346 404 346
406 346 406 346
407 346 407 346
409 346 409 346
411 346 411 346
412 346 412 346
414 346 414 346
415 346 416 346
417 346 417 347
391 348 391 348
393 348 392 348
394 348 394 348
396 348 396 348
397 348 397 348
399 348 399 348
401 348 401 348
402 348 402 348
404 348 404 348
406 348 406 348
407 348 407 348
409 348 409 348
411 348 411 348
412 348 412 348
414 348 414 348
415 348 416 348
394 350 394 350
396 350 395 350
397 350 397 350
399 350 399 350
401 350 401 350
402 350 402 350
404 350 404 350
406 350 406 350
407 350 407 350
409 350 409 350
411 350 411 350
412 350 412 350
394 351 394 351
396 351 396 351
397 351 397 351
399 351 399 351
401 351 401 351
402 351 402 351
404 351 404 351
406 351 406 351
407 351 407 351
409 351 409 351
411 351 411 351
