410 314 410 315
411 314 411 315
413 314 412 315
414 314 414 315
416 314 416 315
419 314 419 315
420 314 420 315
422 314 422 315
423 314 423 315
425 314 425 315
426 314 426 315
428 314 427 315
410 315 410 316
411 315 411 316
416 315 416 316
417 315 417 316
419 315 419 316
420 315 420 316
422 315 422 316
423 315 423 316
425 315 425 316
426 315 426 316
428 315 427 316
430 315 429 316
431 315 431 316
408 317 408 318
411 317 411 319
413 317 413 318
414 317 414 318
416 317 416 318
417 317 417 318
419 317 419 318
420 317 420 318
422 317 422 318
423 317 423 318
425 317 424 318
426 317 426 318
428 317 427 317
408 318 408 320
410 318 410 320
411 318 411 320
413 318 413 320
414 318 414 320
416 318 416 320
417 318 417 320
419 318 418 319
420 318 420 319
422 318 421 319
423 318 423 319
425 318 424 319
426 318 426 319
428 318 427 319
408 320 408 321
410 320 410 321
411 320 411 321
413 320 413 321
414 320 414 322
416 320 416 321
417 320 417 321
419 320 418 321
420 320 420 321
422 320 422 320
423 320 423 321
425 320 424 321
426 320 426 320
433 320 432 320
406 321 406 322
408 321 408 322
410 321 410 322
411 321 411 323
413 321 413 323
416 321 416 323
417 321 417 322
419 321 418 322
420 321 420 322
422 321 421 322
423 321 423 322
406 323 406 324
408 323 408 324
410 323 410 324
411 323 411 324
413 323 413 324
416 323 416 324
417 323 417 324
420 323 420 323
422 323 422 323
423 323 423 323
430 323 429 323
431 323 430 323
406 325 406 326
408 325 408 326
410 325 409 326
411 325 411 325
413 325 413 326
414 325 414 326
416 325 415 325
417 325 417 325
420 325 419 325
422 325 422 325
423 325 423 325
425 325 425 325
428 325 427 324
430 325 429 324
406 326 406 327
408 326 408 327
410 326 409 327
411 326 411 327
413 326 412 327
414 326 414 327
416 326 415 327
417 326 417 327
419 326 418 327
420 326 419 327
422 326 422 326
423 326 423 326
428 326 427 326
430 326 429 325
396 328 396 329
397 328 397 329
399 328 399 329
400 328 400 329
402 328 402 329
403 328 403 329
405 328 405 329
410 328 409 329
411 328 411 329
413 328 412 328
416 328 415 328
417 328 417 328
419 328 418 328
420 328 420 328
422 328 421 328
423 328 423 328
425 328 424 328
426 328 425 328
428 328 427 328
430 328 428 327
391 329 392 331
394 329 394 331
396 329 396 330
397 329 397 330
399 329 399 330
400 329 400 330
402 329 402 330
403 329 403 330
405 329 405 330
406 329 406 330
408 329 408 330
410 329 409 330
411 329 411 330
413 329 412 330
414 329 413 329
416 329 415 329
417 329 417 329
419 329 419 329
420 329 420 329
422 329 421 329
423 329 422 329
425 329 424 329
426 329 425 329
428 329 427 329
430 329 428 328
431 329 430 328
394 331 394 332
396 331 396 332
397 331 397 332
399 331 399 332
400 331 400 332
402 331 402 332
403 331 403 332
405 331 405 332
406 331 406 332
408 331 408 332
410 331 409 331
411 331 410 331
413 331 412 331
414 331 413 331
416 331 415 331
417 331 417 331
419 331 418 331
420 331 419 331
422 331 421 331
423 331 422 331
426 331 425 331
428 331 427 331
430 331 429 331
433 331 432 331
391 332 391 333
393 332 393 333
394 332 394 333
396 332 396 333
397 332 397 333
399 332 399 333
400 332 400 333
402 332 402 333
403 332 403 333
406 332 406 333
408 332 408 333
410 332 409 333
411 332 411 332
413 332 413 332
414 332 413 332
416 332 415 332
417 332 416 332
419 332 418 332
420 332 419 332
422 332 421 332
423 332 422 332
426 332 425 332
428 332 427 332
431 332 430 332
433 332 432 332
393 334 393 335
394 334 394 335
396 334 396 335
397 334 397 335
399 334 399 335
400 334 400 335
402 334 402 335
403 334 403 335
405 334 405 335
406 334 406 335
408 334 407 335
410 334 409 335
416 334 415 334
417 334 416 334
419 334 418 334
420 334 419 334
422 334 421 334
423 334 422 334
425 334 424 334
426 334 425 333
428 334 427 333
430 334 428 333
431 334 429 333
433 334 431 333
391 335 392 336
393 335 393 336
394 335 394 336
396 335 396 336
397 335 397 336
399 335 399 336
400 335 400 336
402 335 402 336
403 335 403 336
405 335 404 336
406 335 406 336
408 335 407 336
410 335 408 336
411 335 409 336
413 335 411 336
414 335 413 335
416 335 415 335
417 335 416 335
419 335 418 335
420 335 419 335
422 335 421 335
423 335 422 335
425 335 424 335
426 335 425 335
428 335 427 335
430 335 428 335
431 335 429 334
393 337 393 338
394 337 395 338
396 337 396 337
399 337 399 337
400 337 400 337
402 337 402 337
403 337 403 338
405 337 404 338
406 337 405 338
408 337 407 338
410 337 408 338
411 337 410 337
413 337 412 337
414 337 413 337
416 337 415 337
417 337 416 337
419 337 418 337
420 337 419 337
422 337 421 337
423 337 422 337
425 337 424 336
426 337 425 336
428 337 427 336
430 337 428 336
434 337 432 336
394 338 394 339
396 338 396 339
397 338 397 339
399 338 399 338
400 338 400 338
402 338 402 338
403 338 403 339
405 338 404 339
406 338 405 339
408 338 407 339
410 338 408 339
411 338 410 339
414 338 413 338
416 338 415 338
417 338 416 338
419 338 418 338
420 338 419 338
422 338 421 338
423 338 422 338
425 338 424 338
426 338 425 337
428 338 426 337
430 338 428 337
431 338 429 337
433 338 431 337
434 338 432 338
393 340 392 340
396 340 396 340
397 340 397 340
399 340 398 340
400 340 400 340
402 340 402 340
403 340 403 340
405 340 404 340
406 340 406 340
408 340 407 340
410 340 409 340
411 340 410 340
413 340 412 340
414 340 413 339
416 340 415 339
417 340 416 339
419 340 417 340
420 340 419 340
422 340 420 339
423 340 422 339
425 340 423 339
426 340 425 339
428 340 426 339
430 340 428 339
431 340 429 339
434 340 432 339
393 342 392 341
397 342 396 341
400 342 399 341
402 342 401 342
403 342 403 342
405 342 404 342
406 342 406 342
408 342 407 341
410 342 409 341
411 342 410 341
413 342 412 341
414 342 413 341
416 342 415 341
417 342 416 341
419 342 417 341
420 342 419 341
422 342 421 341
423 342 422 341
425 342 423 340
426 342 425 340
428 342 426 341
430 342 428 340
431 342 429 340
433 342 431 340
394 343 393 343
397 343 396 343
399 343 398 343
400 343 400 343
402 343 401 343
403 343 403 343
405 343 404 343
406 343 406 343
408 343 407 343
410 343 409 343
411 343 410 343
413 343 412 343
414 343 413 343
416 343 415 343
417 343 416 342
419 343 417 343
420 343 419 342
422 343 421 342
423 343 422 342
425 343 423 343
428 343 427 341
430 343 428 342
433 343 430 341
434 343 431 341
394 345 393 344
396 345 395 344
397 345 396 344
399 345 397 344
400 345 400 344
402 345 401 345
403 345 402 345
405 345 404 345
406 345 406 345
408 345 407 345
410 345 409 345
411 345 410 345
413 345 412 345
416 345 415 344
417 345 416 344
419 345 417 344
420 345 419 344
422 345 421 344
428 345 427 343
394 346 393 346
396 346 395 346
397 346 396 346
399 346 398 346
400 346 400 346
402 346 401 346
403 346 402 346
405 346 404 346
406 346 405 346
408 346 407 346
410 346 409 346
411 346 410 346
413 346 411 346
414 346 413 346
416 346 415 346
417 346 416 346
419 346 417 345
420 346 419 345
423 346 422 344
393 348 392 347
394 348 393 347
396 348 395 347
397 348 396 347
399 348 398 347
400 348 399 347
403 348 402 347
405 348 404 347
406 348 405 347
408 348 407 347
410 348 408 347
411 348 410 347
413 348 412 347
416 348 414 347
417 348 416 347
419 348 417 347
422 348 419 347
393 349 392 348
394 349 393 348
396 349 395 348
397 349 396 348
399 349 398 348
405 349 404 349
406 349 405 349
408 349 407 349
410 349 408 349
411 349 410 348
413 349 411 348
414 349 412 348
416 349 415 348
417 349 416 348
419 349 417 348
422 349 419 348
423 349 420 348
396 351 395 350
397 351 396 350
399 351 398 351
403 351 402 351
405 351 404 351
406 351 405 350
408 351 407 350
410 351 408 350
411 351 410 350
413 351 411 350
414 351 412 350
416 351 414 350
417 351 415 350
419 351 416 350
397 352 396 351
400 352 399 351
406 352 405 351
408 352 407 351
411 352 410 351
413 352 411 351
414 352 412 351
416 352 413 351
400 354 399 352
417 354 416 351
402 355 401 352
406 355 408 352
410 355 411 352
411 355 412 352
416 355 414 352
