419 314 417 317
420 314 419 317
423 314 421 317
425 314 423 317
426 314 424 317
413 315 412 318
414 315 413 318
417 315 416 318
419 315 417 318
420 315 419 318
423 315 421 318
425 315 422 318
413 317 412 320
417 317 415 320
419 317 417 320
420 317 418 320
426 317 424 319
428 317 425 318
414 318 412 322
417 318 415 321
419 318 417 321
423 318 421 321
425 318 422 321
426 318 424 320
416 320 414 323
417 320 415 323
419 320 417 323
422 320 419 322
423 320 421 322
425 320 422 322
428 320 425 322
410 321 408 325
411 321 410 325
417 321 415 325
422 321 419 324
423 321 420 324
425 321 422 324
426 321 424 323
408 323 407 326
410 323 408 326
411 323 409 326
420 323 417 325
422 323 419 325
423 323 420 325
425 323 422 325
426 323 423 325
431 323 427 324
410 325 408 328
417 325 415 327
420 325 417 327
422 325 419 327
423 325 420 327
428 325 425 326
433 325 429 325
434 325 430 325
385 326 375 316
414 326 412 329
416 326 413 328
417 326 414 328
420 326 417 328
422 326 418 328
423 326 420 328
425 326 421 327
426 326 423 327
428 326 425 327
431 326 427 327
433 326 429 327
434 326 430 327
383 328 381 323
399 328 398 331
403 328 401 331
413 328 410 330
414 328 411 330
417 328 414 330
420 328 417 330
425 328 421 329
426 328 423 329
430 328 426 329
431 328 427 329
433 328 429 329
434 328 430 329
436 328 432 329
437 328 434 321
383 329 381 328
397 329 396 333
399 329 398 332
402 329 400 332
403 329 401 332
405 329 403 332
411 329 408 332
413 329 410 331
416 329 413 331
422 329 419 330
423 329 420 330
425 329 421 330
428 329 424 330
430 329 425 330
431 329 427 331
434 329 430 331
436 329 432 331
383 331 381 330
406 331 404 334
410 331 407 333
411 331 408 333
413 331 410 333
414 331 411 333
420 331 417 332
422 331 418 332
423 331 420 332
425 331 421 332
426 331 423 332
431 331 427 332
433 331 428 332
383 332 380 332
391 332 374 323
396 332 393 332
403 332 401 335
405 332 403 335
408 332 405 335
410 332 407 334
411 332 408 334
413 332 410 334
416 332 412 334
419 332 415 334
420 332 417 333
422 332 418 333
423 332 419 333
425 332 421 333
430 332 425 333
382 334 378 332
383 334 380 333
385 334 382 333
396 334 393 335
397 334 396 337
400 334 398 336
402 334 400 336
403 334 401 336
405 334 403 336
408 334 405 336
410 334 407 336
414 334 411 336
416 334 412 335
419 334 415 335
420 334 417 335
422 334 418 335
423 334 419 335
428 334 423 334
430 334 425 334
431 334 426 334
382 335 378 334
385 335 382 335
386 335 383 335
389 335 386 335
393 335 389 335
394 335 391 336
396 335 393 336
400 335 398 338
402 335 400 338
403 335 401 338
405 335 403 338
411 335 408 337
413 335 409 337
414 335 411 337
417 335 413 337
419 335 415 337
420 335 416 336
426 335 422 336
428 335 423 336
430 335 425 336
431 335 426 336
382 337 378 335
385 337 382 337
386 337 383 337
389 337 386 337
393 337 389 337
394 337 391 338
396 337 393 338
399 337 396 338
403 337 401 339
410 337 406 339
411 337 408 339
413 337 409 339
416 337 412 338
417 337 413 338
422 337 418 337
425 337 420 337
426 337 422 337
428 337 423 337
430 337 424 337
386 338 383 338
388 338 385 338
393 338 389 339
399 338 396 340
405 338 402 340
406 338 404 340
410 338 406 340
411 338 408 340
413 338 409 340
419 338 415 339
420 338 416 339
422 338 418 339
425 338 420 339
426 338 421 339
428 338 423 339
430 338 424 339
433 338 427 338
385 340 382 339
386 340 375 333
393 340 389 340
394 340 391 341
397 340 394 341
399 340 396 341
400 340 397 341
402 340 399 342
403 340 400 342
406 340 403 342
408 340 405 341
410 340 406 341
411 340 408 341
416 340 411 341
417 340 413 340
419 340 414 340
420 340 416 340
423 340 418 340
425 340 420 340
428 340 422 340
433 340 427 339
437 340 433 334
386 342 383 341
393 342 389 342
394 342 391 343
396 342 393 343
399 342 396 343
400 342 397 343
402 342 399 343
403 342 400 343
406 342 403 343
408 342 405 343
413 342 409 342
416 342 411 342
417 342 413 342
419 342 414 342
420 342 415 342
423 342 418 342
425 342 420 342
394 343 391 344
396 343 393 344
397 343 394 344
399 343 396 345
400 343 397 345
402 343 399 345
403 343 400 344
406 343 403 344
410 343 406 344
411 343 407 344
413 343 409 344
417 343 413 343
419 343 414 343
425 343 419 343
391 345 389 345
399 345 396 346
400 345 397 346
402 345 398 346
403 345 400 346
408 345 404 346
410 345 406 346
411 345 407 345
413 345 409 345
416 345 411 345
417 345 412 345
420 345 415 344
423 345 418 344
391 346 389 346
394 346 391 346
396 346 392 346
397 346 394 346
406 346 402 347
408 346 404 347
410 346 406 347
411 346 407 347
413 346 409 346
416 346 411 347
419 346 414 346
420 346 415 346
423 346 418 345
396 348 392 348
397 348 394 348
402 348 398 348
405 348 401 349
406 348 402 349
408 348 404 348
410 348 405 348
411 348 407 348
417 348 412 347
419 348 414 347
422 348 416 347
428 348 414 349
397 349 394 349
405 349 401 350
406 349 402 350
408 349 404 350
410 349 405 350
413 349 408 349
416 349 411 349
393 351 390 347
402 351 398 350
411 351 407 350
414 351 409 350
416 354 411 350
403 355 399 351
413 355 405 351
