418 305 416 304
419 305 418 304
421 305 419 304
423 305 421 304
424 305 424 304
426 305 426 304
427 305 427 304
429 305 429 304
431 305 430 304
432 305 432 304
435 305 434 304
411 306 411 306
413 306 413 306
415 306 415 306
416 306 416 306
418 306 418 306
419 306 419 306
421 306 421 306
424 306 424 306
426 306 426 306
427 306 427 306
429 306 429 306
431 306 431 306
432 306 432 306
435 306 434 305
411 308 411 308
413 308 413 308
415 308 415 308
416 308 416 308
418 308 418 308
424 308 424 308
426 308 426 308
427 308 427 308
429 308 429 308
431 308 431 308
410 309 410 309
413 309 413 309
415 309 415 309
416 309 416 309
418 309 418 309
421 309 421 309
423 309 423 309
424 309 424 309
426 309 426 309
427 309 427 309
429 309 429 309
431 309 431 309
407 311 407 310
408 311 408 310
410 311 410 311
411 311 411 311
413 311 413 311
416 311 416 311
418 311 418 311
419 311 419 311
421 311 421 311
427 311 427 311
429 311 429 311
407 313 406 312
410 313 410 313
416 313 416 313
418 313 418 313
419 313 419 313
421 313 421 313
423 313 423 313
424 313 424 313
426 313 426 313
427 313 427 313
429 313 429 313
431 313 430 313
408 314 408 314
410 314 410 314
411 314 411 314
413 314 413 314
416 314 416 314
418 314 418 314
419 314 419 314
421 314 421 314
423 314 423 314
424 314 424 314
426 314 426 314
427 314 427 314
429 314 429 314
431 314 430 314
405 316 405 315
407 316 407 316
408 316 408 316
410 316 410 316
411 316 411 315
416 316 416 316
418 316 418 316
419 316 419 316
421 316 421 316
423 316 423 316
424 316 424 316
426 316 426 316
427 316 427 316
432 316 432 316
405 317 405 317
407 317 407 317
408 317 408 317
410 317 410 317
411 317 411 318
413 317 413 317
415 317 415 317
416 317 416 317
418 317 418 317
419 317 419 317
421 317 421 317
423 317 423 317
424 317 424 317
426 317 426 318
427 317 428 318
432 317 432 318
434 317 434 318
375 319 375 319
376 319 376 319
378 319 378 318
379 319 379 318
381 319 381 318
386 319 386 318
387 319 387 318
389 319 389 318
391 319 391 318
392 319 392 318
394 319 394 319
405 319 405 319
407 319 407 319
408 319 408 319
410 319 410 319
413 319 413 319
415 319 415 319
416 319 416 319
418 319 418 319
419 319 419 319
421 319 421 319
423 319 423 319
424 319 424 319
426 319 426 319
427 319 427 319
434 319 434 319
375 321 375 321
376 321 376 320
379 321 379 320
381 321 381 320
383 321 383 320
384 321 384 320
386 321 386 320
387 321 387 320
389 321 389 319
391 321 391 320
392 321 392 320
394 321 394 320
395 321 395 320
407 321 407 321
408 321 408 321
410 321 410 321
413 321 413 321
415 321 415 321
416 321 416 321
418 321 418 321
419 321 419 321
421 321 421 321
423 321 423 321
424 321 424 321
434 321 434 321
376 322 376 322
378 322 378 322
384 322 384 321
386 322 386 321
387 322 387 321
389 322 389 321
391 322 391 321
394 322 394 322
395 322 395 322
403 322 403 321
405 322 405 322
407 322 407 322
408 322 408 322
410 322 410 322
411 322 411 322
413 322 413 322
415 322 415 322
416 322 416 322
418 322 418 322
419 322 419 322
421 322 421 322
423 322 423 322
426 322 426 323
429 322 429 322
432 322 432 322
434 322 434 322
375 324 375 323
376 324 376 324
378 324 378 324
379 324 379 324
381 324 381 324
383 324 383 323
386 324 386 323
387 324 387 323
389 324 389 323
391 324 391 323
392 324 392 323
395 324 395 324
403 324 403 324
405 324 405 324
407 324 407 324
408 324 408 324
410 324 410 324
411 324 411 324
413 324 413 324
415 324 415 324
416 324 416 324
418 324 418 324
419 324 419 324
421 324 421 324
423 324 423 324
426 324 426 324
432 324 432 324
435 324 435 324
375 325 375 325
378 325 378 325
379 325 379 326
381 325 381 326
384 325 384 325
386 325 386 324
387 325 387 324
389 325 389 324
391 325 390 324
397 325 397 325
399 325 399 325
400 325 400 325
402 325 402 325
403 325 403 325
405 325 405 325
407 325 407 325
408 325 408 325
410 325 410 325
411 325 411 325
415 325 415 326
416 325 416 325
418 325 418 325
419 325 419 325
421 325 421 325
423 325 423 325
424 325 424 325
426 325 426 326
432 325 432 326
434 325 434 326
435 325 435 326
375 327 375 327
376 327 376 327
381 327 381 327
383 327 383 327
386 327 386 327
387 327 387 326
389 327 389 326
391 327 390 326
392 327 392 327
394 327 394 327
395 327 395 327
397 327 397 327
399 327 399 327
400 327 400 327
402 327 402 327
403 327 403 327
405 327 405 327
407 327 407 327
408 327 408 327
410 327 410 327
411 327 411 327
413 327 413 327
415 327 415 327
416 327 416 327
418 327 418 327
419 327 419 327
421 327 421 327
423 327 423 327
424 327 424 327
427 327 428 327
432 327 432 328
435 327 435 328
375 329 375 329
376 329 376 329
378 329 378 329
379 329 379 329
383 329 383 329
384 329 384 329
386 329 386 329
387 329 387 329
389 329 389 328
391 329 391 329
392 329 392 329
395 329 395 329
397 329 397 329
399 329 399 329
400 329 400 329
402 329 402 329
403 329 403 329
405 329 405 329
407 329 407 329
408 329 408 329
410 329 410 329
411 329 411 329
413 329 413 329
415 329 415 329
416 329 416 329
418 329 418 329
419 329 419 329
421 329 421 329
423 329 423 329
424 329 424 329
426 329 426 329
427 329 427 329
434 329 434 329
435 329 435 329
375 330 375 330
376 330 376 330
378 330 378 330
379 330 379 330
381 330 381 330
383 330 383 330
384 330 384 330
386 330 386 330
387 330 387 330
389 330 389 330
391 330 391 330
392 330 392 330
394 330 394 330
395 330 395 330
402 330 402 330
403 330 403 330
407 330 407 330
408 330 408 330
410 330 410 330
411 330 411 330
413 330 413 330
415 330 415 330
416 330 416 330
418 330 418 330
419 330 419 330
421 330 421 330
423 330 423 330
424 330 424 330
426 330 426 331
427 330 427 331
429 330 429 331
431 330 431 331
434 330 434 330
435 330 435 331
375 332 375 332
376 332 376 332
378 332 378 332
379 332 379 332
381 332 381 332
383 332 383 332
384 332 384 332
387 332 387 332
389 332 389 332
391 332 391 332
392 332 392 332
394 332 394 332
397 332 397 332
399 332 399 332
400 332 400 332
402 332 402 332
403 332 403 332
405 332 405 332
407 332 407 332
408 332 408 332
410 332 410 332
411 332 411 332
413 332 413 332
415 332 415 332
416 332 416 332
418 332 418 332
419 332 419 332
421 332 421 332
423 332 423 332
426 332 426 332
427 332 427 332
429 332 429 332
431 332 430 332
434 332 434 332
435 332 435 333
376 333 376 333
378 333 378 333
379 333 379 333
381 333 381 333
386 333 386 333
387 333 387 333
389 333 389 333
391 333 391 333
392 333 392 333
395 333 395 333
397 333 397 333
400 333 400 333
402 333 402 333
403 333 403 333
405 333 405 333
407 333 407 333
408 333 408 333
410 333 410 333
411 333 411 333
413 333 413 333
415 333 415 333
416 333 416 333
418 333 418 333
419 333 419 333
421 333 421 333
423 333 423 334
424 333 424 334
426 333 426 333
427 333 427 334
429 333 429 334
432 333 432 334
375 335 375 334
376 335 376 335
378 335 378 335
379 335 379 335
383 335 383 335
384 335 384 335
386 335 386 335
387 335 387 335
389 335 389 335
391 335 391 335
392 335 392 335
394 335 394 335
395 335 395 335
397 335 397 335
399 335 399 335
400 335 400 335
402 335 402 335
403 335 403 335
405 335 405 335
407 335 407 335
408 335 408 335
410 335 410 335
411 335 411 335
413 335 413 335
415 335 415 335
416 335 416 335
418 335 418 335
419 335 419 335
421 335 421 335
423 335 423 335
424 335 424 335
426 335 426 335
427 335 427 335
431 335 431 336
432 335 434 334
378 337 378 337
379 337 379 337
381 337 381 337
384 337 384 337
386 337 386 337
389 337 389 337
391 337 391 337
392 337 392 337
397 337 397 337
399 337 399 337
400 337 400 337
402 337 402 337
403 337 403 337
405 337 405 337
407 337 407 337
408 337 408 337
410 337 410 337
411 337 411 337
413 337 413 337
415 337 415 337
416 337 416 337
418 337 418 337
419 337 419 337
421 337 421 337
423 337 423 337
424 337 424 337
426 337 426 337
427 337 427 337
379 338 379 338
381 338 381 338
383 338 383 338
384 338 384 338
386 338 386 338
387 338 387 338
389 338 389 338
391 338 391 338
394 338 394 339
395 338 395 338
397 338 397 338
399 338 399 338
400 338 400 338
402 338 402 338
403 338 403 338
405 338 405 338
407 338 407 338
408 338 408 338
410 338 410 338
411 338 411 338
413 338 413 338
415 338 415 338
416 338 416 338
418 338 418 338
419 338 419 338
421 338 421 338
423 338 423 338
424 338 424 338
426 338 426 338
427 338 427 338
429 338 429 338
383 340 383 340
384 340 384 340
386 340 386 340
387 340 387 340
389 340 389 340
391 340 391 340
392 340 392 340
394 340 394 340
395 340 395 340
397 340 397 340
399 340 399 340
400 340 400 340
402 340 402 340
403 340 403 340
405 340 405 340
407 340 407 340
408 340 408 340
410 340 410 340
411 340 411 340
413 340 413 340
415 340 415 340
416 340 416 340
418 340 418 340
419 340 419 340
421 340 421 340
423 340 423 340
424 340 424 340
426 340 426 340
427 340 427 340
383 341 383 341
384 341 384 341
386 341 386 341
387 341 387 341
389 341 389 341
391 341 391 341
392 341 392 341
394 341 394 341
395 341 395 342
397 341 397 341
399 341 399 341
400 341 400 341
402 341 402 341
403 341 403 341
405 341 405 341
407 341 407 341
408 341 408 341
410 341 410 342
411 341 411 342
413 341 413 341
415 341 415 341
416 341 416 341
418 341 418 341
419 341 419 341
421 341 421 341
423 341 423 341
424 341 424 341
426 341 426 341
386 343 386 343
387 343 387 343
389 343 389 343
391 343 391 343
392 343 392 343
394 343 394 343
395 343 396 343
397 343 397 343
399 343 399 343
400 343 400 343
402 343 402 343
403 343 403 343
405 343 405 343
407 343 407 343
408 343 408 343
410 343 410 343
411 343 411 343
413 343 413 343
415 343 415 343
416 343 416 343
418 343 418 343
419 343 419 343
421 343 421 343
387 345 387 345
389 345 389 345
391 345 391 345
392 345 392 345
394 345 394 345
395 345 395 345
397 345 397 345
399 345 399 345
400 345 400 345
402 345 402 345
403 345 403 345
405 345 405 345
407 345 407 345
408 345 408 345
410 345 410 345
411 345 411 345
413 345 413 345
415 345 415 345
416 345 416 345
418 345 418 345
419 345 419 345
389 346 389 346
391 346 391 346
392 346 392 346
399 346 399 346
400 346 400 346
402 346 402 346
403 346 403 346
405 346 405 346
407 346 407 346
408 346 408 346
410 346 410 346
411 346 411 346
413 346 413 346
415 346 415 346
416 346 416 346
391 348 391 348
392 348 392 348
394 348 394 347
395 348 395 347
397 348 397 347
399 348 399 348
400 348 400 348
402 348 402 348
403 348 403 348
405 348 405 348
407 348 407 348
408 348 408 348
410 348 410 348
411 348 411 348
413 348 413 348
415 348 414 348
416 348 416 348
392 349 392 349
394 349 394 349
395 349 395 348
397 349 397 348
399 349 399 349
400 349 400 349
402 349 402 349
403 349 403 349
405 349 405 349
407 349 407 349
408 349 408 349
410 349 410 349
411 349 411 349
413 349 413 349
394 351 394 351
395 351 395 351
397 351 397 351
399 351 399 351
400 351 400 351
402 351 402 351
403 351 403 351
405 351 405 351
407 351 407 351
408 351 408 351
410 351 410 351
411 351 411 351
