414 312 415 312
416 312 416 312
417 312 417 312
418 312 418 312
420 312 420 312
421 312 421 312
422 312 422 312
424 312 424 312
425 312 425 312
426 312 426 312
428 312 427 312
429 312 429 312
430 312 430 312
433 312 433 312
434 312 434 312
435 312 435 312
411 314 411 314
412 314 412 314
413 314 413 314
414 314 415 314
416 314 416 314
417 314 417 314
418 314 418 314
420 314 420 314
421 314 421 314
422 314 422 314
424 314 424 314
428 314 428 314
429 314 429 314
430 314 430 314
434 314 434 314
409 315 409 315
411 315 411 315
412 315 412 315
413 315 413 315
414 315 415 315
416 315 416 315
417 315 417 315
418 315 418 315
420 315 420 315
421 315 421 315
422 315 422 315
424 315 424 315
425 315 425 315
426 315 426 315
428 315 427 315
429 315 429 315
408 316 408 316
409 316 409 316
411 316 411 316
412 316 412 316
413 316 413 316
414 316 414 316
417 316 417 316
418 316 418 316
421 316 421 316
422 316 422 316
424 316 424 316
425 316 425 316
426 316 426 316
437 316 437 316
408 318 408 318
409 318 409 318
411 318 411 318
412 318 412 318
413 318 413 318
414 318 414 318
416 318 416 318
417 318 417 318
418 318 418 318
420 318 420 318
421 318 421 318
422 318 422 318
424 318 423 318
425 318 425 318
426 318 426 318
433 318 432 318
434 318 434 318
435 318 435 318
407 319 407 319
408 319 408 319
409 319 409 319
411 319 411 319
412 319 412 319
413 319 413 319
414 319 415 319
416 319 416 319
417 319 417 319
418 319 418 319
420 319 420 319
421 319 421 319
422 319 422 319
424 319 424 319
425 319 425 319
426 319 426 319
430 319 430 319
431 319 431 319
433 319 433 319
434 319 434 319
435 319 435 319
407 320 407 320
408 320 408 320
409 320 409 320
411 320 411 320
412 320 412 320
413 320 413 320
414 320 415 320
416 320 416 320
417 320 417 320
418 320 418 320
420 320 420 320
421 320 421 320
422 320 422 320
424 320 424 320
425 320 425 320
430 320 430 320
431 320 432 320
434 320 434 320
435 320 435 320
407 322 407 322
408 322 408 322
409 322 409 322
411 322 411 321
412 322 412 321
413 322 413 321
414 322 415 321
416 322 416 321
417 322 417 322
418 322 418 322
420 322 420 321
421 322 421 322
422 322 422 322
424 322 424 322
433 322 433 322
434 322 434 321
435 322 435 321
437 322 437 321
405 323 405 323
407 323 407 323
408 323 408 323
409 323 409 323
412 323 412 323
413 323 413 322
414 323 415 322
416 323 416 323
417 323 417 323
418 323 418 323
420 323 420 323
421 323 421 323
422 323 422 323
424 323 424 323
405 324 405 324
407 324 407 324
408 324 408 324
409 324 409 324
412 324 412 324
413 324 413 324
414 324 415 324
416 324 416 324
417 324 417 324
418 324 418 324
420 324 420 324
421 324 421 324
422 324 422 324
424 324 424 324
425 324 425 324
426 324 426 324
431 324 431 324
437 324 437 324
405 325 405 325
407 325 407 325
408 325 408 325
409 325 409 325
411 325 410 326
413 325 413 325
417 325 417 325
418 325 418 325
420 325 420 325
421 325 421 325
422 325 422 325
424 325 424 325
425 325 425 325
428 325 427 325
429 325 429 324
433 325 433 325
434 325 434 325
435 325 435 325
437 325 437 325
404 327 404 327
405 327 405 327
407 327 406 327
408 327 408 327
409 327 409 327
411 327 410 327
412 327 412 327
413 327 413 327
414 327 414 327
416 327 416 327
417 327 417 327
418 327 418 327
420 327 420 327
421 327 421 327
422 327 422 327
424 327 424 327
425 327 425 327
429 327 429 326
430 327 430 327
433 327 433 327
434 327 434 327
404 328 404 328
405 328 405 328
407 328 407 328
408 328 408 328
409 328 409 328
411 328 411 328
412 328 412 328
413 328 413 328
414 328 414 328
416 328 416 328
417 328 417 328
418 328 418 328
420 328 420 328
421 328 421 328
422 328 422 328
424 328 424 328
428 328 427 328
430 328 430 328
433 328 433 328
434 328 434 328
435 328 435 328
437 328 437 328
404 329 404 329
405 329 405 329
407 329 407 329
408 329 408 329
409 329 409 329
411 329 411 329
413 329 413 329
414 329 414 329
416 329 416 329
417 329 417 329
418 329 418 329
420 329 420 329
421 329 421 329
422 329 422 329
424 329 424 329
428 329 427 329
429 329 429 329
430 329 430 329
433 329 433 329
434 329 434 329
392 331 392 331
394 331 394 331
395 331 395 331
396 331 396 331
398 331 397 331
399 331 399 331
400 331 400 331
402 331 401 331
403 331 403 331
405 331 405 331
407 331 407 331
408 331 408 331
409 331 409 331
411 331 411 331
412 331 412 331
413 331 413 331
414 331 414 331
416 331 416 331
417 331 417 331
418 331 418 331
420 331 420 331
421 331 421 331
422 331 422 331
424 331 424 331
425 331 425 331
426 331 426 330
428 331 428 331
431 331 431 330
433 331 433 330
434 331 434 330
437 331 437 330
392 332 392 332
394 332 394 332
395 332 395 332
396 332 396 332
398 332 397 332
399 332 398 332
400 332 400 332
402 332 401 332
403 332 403 332
404 332 404 332
405 332 405 332
407 332 407 332
408 332 408 332
409 332 409 332
411 332 411 332
412 332 412 332
413 332 413 332
414 332 415 332
416 332 416 332
417 332 417 332
418 332 418 332
420 332 420 332
421 332 421 332
422 332 422 332
424 332 424 332
425 332 425 332
426 332 426 332
428 332 428 332
429 332 429 332
431 332 430 332
433 332 433 332
392 333 392 333
394 333 394 333
395 333 395 333
396 333 396 333
398 333 397 333
399 333 399 333
400 333 400 333
402 333 401 333
403 333 403 333
404 333 404 333
405 333 405 333
407 333 407 333
408 333 408 333
409 333 409 333
411 333 411 333
412 333 412 333
413 333 413 333
414 333 415 333
416 333 416 333
417 333 417 333
418 333 418 333
420 333 420 333
421 333 421 333
422 333 422 333
424 333 424 333
425 333 425 333
426 333 426 333
428 333 428 333
392 334 392 335
394 334 394 335
395 334 395 335
396 334 396 335
398 334 397 335
400 334 400 335
402 334 401 335
403 334 403 335
404 334 404 335
405 334 405 335
407 334 407 335
408 334 408 334
409 334 409 334
411 334 411 335
412 334 412 334
413 334 413 335
414 334 414 335
416 334 416 335
417 334 417 335
418 334 418 335
420 334 420 335
421 334 421 334
422 334 422 335
424 334 424 335
425 334 425 334
426 334 426 334
428 334 427 334
429 334 429 335
430 334 430 335
431 334 432 334
392 336 392 336
394 336 394 336
399 336 399 336
400 336 400 336
402 336 402 336
403 336 403 336
404 336 404 336
405 336 405 336
407 336 407 336
408 336 408 336
409 336 409 336
411 336 411 336
412 336 412 336
414 336 415 336
416 336 416 336
417 336 417 336
418 336 418 336
420 336 420 336
421 336 421 336
422 336 422 336
424 336 424 336
425 336 425 336
426 336 426 336
428 336 427 336
429 336 429 336
430 336 430 336
431 336 431 336
392 337 392 337
394 337 394 337
395 337 395 337
398 337 397 338
400 337 400 337
402 337 402 337
403 337 403 337
404 337 404 337
405 337 405 337
407 337 407 337
408 337 408 337
409 337 409 337
411 337 411 337
412 337 412 337
413 337 413 337
414 337 414 337
416 337 416 337
417 337 417 337
418 337 418 337
420 337 420 337
421 337 421 337
422 337 422 337
424 337 424 337
425 337 425 337
426 337 426 337
428 337 427 337
429 337 429 337
430 337 430 337
431 337 431 337
392 338 392 338
394 338 393 338
396 338 396 338
400 338 400 339
402 338 402 338
403 338 403 338
404 338 404 338
405 338 405 338
407 338 407 338
408 338 408 338
409 338 409 338
411 338 411 338
412 338 412 338
413 338 413 338
414 338 414 338
416 338 416 338
417 338 417 338
418 338 418 338
420 338 420 338
421 338 421 338
422 338 422 338
424 338 424 338
425 338 425 338
426 338 426 338
428 338 427 338
429 338 429 338
430 338 430 338
392 340 392 340
394 340 393 340
395 340 395 340
396 340 396 340
398 340 397 340
399 340 399 340
400 340 400 340
402 340 402 340
403 340 403 340
404 340 404 340
405 340 405 340
407 340 407 340
408 340 408 340
409 340 409 340
411 340 411 340
413 340 413 340
414 340 414 340
416 340 416 340
417 340 417 340
418 340 418 340
420 340 420 340
421 340 421 340
422 340 422 340
424 340 424 340
425 340 425 340
426 340 426 340
428 340 428 340
392 341 392 341
394 341 393 341
395 341 395 341
396 341 396 341
398 341 397 341
399 341 399 341
402 341 401 341
403 341 403 341
404 341 404 341
405 341 405 341
407 341 407 341
408 341 408 341
409 341 409 341
411 341 410 341
412 341 412 341
413 341 413 341
414 341 414 341
416 341 416 341
417 341 417 341
418 341 418 341
420 341 420 341
421 341 421 341
422 341 422 341
424 341 424 341
425 341 425 341
426 341 426 341
392 342 392 342
394 342 394 342
398 342 398 342
399 342 399 342
400 342 400 342
402 342 401 342
403 342 403 342
404 342 404 342
405 342 405 342
407 342 407 342
408 342 408 342
409 342 409 342
411 342 410 343
412 342 412 342
413 342 413 342
414 342 414 342
416 342 416 342
417 342 417 342
418 342 418 342
420 342 420 342
421 342 421 342
424 342 423 343
392 344 392 344
394 344 394 344
395 344 395 344
396 344 396 343
398 344 398 343
399 344 399 343
400 344 400 344
402 344 401 344
403 344 403 344
404 344 404 344
405 344 405 344
407 344 407 344
408 344 408 344
409 344 409 344
411 344 411 344
412 344 412 344
413 344 413 344
414 344 414 344
416 344 416 344
417 344 417 344
418 344 418 344
420 344 420 344
421 344 421 344
392 345 392 345
394 345 394 345
395 345 395 345
396 345 396 345
398 345 398 345
400 345 400 345
402 345 401 345
403 345 403 345
404 345 404 345
405 345 405 345
407 345 407 345
408 345 408 345
409 345 409 345
411 345 411 345
412 345 412 345
413 345 413 345
414 345 415 345
416 345 416 345
417 345 417 345
418 345 418 345
420 345 420 345
392 346 392 346
394 346 394 346
395 346 395 346
398 346 397 346
400 346 400 346
402 346 401 346
403 346 403 346
404 346 404 346
405 346 405 346
407 346 407 346
408 346 408 346
409 346 409 346
411 346 411 346
412 346 412 346
413 346 413 346
414 346 415 346
416 346 416 346
417 346 417 346
394 348 394 348
395 348 395 348
396 348 396 348
398 348 397 348
399 348 399 348
400 348 400 348
402 348 401 348
403 348 403 348
404 348 404 348
405 348 405 348
407 348 407 348
408 348 408 348
409 348 409 348
411 348 410 348
412 348 412 348
413 348 413 348
414 348 415 348
416 348 416 348
394 349 394 349
395 349 395 349
398 349 397 349
399 349 399 349
400 349 400 349
402 349 401 349
403 349 403 349
404 349 404 349
405 349 405 349
407 349 407 349
408 349 408 349
409 349 409 349
411 349 411 349
412 349 412 349
413 349 413 349
395 350 395 350
396 350 396 350
398 350 397 350
399 350 399 350
400 350 400 350
402 350 401 350
403 350 403 350
404 350 404 350
405 350 405 350
407 350 407 350
408 350 408 350
409 350 409 350
411 350 411 350
412 350 412 350
413 350 413 350
