421 314 420 315
422 314 421 315
425 314 424 315
425 315 424 316
426 315 425 316
421 316 420 317
422 316 421 317
414 318 413 319
416 318 415 318
417 318 416 318
420 318 419 319
421 318 420 319
422 318 421 319
424 318 423 319
426 318 425 318
412 319 411 320
414 319 413 320
416 319 415 320
417 319 416 320
420 319 419 320
421 319 420 320
422 319 421 320
424 319 423 320
411 320 410 321
413 320 412 321
414 320 413 321
416 320 415 321
417 320 416 321
420 320 419 321
421 320 420 321
422 320 421 321
424 320 423 321
407 322 402 325
409 322 408 323
411 322 410 323
413 322 412 323
414 322 414 323
413 323 412 324
414 323 413 324
416 323 415 324
417 323 416 324
420 323 419 324
421 323 420 324
422 323 421 324
424 323 423 324
408 324 407 325
409 324 408 325
411 324 410 325
416 324 415 325
417 324 416 325
420 324 419 325
421 324 420 325
422 324 421 325
426 324 425 325
428 324 427 325
429 324 428 325
430 324 430 324
431 324 431 325
407 325 405 326
408 325 407 326
409 325 408 326
411 325 410 327
413 325 412 327
414 325 414 327
416 325 415 326
417 325 416 326
420 325 419 326
421 325 420 326
422 325 421 326
428 325 427 326
429 325 428 326
434 325 433 326
407 327 405 328
408 327 407 328
411 327 410 328
413 327 412 328
414 327 414 328
416 327 415 328
417 327 416 328
421 327 420 328
422 327 421 328
424 327 423 328
430 327 430 327
414 328 414 329
429 328 428 328
404 329 403 330
407 329 405 330
408 329 407 330
409 329 408 330
411 329 410 330
416 329 415 330
417 329 416 330
421 329 420 330
422 329 422 330
424 329 423 330
426 329 425 330
428 329 427 330
429 329 428 330
430 329 430 329
431 329 431 330
437 329 435 331
403 331 402 331
404 331 403 331
407 331 405 332
408 331 407 332
409 331 408 331
411 331 410 331
414 331 414 332
416 331 415 332
420 331 419 332
421 331 420 332
422 331 422 331
424 331 423 331
428 331 427 331
437 331 435 333
403 332 402 333
404 332 403 333
407 332 405 333
408 332 407 333
409 332 408 333
411 332 410 333
412 332 411 333
414 332 414 333
416 332 415 333
417 332 416 333
420 332 419 333
421 332 420 333
422 332 422 333
424 332 423 333
430 332 430 332
396 333 395 333
398 333 396 333
399 333 398 333
408 333 407 334
409 333 408 334
411 333 409 334
413 333 412 334
414 333 414 334
417 333 416 334
420 333 419 334
421 333 420 334
430 333 430 333
398 334 397 335
399 334 398 335
404 334 403 335
407 334 405 335
422 334 421 335
424 334 423 335
426 334 425 335
428 334 426 335
430 334 430 335
396 336 395 334
398 336 397 336
399 336 398 336
402 336 400 336
403 336 402 337
404 336 403 337
408 336 407 337
409 336 408 337
411 336 409 337
412 336 411 337
414 336 414 337
416 336 415 336
417 336 416 337
420 336 419 337
421 336 420 337
422 336 421 337
424 336 423 337
426 336 425 336
428 336 426 337
429 336 428 337
430 336 430 336
396 337 395 336
398 337 397 337
399 337 398 337
402 337 400 338
403 337 402 338
405 337 405 338
408 337 407 338
409 337 408 338
411 337 410 338
414 337 414 338
416 337 415 338
417 337 416 338
420 337 419 338
421 337 420 338
422 337 421 338
424 337 423 338
426 337 425 338
428 337 426 338
429 337 428 338
395 338 394 338
396 338 395 338
402 338 400 339
408 338 407 340
409 338 408 339
411 338 410 340
413 338 412 339
414 338 414 339
416 338 415 339
417 338 416 339
420 338 419 339
421 338 420 339
422 338 421 339
424 338 423 339
426 338 425 339
428 338 426 339
429 338 428 339
395 340 394 339
396 340 395 339
404 340 404 340
405 340 405 340
409 340 408 341
411 340 410 341
414 340 414 341
416 340 415 341
417 340 416 341
422 340 421 341
395 341 394 341
396 341 395 341
398 341 396 341
400 341 399 342
403 341 401 342
404 341 403 342
405 341 405 342
407 341 406 342
424 341 423 342
425 341 425 341
426 341 426 341
392 342 391 343
398 342 396 343
400 342 399 343
402 342 400 343
403 342 401 343
404 342 403 343
405 342 404 343
407 342 406 343
409 342 408 343
411 342 410 343
412 342 411 343
414 342 414 343
416 342 415 343
417 342 416 343
421 342 420 343
422 342 421 343
424 342 423 343
392 344 391 344
396 344 395 345
398 344 397 344
402 344 400 344
403 344 401 345
404 344 403 345
405 344 404 344
408 344 407 345
409 344 408 345
411 344 410 345
412 344 411 345
414 344 413 345
416 344 415 345
417 344 416 345
421 344 419 346
392 345 391 346
395 345 394 346
396 345 395 346
398 345 397 346
402 345 400 346
403 345 401 346
404 345 403 346
405 345 404 346
408 345 407 346
409 345 408 346
411 345 410 346
414 345 414 346
416 345 415 346
420 345 417 348
392 346 391 347
394 348 393 349
399 348 398 349
402 348 400 348
403 348 402 348
404 348 403 348
405 348 405 348
408 348 407 348
409 348 408 348
411 348 409 348
412 348 411 349
413 348 413 348
396 349 395 350
402 349 400 350
403 349 402 350
404 349 403 350
405 349 404 350
408 349 407 350
409 349 408 350
411 349 409 350
412 349 411 349
396 350 395 351
398 350 396 351
399 350 398 351
402 350 400 351
403 350 402 351
404 350 403 351
408 350 406 351
409 350 408 351
412 350 410 351
413 350 411 351
