412 304 412 304
410 306 410 306
412 306 412 306
413 306 413 306
415 306 415 306
417 306 417 306
420 306 420 305
422 306 422 305
423 306 423 306
425 306 425 306
427 306 427 306
408 307 408 307
410 307 410 307
412 307 412 307
413 307 413 307
415 307 415 307
417 307 417 307
418 307 418 307
420 307 420 307
422 307 422 307
428 307 428 307
430 307 430 307
407 309 407 309
408 309 408 309
410 309 410 309
412 309 412 309
413 309 414 309
415 309 415 309
417 309 417 309
418 309 418 309
420 309 420 309
422 309 422 309
423 309 423 309
425 309 425 309
427 309 427 309
428 309 428 309
430 309 430 309
405 311 405 310
407 311 407 311
408 311 408 311
413 311 413 311
415 311 415 311
417 311 417 311
418 311 418 311
420 311 420 311
422 311 422 311
423 311 423 311
425 311 425 311
427 311 427 311
428 311 428 311
430 311 430 310
407 312 407 312
410 312 410 312
412 312 412 312
415 312 415 312
417 312 417 312
418 312 419 313
420 312 420 313
425 312 425 312
427 312 427 312
428 312 428 312
430 312 430 312
405 314 403 313
407 314 407 314
408 314 408 314
410 314 410 314
412 314 412 314
415 314 415 314
417 314 417 314
418 314 418 314
423 314 423 314
425 314 425 314
427 314 427 314
428 314 428 314
430 314 430 313
374 316 374 316
375 316 375 316
377 316 377 316
405 316 405 316
407 316 407 316
408 316 409 316
410 316 410 316
412 316 412 316
413 316 414 316
420 316 420 316
422 316 422 316
423 316 423 316
427 316 427 315
430 316 430 315
372 317 372 317
374 317 374 317
375 317 375 317
377 317 377 317
407 317 407 317
412 317 412 317
413 317 414 317
417 317 417 317
418 317 418 317
420 317 420 317
422 317 422 317
423 317 423 317
425 317 425 317
374 319 374 319
375 319 375 319
377 319 377 319
399 319 398 319
400 319 400 319
404 319 404 319
405 319 405 319
408 319 408 319
410 319 410 319
412 319 412 319
413 319 414 319
415 319 415 319
417 319 417 319
418 319 418 319
420 319 420 319
422 319 422 319
423 319 423 319
372 321 372 321
375 321 375 321
377 321 377 321
379 321 379 320
399 321 399 321
410 321 410 321
412 321 412 321
413 321 414 321
415 321 415 321
417 321 417 321
418 321 418 320
420 321 420 321
422 321 422 321
423 321 423 320
427 321 427 321
372 322 372 322
374 322 374 322
377 322 377 322
379 322 379 322
402 322 402 322
404 322 403 322
405 322 405 322
407 322 407 322
410 322 410 322
412 322 412 323
413 322 414 323
415 322 415 322
417 322 417 322
418 322 418 322
420 322 420 322
422 322 422 322
427 322 427 323
372 324 372 324
374 324 374 324
375 324 375 324
377 324 377 324
379 324 379 324
380 324 380 324
397 324 397 324
399 324 399 324
402 324 402 324
405 324 405 324
407 324 407 324
408 324 408 324
412 324 412 324
413 324 414 324
415 324 415 324
417 324 417 324
418 324 418 324
420 324 420 324
422 324 422 324
423 324 423 324
425 324 425 324
432 324 432 323
433 324 433 323
374 326 374 326
375 326 375 326
377 326 377 326
379 326 379 326
382 326 382 325
384 326 384 326
394 326 394 326
397 326 397 326
404 326 404 326
405 326 405 326
407 326 407 326
408 326 409 326
410 326 410 325
412 326 412 326
415 326 415 325
417 326 417 325
418 326 418 326
420 326 420 326
422 326 422 326
423 326 423 326
430 326 430 326
372 327 372 327
374 327 374 327
375 327 375 327
377 327 377 327
379 327 379 327
380 327 380 327
382 327 382 327
385 327 385 327
387 327 387 327
389 327 389 327
390 327 390 327
392 327 392 327
394 327 394 327
395 327 395 327
397 327 397 327
399 327 399 327
400 327 400 327
402 327 402 327
404 327 404 327
405 327 405 327
407 327 407 327
408 327 409 327
410 327 410 328
412 327 412 328
413 327 414 328
415 327 415 327
417 327 417 327
418 327 418 327
420 327 420 327
422 327 422 327
425 327 425 327
374 329 374 329
377 329 377 329
379 329 379 329
380 329 380 329
384 329 384 329
387 329 387 329
389 329 389 329
390 329 390 329
392 329 392 329
394 329 394 329
395 329 395 329
397 329 397 329
399 329 399 329
400 329 400 329
402 329 402 329
404 329 404 329
405 329 405 329
407 329 407 329
408 329 409 329
410 329 410 329
412 329 412 329
413 329 413 329
417 329 417 329
418 329 419 329
420 329 420 329
422 329 422 329
423 329 424 329
427 329 427 329
433 329 433 329
435 329 435 329
375 331 375 331
379 331 379 331
380 331 380 330
382 331 382 330
385 331 385 331
389 331 389 331
390 331 390 331
392 331 392 330
394 331 394 331
395 331 395 330
397 331 397 330
399 331 399 330
400 331 400 330
402 331 402 331
405 331 405 330
407 331 407 331
408 331 409 331
412 331 412 331
413 331 414 331
415 331 415 331
417 331 417 331
418 331 419 331
420 331 420 331
422 331 422 331
423 331 423 330
425 331 425 331
427 331 427 330
428 331 428 330
430 331 430 330
433 331 433 331
435 331 435 331
374 332 374 333
375 332 375 333
377 332 377 332
379 332 379 332
380 332 380 332
382 332 382 332
384 332 384 332
385 332 385 332
387 332 387 332
392 332 392 332
394 332 394 332
395 332 395 332
397 332 397 332
399 332 399 332
400 332 400 332
404 332 403 332
407 332 407 332
408 332 408 332
410 332 410 332
412 332 412 333
413 332 413 332
415 332 415 332
417 332 417 332
418 332 418 332
420 332 420 332
422 332 422 332
425 332 425 333
427 332 427 332
428 332 428 332
430 332 430 332
432 332 432 332
435 332 435 333
375 334 375 334
377 334 377 334
382 334 382 334
384 334 384 334
385 334 385 334
387 334 387 334
389 334 389 334
390 334 390 334
394 334 394 334
395 334 395 334
397 334 397 334
399 334 399 334
400 334 400 334
402 334 402 334
404 334 404 334
405 334 405 334
407 334 407 334
408 334 409 334
410 334 410 334
412 334 412 334
413 334 413 334
415 334 415 334
417 334 417 334
418 334 418 334
420 334 420 334
422 334 422 334
423 334 423 334
427 334 427 334
428 334 429 333
432 334 432 333
377 336 377 336
379 336 379 335
380 336 380 335
382 336 382 335
384 336 384 335
385 336 385 336
387 336 387 336
389 336 389 336
390 336 390 336
392 336 392 335
394 336 394 335
395 336 395 335
397 336 397 336
399 336 398 336
400 336 400 336
404 336 404 335
405 336 405 335
407 336 407 335
408 336 409 335
410 336 410 335
415 336 415 336
417 336 417 335
418 336 418 335
420 336 420 335
422 336 422 336
423 336 423 335
425 336 425 335
427 336 427 335
428 336 428 335
377 337 377 337
379 337 379 337
380 337 380 337
382 337 382 337
384 337 384 337
385 337 385 337
389 337 389 337
390 337 390 337
392 337 392 337
394 337 394 338
395 337 395 338
397 337 397 338
399 337 398 337
402 337 402 337
404 337 404 337
405 337 405 337
407 337 407 337
408 337 408 337
410 337 410 337
412 337 412 337
413 337 413 337
415 337 415 337
417 337 417 337
418 337 418 337
420 337 420 337
422 337 422 337
423 337 423 337
425 337 425 337
427 337 427 337
428 337 428 337
430 337 431 337
382 339 382 339
384 339 384 339
389 339 389 339
392 339 392 339
397 339 397 339
399 339 399 339
400 339 400 339
402 339 402 339
404 339 404 339
405 339 405 339
407 339 407 339
408 339 408 339
410 339 410 339
412 339 412 339
413 339 414 339
415 339 415 339
417 339 417 339
418 339 418 339
420 339 420 339
422 339 422 339
423 339 423 339
425 339 425 339
427 339 427 339
428 339 430 338
382 340 382 340
384 340 384 340
385 340 385 340
387 340 387 340
389 340 389 341
390 340 390 341
394 340 393 340
407 340 407 341
408 340 409 340
410 340 410 340
412 340 412 340
413 340 413 340
415 340 415 340
417 340 417 340
418 340 419 340
420 340 420 340
422 340 422 340
423 340 423 341
425 340 425 340
428 340 430 339
385 342 385 342
387 342 387 342
389 342 389 342
390 342 390 342
392 342 392 342
394 342 393 342
395 342 395 342
397 342 397 342
399 342 399 342
400 342 400 342
402 342 402 342
404 342 403 342
405 342 405 342
407 342 407 342
408 342 409 342
410 342 410 342
412 342 412 342
413 342 413 342
415 342 415 342
417 342 417 342
418 342 418 342
420 342 420 342
422 342 422 342
385 344 386 344
389 344 389 344
390 344 390 344
392 344 392 344
395 344 395 344
397 344 397 344
399 344 399 344
400 344 400 344
402 344 402 344
404 344 404 344
405 344 405 344
407 344 407 344
408 344 409 344
410 344 410 344
412 344 412 344
413 344 414 344
415 344 415 344
418 344 418 344
420 344 420 344
387 345 387 345
389 345 389 345
390 345 390 345
392 345 392 345
394 345 393 345
395 345 395 346
397 345 397 346
399 345 399 345
400 345 400 345
402 345 402 345
404 345 404 345
405 345 405 345
407 345 407 345
408 345 408 345
410 345 410 345
412 345 412 345
413 345 414 345
415 345 415 345
417 345 417 345
390 347 390 347
392 347 392 347
394 347 394 348
399 347 399 347
400 347 400 347
402 347 402 347
404 347 404 347
405 347 405 347
407 347 407 347
408 347 408 347
410 347 410 347
412 347 412 347
413 347 414 347
415 347 415 347
394 349 394 350
399 349 399 349
400 349 400 349
402 349 402 349
404 349 403 349
405 349 405 349
407 349 407 349
408 349 408 349
410 349 410 349
412 349 412 349
413 349 413 349
394 350 394 351
397 350 397 350
399 350 399 350
400 350 400 350
402 350 402 350
404 350 404 350
405 350 405 350
407 350 407 350
408 350 408 350
410 350 410 350
412 350 412 350
413 350 413 350
