439 300 408 304
441 300 410 304
450 300 423 322
452 300 425 322
455 300 431 311
441 302 416 323
452 302 424 323
446 304 419 325
432 305 384 302
445 305 417 326
446 305 418 326
450 305 421 326
452 305 423 326
455 305 425 326
432 307 383 304
445 307 416 328
446 307 417 328
460 307 434 321
432 309 383 306
443 309 414 329
445 309 415 330
450 309 404 321
453 309 422 328
455 309 424 329
460 309 430 326
443 311 413 331
452 311 420 331
453 311 422 330
457 311 424 331
459 311 426 331
429 312 378 303
436 312 388 307
443 312 413 333
448 312 417 332
453 312 420 318
457 312 423 332
459 312 424 333
429 314 376 306
446 314 414 333
448 314 416 333
459 314 424 334
434 316 388 309
443 316 411 336
446 316 414 335
448 316 415 335
457 316 422 334
430 318 386 308
434 318 387 311
455 318 420 336
457 318 421 336
460 318 424 336
401 319 372 318
430 319 385 310
450 319 415 326
455 319 419 337
459 319 421 337
464 319 425 337
467 319 427 338
429 321 398 340
430 321 380 313
450 321 415 327
455 321 418 339
460 321 422 339
464 321 425 339
467 321 427 340
448 323 412 328
453 323 416 341
455 323 418 341
459 323 420 340
462 323 422 340
464 323 424 340
402 325 372 322
406 325 375 325
432 325 381 315
443 325 408 328
445 325 409 329
453 325 415 342
459 325 419 341
462 325 422 342
402 326 372 324
404 326 374 325
418 326 386 319
420 326 388 320
434 326 383 322
439 326 390 331
446 326 409 331
452 326 413 343
457 326 417 343
459 326 419 343
462 326 421 344
422 328 388 324
443 328 406 345
446 328 408 346
453 328 400 339
455 328 401 339
457 328 417 344
459 328 409 338
460 328 411 338
402 330 372 312
443 330 405 347
450 330 411 331
455 330 414 346
460 330 410 340
408 332 373 314
439 332 402 333
443 332 406 333
448 332 409 348
450 332 410 333
411 334 375 317
415 334 379 320
418 334 382 324
420 334 383 324
408 335 372 316
415 335 378 322
416 335 380 323
432 335 395 347
446 335 405 336
409 337 374 318
441 337 401 337
443 337 402 337
418 339 380 325
434 339 394 349
438 339 398 351
445 339 403 339
418 344 378 328
420 344 380 329
443 344 390 343
450 346 382 336
422 349 380 337
