434 297 410 309
443 297 423 308
445 297 425 308
446 297 427 308
448 297 429 308
450 297 431 309
452 297 432 309
453 297 435 309
434 298 412 309
438 298 416 309
439 298 419 309
441 298 421 309
443 298 423 310
445 298 425 310
446 298 427 310
448 298 429 310
450 298 431 310
452 298 432 310
453 298 434 311
434 300 412 311
436 300 415 311
438 300 417 311
439 300 419 311
441 300 421 311
443 300 423 311
445 300 425 312
446 300 426 312
448 300 428 312
450 300 430 312
452 300 432 312
453 300 434 312
455 300 435 312
432 302 410 312
434 302 412 312
436 302 414 313
438 302 416 313
439 302 418 313
441 302 420 313
443 302 423 313
445 302 424 314
446 302 426 314
448 302 428 314
450 302 430 314
452 302 432 314
453 302 434 314
455 302 435 314
432 304 410 314
434 304 412 314
436 304 414 314
438 304 416 315
439 304 418 315
441 304 420 315
443 304 422 315
445 304 424 315
446 304 426 316
448 304 428 316
450 304 430 316
452 304 432 316
453 304 434 316
455 304 435 316
457 304 437 316
432 305 410 315
434 305 412 316
436 305 414 316
438 305 416 316
439 305 418 316
441 305 420 317
443 305 422 317
445 305 424 317
446 305 426 317
448 305 428 317
450 305 430 317
452 305 432 318
453 305 433 318
455 305 435 318
457 305 437 318
459 305 439 318
416 307 392 313
418 307 395 313
432 307 410 317
434 307 412 318
436 307 414 318
438 307 416 318
439 307 418 318
441 307 420 318
443 307 422 319
446 307 426 319
448 307 428 319
450 307 430 319
452 307 432 319
453 307 433 320
455 307 435 320
457 307 437 320
459 307 439 320
418 309 394 317
434 309 412 319
436 309 414 320
438 309 416 320
439 309 417 320
441 309 420 320
443 309 421 321
445 309 423 321
446 309 425 321
448 309 427 321
450 309 429 321
452 309 431 322
453 309 433 322
455 309 435 322
457 309 437 322
459 309 439 322
402 311 381 319
413 311 388 319
415 311 389 318
416 311 392 319
418 311 394 319
432 311 409 321
434 311 411 321
436 311 413 321
438 311 415 321
439 311 417 322
441 311 419 322
443 311 421 322
445 311 423 322
446 311 425 323
448 311 427 323
450 311 429 323
452 311 431 323
453 311 433 324
455 311 435 324
457 311 437 324
459 311 439 324
460 311 440 324
401 312 379 321
402 312 381 321
404 312 382 321
413 312 388 320
415 312 389 320
416 312 392 320
418 312 394 321
420 312 396 321
422 312 397 321
429 312 405 322
430 312 407 322
432 312 409 323
434 312 411 323
436 312 413 323
438 312 415 323
439 312 417 323
441 312 419 323
443 312 421 323
445 312 423 325
446 312 425 325
448 312 427 324
450 312 429 325
452 312 431 325
453 312 433 325
455 312 435 325
457 312 437 325
459 312 439 326
460 312 441 326
401 314 379 323
402 314 381 323
406 314 384 323
408 314 386 324
411 314 387 322
413 314 389 322
418 314 394 323
422 314 397 323
425 314 401 323
427 314 403 323
429 314 405 324
430 314 407 324
432 314 409 325
434 314 411 325
436 314 413 325
438 314 415 325
439 314 417 325
441 314 419 325
443 314 421 325
445 314 423 326
446 314 425 326
448 314 426 326
450 314 429 326
452 314 431 327
453 314 433 327
455 314 435 327
457 314 437 327
459 314 439 327
460 314 440 328
406 316 384 325
408 316 386 325
411 316 387 324
413 316 389 324
416 316 392 325
418 316 394 325
420 316 396 325
423 316 399 325
425 316 400 325
427 316 403 325
429 316 405 326
430 316 407 326
432 316 409 326
434 316 411 327
436 316 413 327
438 316 415 327
439 316 417 327
441 316 419 327
443 316 421 327
445 316 423 328
446 316 424 328
448 316 426 328
450 316 429 328
452 316 431 329
453 316 432 329
455 316 435 329
457 316 437 329
459 316 439 329
460 316 440 330
401 318 378 327
402 318 380 326
404 318 382 327
408 318 386 327
409 318 387 327
411 318 388 326
415 318 391 326
416 318 393 326
418 318 394 327
420 318 396 327
423 318 399 328
425 318 400 327
429 318 405 327
430 318 406 328
439 318 417 329
441 318 419 329
443 318 420 329
445 318 422 329
446 318 424 330
448 318 426 330
450 318 429 330
452 318 431 330
453 318 432 331
455 318 434 331
457 318 436 331
459 318 438 331
460 318 440 331
462 318 442 332
464 318 444 332
401 319 379 328
402 319 380 328
406 319 384 329
408 319 386 329
409 319 387 329
411 319 388 329
415 319 391 328
416 319 393 328
418 319 394 328
420 319 396 328
422 319 398 329
423 319 399 329
430 319 406 330
432 319 409 329
434 319 411 330
436 319 413 330
438 319 415 330
439 319 417 331
441 319 418 331
443 319 420 331
445 319 422 331
446 319 424 332
448 319 426 331
450 319 428 332
452 319 430 332
453 319 432 332
455 319 434 332
457 319 436 333
459 319 438 333
460 319 440 333
462 319 442 333
464 319 444 333
466 319 446 333
401 321 379 330
402 321 381 330
404 321 382 330
408 321 386 330
409 321 387 331
415 321 391 330
416 321 393 330
418 321 395 330
420 321 396 330
422 321 398 331
425 321 401 331
432 321 408 331
434 321 411 331
438 321 414 332
439 321 416 332
441 321 418 333
443 321 420 333
445 321 422 333
446 321 424 333
448 321 426 334
450 321 428 334
452 321 430 334
453 321 432 334
455 321 434 334
457 321 436 334
459 321 438 335
460 321 440 335
462 321 442 335
464 321 444 335
466 321 446 335
467 321 447 335
401 323 379 332
402 323 381 332
404 323 382 332
408 323 386 332
409 323 387 333
411 323 388 332
413 323 390 332
418 323 394 333
420 323 396 333
422 323 398 333
432 323 408 334
434 323 409 334
438 323 414 334
439 323 416 334
441 323 418 334
443 323 420 335
445 323 422 335
446 323 424 335
448 323 426 335
450 323 428 336
452 323 430 336
453 323 431 336
455 323 434 336
457 323 436 336
459 323 438 336
460 323 440 337
462 323 442 337
464 323 444 337
466 323 446 337
467 323 447 337
401 325 379 334
402 325 381 334
404 325 382 334
406 325 384 334
409 325 387 334
411 325 388 334
413 325 390 334
415 325 392 335
418 325 394 335
420 325 396 335
422 325 398 335
423 325 399 335
425 325 401 335
427 325 403 335
429 325 404 335
434 325 409 336
436 325 412 336
438 325 414 336
439 325 415 336
441 325 418 336
443 325 420 336
445 325 422 337
446 325 423 337
448 325 425 337
450 325 428 338
452 325 430 338
453 325 431 338
455 325 433 338
457 325 435 338
459 325 437 338
460 325 440 339
462 325 441 339
464 325 444 339
466 325 446 339
467 325 447 339
406 326 384 336
409 326 387 336
411 326 389 336
413 326 390 336
415 326 392 336
416 326 393 336
420 326 396 336
427 326 403 337
429 326 404 337
432 326 407 337
434 326 409 338
436 326 412 337
438 326 414 337
439 326 415 338
441 326 417 338
443 326 420 338
445 326 421 338
446 326 423 338
448 326 425 339
450 326 427 339
452 326 430 339
453 326 431 339
455 326 433 339
457 326 435 340
459 326 437 340
460 326 439 340
466 326 445 341
467 326 447 341
406 328 384 337
409 328 387 338
411 328 388 338
413 328 390 338
415 328 391 338
416 328 393 338
423 328 399 338
425 328 401 339
429 328 404 339
436 328 411 339
438 328 413 339
439 328 415 339
441 328 417 340
443 328 419 340
445 328 421 340
446 328 423 340
448 328 425 340
450 328 427 340
452 328 429 341
453 328 431 341
455 328 433 341
457 328 435 342
459 328 437 342
467 328 447 342
406 330 384 339
409 330 387 340
411 330 388 340
413 330 390 340
415 330 392 340
416 330 393 340
423 330 399 340
425 330 401 340
427 330 402 340
432 330 407 341
434 330 409 340
438 330 413 341
439 330 415 341
441 330 417 342
443 330 419 342
445 330 421 342
446 330 423 342
448 330 425 342
450 330 427 343
452 330 429 342
453 330 431 343
455 330 433 343
457 330 435 344
459 330 437 344
406 332 384 342
409 332 387 342
411 332 388 342
413 332 390 342
416 332 393 342
418 332 395 342
422 332 398 342
423 332 399 342
427 332 402 342
432 332 407 342
436 332 411 343
438 332 413 343
441 332 417 344
443 332 419 344
445 332 421 344
446 332 422 344
448 332 425 344
450 332 427 344
452 332 429 345
453 332 431 345
455 332 433 345
457 332 435 345
413 334 390 343
415 334 392 344
416 334 393 344
418 334 395 344
420 334 396 344
422 334 398 344
425 334 401 344
427 334 402 344
429 334 404 344
430 334 405 344
432 334 407 344
434 334 409 344
438 334 413 345
439 334 415 345
441 334 416 345
443 334 419 345
445 334 421 346
446 334 422 346
448 334 424 346
450 334 426 347
452 334 428 347
453 334 430 346
455 334 432 347
460 334 437 347
408 335 386 345
409 335 387 345
413 335 390 345
415 335 392 345
416 335 393 346
418 335 395 346
420 335 396 346
423 335 399 346
425 335 401 346
427 335 402 346
429 335 404 346
434 335 409 346
436 335 411 346
438 335 413 346
439 335 414 347
441 335 416 347
443 335 418 347
445 335 420 347
446 335 422 347
448 335 425 347
450 335 426 348
452 335 428 348
453 335 430 348
455 335 432 349
409 337 387 347
411 337 389 347
416 337 394 347
418 337 395 348
420 337 396 348
425 337 401 348
427 337 402 347
429 337 404 347
434 337 409 348
436 337 410 348
438 337 412 348
439 337 414 349
441 337 416 349
445 337 420 349
448 337 425 349
450 337 426 350
452 337 427 350
453 337 429 350
457 337 436 347
411 339 389 349
415 339 392 349
416 339 393 349
418 339 395 350
420 339 396 349
423 339 399 349
425 339 401 350
427 339 402 349
429 339 404 349
430 339 405 350
432 339 407 350
434 339 408 350
436 339 410 350
438 339 412 350
441 339 416 351
445 339 419 351
446 339 422 351
448 339 424 351
408 341 386 350
411 341 389 351
415 341 392 351
420 341 396 351
427 341 402 351
429 341 404 352
430 341 405 352
432 341 407 352
439 341 413 352
453 341 430 352
418 342 395 353
420 342 396 353
422 342 398 353
423 342 399 353
425 342 401 353
427 342 402 353
430 342 405 353
436 342 410 353
438 342 412 353
439 342 413 354
443 342 418 354
409 344 388 353
413 344 390 355
416 344 393 354
425 344 402 355
438 344 412 355
439 344 413 355
441 344 415 356
411 346 389 355
415 346 392 357
429 346 404 357
422 348 398 358
418 349 394 359
420 349 396 360
427 349 402 360
429 349 403 360
430 349 405 360
432 349 407 360
