434 297 409 309
436 297 415 310
438 297 417 310
439 297 418 310
441 297 420 311
443 297 423 310
445 297 425 310
448 297 428 310
450 297 430 310
452 297 431 310
434 298 412 312
436 298 415 312
438 298 417 312
439 298 418 312
441 298 420 312
443 298 422 312
445 298 424 312
446 298 426 312
450 298 429 312
452 298 431 313
455 298 436 311
434 300 412 313
436 300 414 313
438 300 416 314
439 300 418 314
441 300 420 314
443 300 422 314
445 300 423 314
446 300 425 314
450 300 429 314
452 300 431 314
453 300 432 314
432 302 410 315
434 302 412 315
436 302 414 315
438 302 416 315
439 302 417 315
441 302 419 316
443 302 422 316
445 302 423 316
446 302 425 316
448 302 427 316
450 302 429 316
452 302 431 316
453 302 432 317
432 304 410 317
434 304 412 317
436 304 414 317
438 304 415 317
439 304 417 317
441 304 419 318
443 304 421 318
445 304 423 318
446 304 425 318
448 304 427 318
450 304 429 318
452 304 430 318
453 304 432 319
455 304 434 319
432 305 409 318
434 305 411 318
436 305 413 319
438 305 415 319
439 305 417 319
441 305 419 319
443 305 421 320
445 305 423 320
446 305 424 320
448 305 426 320
452 305 430 320
455 305 434 320
457 305 435 320
409 307 386 316
413 307 388 316
415 307 390 316
416 307 391 316
418 307 394 316
432 307 409 320
434 307 411 320
436 307 413 320
438 307 415 321
439 307 417 321
441 307 419 322
443 307 421 321
445 307 422 321
446 307 424 322
450 307 428 322
452 307 430 322
453 307 432 322
455 307 434 322
457 307 435 322
460 307 439 322
408 309 384 318
409 309 385 318
413 309 388 318
415 309 389 319
416 309 391 319
418 309 394 318
434 309 411 322
436 309 413 322
438 309 414 322
439 309 416 323
441 309 418 323
443 309 420 323
445 309 422 323
446 309 423 324
448 309 426 323
450 309 428 324
452 309 429 324
453 309 431 324
455 309 433 324
457 309 435 324
459 309 436 324
460 309 438 324
402 311 380 318
409 311 385 320
411 311 387 320
415 311 389 320
416 311 392 321
418 311 393 322
420 311 395 322
430 311 405 323
432 311 408 324
434 311 410 324
438 311 414 324
441 311 418 325
443 311 420 325
445 311 422 325
448 311 426 325
450 311 428 325
452 311 429 326
453 311 431 326
455 311 433 326
457 311 435 326
459 311 436 326
460 311 438 326
462 311 440 326
409 312 385 321
411 312 387 322
413 312 388 322
418 312 393 323
420 312 395 324
423 312 398 323
429 312 404 324
430 312 405 325
432 312 408 325
434 312 410 326
436 312 412 325
439 312 416 325
448 312 426 326
450 312 427 327
452 312 429 327
453 312 431 327
455 312 433 327
457 312 435 328
459 312 436 328
460 312 438 328
402 314 379 321
404 314 381 321
411 314 386 324
413 314 388 324
415 314 390 324
416 314 392 324
423 314 398 325
425 314 400 325
427 314 402 326
434 314 410 327
436 314 412 328
438 314 414 327
439 314 416 327
441 314 417 328
443 314 419 328
445 314 421 328
446 314 423 328
448 314 425 329
450 314 427 329
452 314 429 329
453 314 430 329
455 314 432 329
457 314 434 330
459 314 436 330
460 314 438 330
402 316 379 323
404 316 381 323
406 316 383 324
411 316 386 326
413 316 388 326
415 316 390 326
416 316 392 326
418 316 393 327
420 316 395 327
425 316 399 327
427 316 402 328
430 316 406 329
432 316 407 329
438 316 414 329
439 316 416 329
441 316 417 329
443 316 419 330
445 316 421 331
446 316 422 330
450 316 426 331
452 316 428 331
453 316 430 331
455 316 432 331
457 316 434 331
459 316 436 332
460 316 437 332
462 316 439 332
464 316 441 333
402 318 379 325
404 318 381 325
406 318 383 325
409 318 385 325
411 318 387 327
413 318 388 328
415 318 390 327
416 318 392 328
418 318 393 328
420 318 395 329
422 318 397 329
425 318 399 329
429 318 404 331
432 318 407 331
434 318 409 331
436 318 412 331
438 318 414 331
439 318 416 331
441 318 417 331
443 318 418 332
445 318 421 332
446 318 422 333
448 318 424 332
450 318 426 333
452 318 428 333
453 318 430 333
455 318 432 333
457 318 433 333
459 318 436 333
460 318 437 334
462 318 439 334
464 318 441 334
466 318 443 334
402 319 379 327
404 319 381 327
406 319 382 327
411 319 386 329
413 319 388 329
415 319 390 329
416 319 392 329
418 319 393 330
420 319 395 330
422 319 397 331
430 319 404 332
432 319 407 332
434 319 409 332
436 319 411 332
438 319 413 332
439 319 415 333
441 319 416 333
443 319 418 333
445 319 420 334
446 319 422 334
448 319 424 334
450 319 426 334
452 319 428 334
453 319 429 335
455 319 431 335
457 319 433 335
459 319 435 335
460 319 437 335
462 319 439 336
464 319 441 336
466 319 443 336
467 319 444 336
402 321 379 328
404 321 381 328
406 321 382 329
408 321 384 329
409 321 385 330
411 321 387 331
415 321 390 331
416 321 391 331
418 321 393 331
420 321 395 332
422 321 396 332
423 321 398 332
427 321 401 333
429 321 403 333
432 321 406 334
436 321 409 335
438 321 411 335
439 321 413 335
441 321 416 335
443 321 418 335
446 321 422 336
448 321 424 336
450 321 425 336
452 321 427 336
453 321 429 336
455 321 431 336
457 321 433 337
459 321 435 337
460 321 437 337
462 321 439 337
464 321 441 338
466 321 443 338
467 321 444 338
402 323 379 330
404 323 380 330
406 323 382 330
408 323 384 331
411 323 387 332
413 323 389 333
416 323 391 333
418 323 393 333
420 323 394 334
422 323 396 334
423 323 398 334
427 323 401 335
429 323 402 335
432 323 406 336
434 323 408 336
436 323 409 337
448 323 423 338
450 323 425 338
452 323 427 338
453 323 429 338
455 323 431 338
457 323 433 339
459 323 435 339
460 323 436 339
462 323 438 339
464 323 440 339
466 323 442 339
467 323 444 340
402 325 379 332
404 325 380 332
406 325 382 332
408 325 383 333
409 325 385 333
413 325 389 334
415 325 390 335
418 325 393 335
420 325 394 335
422 325 396 336
425 325 398 336
427 325 400 337
429 325 402 337
430 325 404 337
434 325 408 338
436 325 409 339
438 325 411 338
439 325 413 338
441 325 415 339
443 325 417 339
445 325 419 339
450 325 425 340
452 325 427 340
453 325 428 340
455 325 430 340
457 325 432 340
459 325 434 341
460 325 436 341
462 325 438 341
466 325 442 341
467 325 444 341
402 326 378 333
406 326 381 334
408 326 383 334
409 326 385 335
413 326 388 336
415 326 390 336
418 326 392 336
420 326 394 337
422 326 396 337
425 326 398 338
427 326 400 338
429 326 402 338
430 326 403 339
432 326 405 339
436 326 409 340
438 326 411 340
439 326 413 340
441 326 415 340
443 326 417 341
446 326 420 341
448 326 422 341
450 326 424 341
452 326 427 342
453 326 428 342
455 326 430 342
457 326 432 342
459 326 434 342
460 326 436 343
462 326 438 343
464 326 440 343
466 326 442 343
467 326 444 343
406 328 382 335
408 328 383 336
409 328 385 336
411 328 386 337
418 328 392 338
420 328 394 339
422 328 396 339
425 328 398 340
427 328 400 340
429 328 402 340
430 328 403 341
432 328 405 341
434 328 407 341
438 328 411 342
439 328 413 342
441 328 414 342
443 328 416 342
445 328 419 342
448 328 422 343
450 328 424 343
452 328 426 343
453 328 428 343
455 328 430 343
457 328 432 344
459 328 434 344
460 328 436 344
462 328 438 344
464 328 439 344
466 328 441 345
402 330 378 336
406 330 381 337
408 330 383 337
409 330 384 338
411 330 386 338
413 330 388 339
420 330 394 340
422 330 395 340
423 330 397 341
425 330 399 341
429 330 402 342
430 330 403 342
432 330 405 343
434 330 407 343
436 330 409 343
438 330 411 344
439 330 412 344
441 330 414 344
443 330 416 344
445 330 418 344
446 330 420 344
448 330 422 344
450 330 424 345
452 330 425 345
453 330 428 345
455 330 430 345
457 330 432 345
459 330 434 345
404 332 381 339
408 332 382 339
409 332 384 340
411 332 386 340
413 332 388 341
416 332 390 341
418 332 392 341
420 332 394 342
422 332 395 342
423 332 397 343
425 332 398 343
429 332 402 344
430 332 403 344
432 332 404 344
434 332 406 345
436 332 408 345
438 332 410 345
439 332 412 346
441 332 414 346
443 332 416 346
445 332 417 346
446 332 419 346
448 332 421 346
450 332 423 347
452 332 425 347
453 332 428 347
455 332 430 347
466 332 441 347
467 332 444 347
408 334 383 341
409 334 384 341
411 334 386 342
413 334 388 342
416 334 390 343
418 334 392 343
422 334 395 344
423 334 397 344
425 334 398 345
427 334 400 345
430 334 403 345
432 334 404 346
434 334 406 346
436 334 408 346
438 334 410 347
439 334 412 347
441 334 413 347
443 334 415 347
445 334 417 348
446 334 419 348
448 334 421 348
450 334 423 349
452 334 425 348
453 334 428 348
462 334 437 349
408 335 382 343
409 335 384 343
411 335 386 344
413 335 387 344
415 335 389 344
418 335 392 345
420 335 393 345
425 335 398 346
427 335 400 347
430 335 403 347
432 335 404 347
434 335 406 348
436 335 408 349
438 335 410 349
439 335 411 349
441 335 413 349
443 335 415 349
445 335 417 349
446 335 419 349
448 335 421 350
450 335 422 350
452 335 424 350
455 335 429 352
408 337 382 345
409 337 384 345
411 337 386 345
413 337 387 345
415 337 389 346
418 337 392 347
420 337 393 347
422 337 395 347
423 337 396 347
427 337 400 348
430 337 402 349
432 337 404 349
434 337 406 350
436 337 408 350
438 337 409 350
439 337 411 351
441 337 413 351
443 337 415 351
445 337 417 351
446 337 419 351
448 337 421 351
450 337 422 352
411 339 386 347
413 339 387 347
415 339 389 347
418 339 391 348
420 339 393 348
422 339 395 349
423 339 396 349
425 339 398 349
427 339 399 350
430 339 402 351
432 339 404 351
434 339 406 352
436 339 407 352
438 339 409 352
439 339 411 353
441 339 413 353
443 339 414 353
445 339 416 353
446 339 420 354
450 339 425 354
452 339 427 354
455 339 433 353
457 339 435 353
411 341 385 349
413 341 387 349
415 341 388 349
416 341 390 350
420 341 393 350
422 341 395 351
423 341 396 351
425 341 398 351
430 341 402 353
432 341 404 353
434 341 405 353
436 341 407 354
438 341 409 354
439 341 410 354
441 341 412 355
443 341 414 355
445 341 416 355
455 341 429 357
413 342 387 350
415 342 388 351
416 342 390 351
418 342 392 352
422 342 395 352
423 342 396 352
425 342 398 353
434 342 405 355
436 342 407 355
438 342 408 355
439 342 410 356
441 342 412 356
443 342 414 356
445 342 415 356
453 342 433 355
408 344 387 353
415 344 400 354
416 344 390 353
418 344 392 353
422 344 394 354
423 344 396 354
425 344 398 354
434 344 405 357
436 344 407 357
438 344 408 357
439 344 410 357
443 344 414 358
418 346 392 355
422 346 394 356
423 346 395 356
429 346 399 356
436 346 406 359
438 346 408 359
439 346 410 359
441 348 412 360
413 349 398 360
416 349 402 361
438 349 408 361
