436 297 415 312
438 297 417 313
439 297 418 313
441 297 420 312
443 297 422 312
445 297 424 313
446 297 425 313
448 297 427 313
450 297 428 311
452 297 430 312
434 298 412 314
436 298 415 314
438 298 416 314
439 298 418 314
441 298 420 314
443 298 422 314
445 298 423 315
446 298 425 315
448 298 427 315
450 298 429 315
452 298 430 314
453 298 431 314
434 300 412 316
436 300 414 316
438 300 416 316
439 300 418 316
443 300 421 316
445 300 423 316
446 300 424 317
448 300 426 317
450 300 428 317
452 300 430 317
455 300 435 316
457 300 436 317
432 302 410 317
434 302 412 317
436 302 413 318
438 302 415 318
439 302 417 318
441 302 419 318
443 302 421 318
445 302 422 318
446 302 424 319
448 302 426 319
450 302 428 319
452 302 429 319
455 302 434 318
432 304 409 319
434 304 411 319
436 304 413 319
438 304 415 320
439 304 416 320
441 304 418 320
443 304 420 320
445 304 422 320
446 304 424 320
448 304 425 320
450 304 427 321
452 304 429 321
455 304 432 320
432 305 409 320
434 305 411 321
436 305 413 321
438 305 414 322
439 305 416 322
441 305 418 321
443 305 420 322
445 305 421 322
446 305 423 322
448 305 425 322
452 305 428 322
453 305 430 323
455 305 432 322
420 307 396 318
436 307 412 323
441 307 417 323
443 307 419 323
445 307 421 323
446 307 423 323
448 307 425 324
452 307 428 324
453 307 430 324
455 307 431 325
457 307 433 324
460 307 437 322
413 309 388 320
415 309 389 321
416 309 391 321
418 309 394 320
420 309 395 322
422 309 397 320
432 309 408 323
434 309 410 324
438 309 414 324
439 309 415 324
441 309 417 324
443 309 419 325
445 309 421 325
448 309 423 326
450 309 426 326
452 309 427 326
453 309 429 326
455 309 431 327
416 311 392 323
418 311 394 323
420 311 395 324
422 311 396 323
430 311 405 324
432 311 408 325
434 311 409 326
436 311 411 326
438 311 413 326
439 311 415 326
441 311 416 326
443 311 419 327
446 311 421 327
448 311 423 328
450 311 425 328
452 311 427 328
453 311 429 328
455 311 431 328
415 312 390 324
420 312 395 325
423 312 398 324
430 312 405 326
432 312 407 327
434 312 409 327
436 312 411 327
438 312 412 328
439 312 414 328
441 312 416 328
443 312 418 328
446 312 421 329
448 312 422 329
450 312 424 329
452 312 426 329
453 312 428 330
409 314 385 323
416 314 392 326
418 314 393 326
423 314 398 326
425 314 399 327
427 314 401 327
432 314 407 329
434 314 408 329
436 314 410 329
438 314 412 329
439 314 414 330
441 314 416 330
443 314 417 330
446 314 421 330
448 314 422 331
450 314 424 331
452 314 426 331
455 314 430 331
457 314 431 332
415 316 390 327
416 316 392 327
418 316 393 328
423 316 397 329
425 316 399 329
427 316 401 329
429 316 403 330
430 316 405 330
432 316 406 331
434 316 408 331
436 316 410 331
438 316 412 331
439 316 414 331
441 316 415 331
445 316 418 332
446 316 420 332
448 316 422 333
450 316 424 333
453 316 427 333
455 316 429 333
457 316 431 333
460 316 434 334
402 318 379 323
416 318 391 329
418 318 393 329
423 318 397 331
425 318 399 331
429 318 402 332
430 318 404 332
432 318 406 332
434 318 408 333
436 318 410 333
438 318 412 333
441 318 414 333
443 318 416 334
445 318 418 334
446 318 420 334
448 318 422 334
452 318 425 334
453 318 427 335
455 318 429 335
457 318 430 335
459 318 432 335
460 318 434 335
402 319 379 325
408 319 383 326
409 319 384 326
418 319 392 331
420 319 394 331
423 319 396 332
425 319 398 333
427 319 400 333
429 319 402 333
430 319 403 334
432 319 405 334
434 319 407 334
436 319 409 334
439 319 412 335
441 319 414 335
443 319 416 336
445 319 418 336
446 319 419 336
448 319 421 336
450 319 423 336
452 319 425 336
453 319 426 336
455 319 428 336
457 319 430 337
459 319 432 337
460 319 434 337
402 321 378 326
409 321 383 327
411 321 385 329
413 321 387 330
415 321 389 331
422 321 395 333
423 321 396 334
425 321 398 334
427 321 400 334
429 321 401 335
430 321 403 336
432 321 405 336
436 321 408 336
438 321 410 336
439 321 412 337
441 321 413 337
443 321 416 337
445 321 417 337
446 321 419 337
450 321 422 338
452 321 424 338
453 321 426 338
455 321 428 338
457 321 429 338
459 321 431 339
460 321 433 339
406 323 380 329
408 323 382 329
409 323 383 329
413 323 387 332
415 323 389 332
420 323 392 333
423 323 396 335
425 323 398 336
427 323 399 336
429 323 401 337
430 323 403 337
432 323 404 338
436 323 408 338
438 323 410 338
439 323 411 338
441 323 413 339
443 323 415 339
445 323 417 339
446 323 418 340
448 323 420 340
450 323 422 340
452 323 424 340
453 323 425 340
455 323 427 340
460 323 433 340
462 323 434 341
406 325 380 330
408 325 381 331
409 325 383 331
413 325 387 333
415 325 388 334
418 325 390 334
420 325 392 335
422 325 394 335
425 325 397 337
434 325 405 340
436 325 407 340
438 325 409 340
439 325 411 340
441 325 413 340
443 325 414 341
450 325 422 341
452 325 423 342
453 325 425 342
457 325 428 342
459 325 430 342
460 325 432 342
462 325 433 343
408 326 381 332
409 326 383 332
413 326 385 333
418 326 390 336
420 326 392 337
422 326 393 337
423 326 395 338
429 326 400 339
430 326 401 339
434 326 405 341
436 326 407 342
438 326 409 342
439 326 410 342
441 326 412 342
445 326 416 342
446 326 417 342
448 326 419 343
450 326 421 343
452 326 423 343
455 326 426 343
457 326 428 344
415 328 387 336
416 328 388 336
418 328 390 338
420 328 392 338
422 328 393 339
423 328 395 339
425 328 396 340
429 328 399 341
430 328 401 341
432 328 402 341
434 328 405 343
436 328 407 343
438 328 408 343
439 328 410 343
443 328 413 344
445 328 415 344
446 328 417 344
448 328 419 344
450 328 420 345
452 328 422 345
455 328 426 345
457 328 427 345
404 330 378 334
415 330 386 338
416 330 388 339
422 330 393 340
423 330 394 341
425 330 396 342
429 330 399 342
430 330 401 343
432 330 403 343
436 330 406 345
438 330 408 345
441 330 411 345
443 330 413 345
445 330 415 346
446 330 416 346
448 330 418 346
452 330 422 347
409 332 381 337
416 332 387 340
418 332 389 341
420 332 391 341
423 332 394 342
425 332 396 343
429 332 399 344
430 332 401 344
432 332 402 344
434 332 403 345
436 332 406 347
439 332 409 347
441 332 411 347
443 332 413 347
445 332 414 347
446 332 416 347
448 332 418 348
409 334 381 339
415 334 386 340
418 334 389 342
420 334 391 343
422 334 392 343
425 334 395 345
429 334 399 346
430 334 400 346
432 334 402 346
434 334 403 347
438 334 407 348
439 334 408 349
441 334 410 349
443 334 412 349
445 334 414 349
446 334 416 349
448 334 418 350
409 335 381 341
413 335 384 341
415 335 386 342
416 335 387 342
420 335 390 344
422 335 392 345
423 335 393 345
429 335 398 347
430 335 400 347
432 335 401 348
434 335 403 349
436 335 405 349
438 335 406 350
439 335 408 350
441 335 410 350
443 335 412 350
445 335 414 350
446 335 416 350
415 337 385 343
416 337 386 343
418 337 388 344
420 337 390 345
422 337 392 346
423 337 393 347
425 337 395 347
432 337 401 350
434 337 403 350
436 337 404 351
438 337 406 351
439 337 408 352
441 337 410 352
445 337 412 353
415 339 385 344
416 339 386 345
418 339 388 346
420 339 390 347
422 339 391 348
423 339 393 348
425 339 394 349
429 339 397 350
430 339 399 350
434 339 402 352
436 339 404 353
438 339 405 353
439 339 407 353
416 341 386 347
418 341 388 347
422 341 391 349
423 341 393 350
425 341 394 350
429 341 397 352
430 341 399 352
432 341 400 353
436 341 403 354
415 342 384 347
418 342 387 349
420 342 389 349
429 342 397 353
