441 302 416 323
446 304 419 325
445 305 417 326
446 305 418 326
450 305 421 326
445 307 416 328
446 307 417 328
443 309 414 329
445 309 415 330
453 309 422 328
443 311 413 331
452 311 420 331
453 311 422 330
443 312 413 333
448 312 417 332
457 312 423 332
446 314 414 333
448 314 416 333
443 316 411 336
446 316 414 335
448 316 415 335
457 316 422 334
455 318 420 336
457 318 421 336
401 319 372 318
455 319 419 337
459 319 421 337
429 321 398 340
455 321 418 339
460 321 422 339
453 323 416 341
455 323 418 341
459 323 420 340
462 323 422 340
402 325 372 322
406 325 375 325
453 325 415 342
459 325 419 341
404 326 374 325
452 326 413 343
457 326 417 343
443 328 406 345
446 328 408 346
443 330 405 347
455 330 414 346
448 332 409 348
432 335 395 347
438 339 398 351
