439 297 416 313
441 297 418 314
443 297 421 316
445 297 423 316
446 297 424 316
448 297 426 316
450 297 427 313
452 297 429 314
453 297 431 313
434 298 410 315
436 298 414 316
438 298 416 318
439 298 417 316
443 298 421 318
445 298 422 318
446 298 424 318
448 298 425 318
453 298 429 318
455 298 432 315
438 300 415 317
443 300 420 319
445 300 422 319
446 300 423 319
452 300 427 319
453 300 429 320
455 300 431 317
434 302 412 321
438 302 415 319
439 302 416 321
441 302 418 321
443 302 420 321
445 302 421 321
446 302 422 321
448 302 424 321
452 302 427 321
453 302 428 321
432 304 409 323
434 304 411 323
438 304 414 322
439 304 416 322
441 304 417 323
443 304 419 322
445 304 420 322
446 304 422 323
448 304 424 323
455 304 430 322
432 305 408 324
434 305 410 324
438 305 413 324
439 305 415 324
441 305 416 324
443 305 418 324
445 305 420 324
446 305 421 324
448 305 423 324
452 305 426 324
453 305 427 325
455 305 428 325
457 305 430 324
460 305 438 326
415 307 391 324
416 307 392 324
432 307 408 326
439 307 414 326
441 307 416 326
443 307 417 326
445 307 419 326
446 307 420 326
452 307 425 326
453 307 426 326
455 307 428 326
457 307 430 327
459 307 433 328
402 309 412 316
413 309 389 325
415 309 390 325
418 309 394 325
432 309 407 327
434 309 410 327
439 309 414 328
441 309 415 328
443 309 417 327
445 309 418 328
448 309 421 328
450 309 423 328
452 309 425 327
453 309 425 328
455 309 427 328
457 309 429 329
459 309 431 330
460 309 434 330
402 311 411 318
408 311 385 325
411 311 387 326
418 311 394 326
432 311 407 329
434 311 409 328
436 311 410 329
439 311 413 329
441 311 415 329
443 311 416 329
446 311 419 329
448 311 420 330
452 311 424 329
453 311 425 329
455 311 427 330
462 311 436 331
406 312 383 326
408 312 384 327
413 312 388 327
415 312 391 327
430 312 405 330
432 312 406 330
434 312 408 330
438 312 411 330
439 312 413 331
441 312 414 331
443 312 416 330
446 312 418 331
448 312 419 331
450 312 421 331
452 312 423 331
453 312 425 331
455 312 426 331
415 314 390 329
416 314 392 329
423 314 398 329
427 314 401 329
429 314 403 332
430 314 404 332
434 314 408 332
438 314 410 332
439 314 412 332
443 314 415 332
446 314 417 332
448 314 419 332
452 314 423 332
453 314 424 332
457 314 427 333
459 314 428 333
415 316 390 331
416 316 392 331
418 316 394 330
422 316 396 331
423 316 397 331
430 316 404 333
432 316 405 334
436 316 409 334
439 316 411 334
441 316 414 333
445 316 415 333
446 316 417 334
448 316 418 334
450 316 420 334
452 316 422 334
455 316 425 334
459 316 427 334
460 316 429 335
418 318 394 332
422 318 395 332
423 318 397 333
425 318 398 333
429 318 401 333
430 318 403 335
434 318 406 335
438 318 409 335
441 318 412 335
445 318 415 335
446 318 416 335
448 318 418 336
450 318 420 335
453 318 422 335
457 318 425 335
459 318 427 336
460 318 428 336
462 318 430 336
422 319 395 333
423 319 396 334
429 319 401 336
430 319 402 337
434 319 405 337
438 319 408 337
439 319 410 336
441 319 412 336
445 319 414 337
446 319 416 337
450 319 419 337
452 319 421 337
455 319 423 337
457 319 425 337
459 319 426 337
460 319 428 337
415 321 390 333
416 321 391 333
420 321 393 333
427 321 398 336
429 321 401 338
430 321 402 338
436 321 406 338
438 321 408 338
441 321 410 339
445 321 414 339
446 321 415 338
448 321 417 338
452 321 420 338
453 321 421 338
457 321 424 339
459 321 426 339
464 321 430 338
466 321 432 339
416 323 391 334
420 323 392 335
427 323 398 337
429 323 399 337
432 323 404 339
436 323 405 340
438 323 407 340
441 323 410 340
445 323 413 340
446 323 414 340
448 323 416 339
452 323 419 340
453 323 420 340
457 323 423 340
459 323 425 340
462 323 428 340
464 323 429 340
466 323 431 340
425 325 396 338
427 325 397 338
429 325 399 339
430 325 400 340
432 325 402 340
434 325 404 341
436 325 405 342
438 325 406 342
439 325 408 342
443 325 411 342
445 325 412 342
446 325 414 342
448 325 415 341
452 325 419 342
453 325 420 342
455 325 421 342
457 325 423 342
459 325 424 342
462 325 427 341
464 325 429 341
467 325 432 343
425 326 395 339
427 326 396 339
429 326 398 340
430 326 400 342
432 326 401 342
434 326 403 343
436 326 404 343
438 326 406 343
443 326 410 343
445 326 412 343
446 326 413 343
452 326 418 343
453 326 419 343
455 326 421 343
457 326 422 343
459 326 424 344
462 326 427 343
464 326 428 343
466 326 430 343
422 328 391 339
423 328 393 339
427 328 395 341
432 328 401 344
434 328 402 344
436 328 404 344
438 328 405 344
441 328 408 344
443 328 410 344
445 328 411 344
446 328 413 345
450 328 415 344
452 328 417 344
453 328 418 345
455 328 420 345
457 328 422 345
459 328 424 345
402 330 381 331
430 330 399 344
438 330 405 346
441 330 408 346
443 330 409 346
445 330 410 346
450 330 415 346
452 330 416 346
455 330 419 347
457 330 422 347
459 330 423 347
423 332 392 342
425 332 393 343
429 332 396 344
434 332 400 345
436 332 402 345
441 332 407 348
443 332 408 348
448 332 413 348
450 332 414 348
452 332 416 348
453 332 418 348
455 332 419 349
467 332 437 337
422 334 389 341
425 334 393 344
427 334 394 345
430 334 397 346
432 334 398 346
434 334 400 347
436 334 402 347
439 334 405 349
441 334 406 349
443 334 408 349
445 334 409 350
448 334 412 349
450 334 414 350
452 334 416 350
453 334 417 349
455 334 419 351
420 335 403 346
422 335 388 343
423 335 389 343
427 335 393 346
429 335 395 347
432 335 398 347
438 335 403 350
439 335 404 350
441 335 406 351
443 335 407 350
446 335 411 350
450 335 413 351
408 337 388 344
425 337 391 346
432 337 397 349
438 337 402 351
439 337 403 352
441 337 405 352
443 337 406 352
448 337 411 352
460 337 426 348
406 339 385 342
408 339 387 342
432 339 397 350
434 339 398 351
436 339 400 352
438 339 401 353
439 339 403 353
441 339 404 354
446 339 409 354
448 339 411 354
408 341 386 344
430 341 395 351
439 341 402 355
441 341 404 355
443 341 407 355
445 341 408 355
453 342 425 349
413 349 393 351
