434 297 430 299
452 297 450 299
453 297 451 299
441 298 438 299
443 298 440 300
445 298 442 299
446 298 443 300
448 298 445 299
450 298 447 299
452 298 449 300
439 300 436 301
441 300 438 301
443 300 440 301
445 300 442 301
446 300 443 301
448 300 445 301
450 300 447 301
452 300 449 301
453 300 451 301
455 300 453 303
457 300 455 303
432 302 429 303
436 302 433 303
441 302 438 303
443 302 440 303
445 302 441 303
446 302 443 303
448 302 445 303
450 302 447 303
452 302 449 303
453 302 451 303
457 302 455 305
432 304 429 305
434 304 431 305
436 304 433 305
438 304 435 305
441 304 438 305
443 304 440 305
445 304 442 305
446 304 443 305
448 304 445 305
450 304 447 305
452 304 449 305
453 304 451 305
455 304 452 305
457 304 454 305
432 305 429 306
434 305 431 306
436 305 433 307
438 305 434 307
439 305 436 307
441 305 438 307
443 305 440 307
445 305 442 307
446 305 443 307
448 305 445 307
450 305 447 307
452 305 449 307
453 305 450 307
455 305 452 307
457 305 454 306
459 305 457 309
409 307 406 307
411 307 407 307
415 307 411 307
418 307 415 307
432 307 429 308
436 307 433 308
438 307 435 308
439 307 436 309
441 307 438 308
443 307 440 308
445 307 442 308
446 307 443 308
448 307 445 309
450 307 447 309
452 307 449 309
453 307 451 309
455 307 452 308
457 307 454 308
401 309 395 311
402 309 399 310
404 309 400 310
408 309 404 310
409 309 406 310
411 309 407 310
415 309 411 309
418 309 415 310
422 309 418 310
432 309 429 310
434 309 431 310
436 309 433 310
438 309 434 310
439 309 436 310
441 309 438 310
443 309 440 310
445 309 442 310
446 309 443 310
448 309 445 310
450 309 447 310
452 309 449 311
453 309 450 311
455 309 452 311
457 309 454 310
401 311 397 312
402 311 399 312
404 311 401 312
408 311 404 312
409 311 406 312
411 311 407 312
413 311 409 312
416 311 413 311
422 311 418 312
432 311 429 312
434 311 431 312
436 311 433 312
438 311 434 312
439 311 436 312
441 311 438 312
443 311 440 312
445 311 442 312
446 311 443 312
448 311 445 312
450 311 447 312
452 311 449 312
453 311 451 313
455 311 452 312
457 311 454 312
401 312 397 313
402 312 399 313
404 312 401 314
406 312 403 314
408 312 404 314
411 312 408 313
413 312 409 313
416 312 413 313
418 312 415 313
423 312 419 313
429 312 425 313
430 312 427 313
432 312 429 313
434 312 431 313
436 312 433 313
438 312 434 313
439 312 436 313
441 312 438 313
443 312 440 313
445 312 441 314
446 312 443 314
448 312 445 314
450 312 447 314
452 312 449 314
453 312 450 314
455 312 452 314
457 312 454 314
459 312 456 314
401 314 397 315
406 314 403 316
408 314 404 315
409 314 406 315
411 314 408 315
413 314 409 315
416 314 413 315
418 314 415 315
420 314 417 315
423 314 419 315
427 314 423 315
430 314 427 315
432 314 429 315
434 314 431 315
436 314 433 315
438 314 434 315
439 314 436 315
441 314 438 315
443 314 440 315
445 314 441 316
446 314 443 315
448 314 445 316
450 314 447 316
452 314 449 316
453 314 450 316
455 314 452 316
457 314 454 316
459 314 456 315
460 314 458 316
462 314 459 316
464 314 461 314
401 316 397 317
404 316 401 317
408 316 404 317
409 316 406 317
415 316 411 317
416 316 413 317
418 316 415 317
420 316 417 317
422 316 419 317
423 316 420 317
425 316 422 317
429 316 425 317
430 316 427 317
432 316 429 317
434 316 431 317
436 316 433 317
438 316 434 317
439 316 436 317
441 316 438 317
443 316 440 317
445 316 442 317
446 316 443 317
448 316 445 317
450 316 447 317
452 316 449 317
453 316 450 318
455 316 452 318
457 316 454 318
459 316 456 317
460 316 458 317
462 316 459 318
464 316 461 316
466 316 464 316
401 318 397 319
402 318 399 319
404 318 401 319
406 318 403 319
408 318 405 319
409 318 406 319
411 318 408 319
413 318 409 319
415 318 411 319
416 318 413 319
418 318 415 319
420 318 417 319
422 318 419 319
423 318 420 319
425 318 422 319
430 318 427 319
432 318 429 319
434 318 431 319
439 318 436 319
441 318 438 319
443 318 440 319
445 318 441 319
446 318 443 319
448 318 445 319
450 318 447 319
452 318 449 319
453 318 451 319
455 318 452 319
457 318 454 319
459 318 456 319
460 318 458 319
462 318 459 319
464 318 462 320
466 318 463 319
401 319 397 321
402 319 399 321
404 319 401 321
406 319 403 321
408 319 405 321
409 319 406 321
411 319 408 321
413 319 410 320
415 319 411 320
416 319 413 320
418 319 415 320
420 319 417 320
422 319 418 321
423 319 420 321
432 319 429 321
434 319 430 321
438 319 434 321
439 319 436 321
441 319 438 321
443 319 440 321
445 319 441 321
446 319 443 321
448 319 445 321
450 319 447 321
452 319 449 321
453 319 450 321
455 319 452 321
457 319 454 321
459 319 456 321
460 319 458 321
462 319 459 321
464 319 462 321
466 319 463 321
401 321 397 322
402 321 399 322
404 321 401 323
406 321 403 323
408 321 405 323
409 321 406 323
411 321 408 323
413 321 410 322
415 321 411 322
416 321 413 322
418 321 415 322
420 321 417 322
422 321 418 322
423 321 420 322
427 321 423 321
430 321 427 322
434 321 430 322
436 321 433 322
438 321 434 323
439 321 436 323
441 321 438 322
443 321 440 323
445 321 442 323
446 321 443 323
448 321 445 323
450 321 447 323
452 321 449 323
453 321 450 323
455 321 452 323
457 321 454 323
459 321 456 323
460 321 458 323
462 321 459 323
464 321 462 323
466 321 463 323
401 323 397 325
402 323 399 324
404 323 401 324
406 323 403 325
408 323 405 325
409 323 406 325
411 323 408 325
413 323 410 324
415 323 411 324
416 323 413 324
418 323 415 324
420 323 417 324
422 323 418 324
423 323 420 324
427 323 423 323
429 323 425 323
430 323 427 324
434 323 431 324
436 323 433 324
438 323 434 324
439 323 436 324
441 323 438 324
443 323 440 324
445 323 441 324
446 323 443 325
448 323 445 324
450 323 447 324
452 323 449 325
453 323 450 325
455 323 452 325
457 323 454 325
459 323 456 325
460 323 458 325
462 323 459 325
464 323 461 325
466 323 463 325
467 323 465 325
402 325 399 326
404 325 401 326
406 325 403 326
409 325 406 326
411 325 408 326
413 325 410 326
415 325 411 326
416 325 414 326
418 325 415 326
420 325 417 326
422 325 419 326
423 325 420 326
427 325 423 325
430 325 426 326
432 325 429 326
434 325 431 326
436 325 433 326
438 325 434 326
439 325 436 326
441 325 438 326
443 325 440 326
445 325 441 326
446 325 443 326
448 325 445 326
450 325 447 326
452 325 449 326
453 325 450 326
455 325 452 327
457 325 454 327
459 325 456 327
460 325 458 327
462 325 460 327
464 325 461 327
466 325 463 327
467 325 465 326
402 326 398 328
409 326 407 328
411 326 408 328
413 326 410 328
415 326 412 328
416 326 413 328
418 326 415 328
420 326 417 328
422 326 419 328
423 326 420 328
425 326 422 328
429 326 425 327
432 326 429 328
436 326 432 328
438 326 434 328
439 326 436 328
441 326 438 328
443 326 440 328
445 326 442 328
446 326 443 328
448 326 445 328
450 326 447 328
452 326 449 328
453 326 450 328
455 326 452 328
457 326 454 328
459 326 456 328
460 326 458 328
462 326 460 328
464 326 461 328
466 326 463 328
467 326 465 328
402 328 399 330
409 328 406 330
411 328 408 330
413 328 410 330
415 328 411 330
416 328 414 330
418 328 415 330
420 328 417 329
422 328 419 329
423 328 420 330
425 328 422 330
429 328 425 329
430 328 426 329
436 328 432 330
438 328 434 330
439 328 436 330
441 328 438 330
443 328 440 330
445 328 442 330
446 328 443 330
448 328 445 330
450 328 447 330
452 328 449 330
453 328 450 330
455 328 452 330
457 328 454 330
459 328 456 330
460 328 458 330
462 328 460 330
406 330 404 331
408 330 405 332
409 330 406 332
411 330 408 332
413 330 410 332
415 330 412 332
416 330 413 332
418 330 415 331
420 330 417 331
422 330 419 331
423 330 420 331
429 330 425 331
430 330 427 331
432 330 428 331
434 330 430 331
438 330 434 331
439 330 436 331
441 330 438 331
443 330 440 331
445 330 441 331
446 330 443 332
448 330 445 332
450 330 447 332
452 330 449 332
453 330 450 332
455 330 452 332
457 330 454 332
459 330 456 332
460 330 458 332
462 330 460 332
409 332 406 333
411 332 408 334
413 332 410 334
415 332 412 334
416 332 413 334
418 332 415 333
420 332 417 333
422 332 419 333
423 332 420 333
425 332 422 333
429 332 425 333
430 332 427 333
432 332 428 333
434 332 430 333
436 332 432 333
438 332 434 333
439 332 436 333
441 332 438 333
443 332 440 333
445 332 441 333
446 332 443 333
448 332 445 334
450 332 447 334
452 332 449 334
453 332 450 334
455 332 452 334
457 332 454 334
462 332 460 334
406 334 403 334
408 334 404 334
409 334 406 335
411 334 408 335
413 334 410 335
415 334 412 335
416 334 413 335
418 334 415 335
420 334 417 335
422 334 419 335
423 334 420 335
425 334 422 335
430 334 427 334
432 334 428 334
434 334 430 334
436 334 432 334
441 334 438 335
443 334 440 335
445 334 441 335
446 334 443 335
448 334 445 335
450 334 447 335
452 334 449 335
459 334 458 334
408 335 404 336
409 335 406 337
411 335 408 337
413 335 410 337
415 335 412 337
416 335 413 337
418 335 415 337
420 335 417 337
422 335 419 337
430 335 427 336
432 335 429 336
434 335 430 337
436 335 432 337
438 335 434 336
439 335 436 336
443 335 440 337
445 335 441 337
446 335 443 337
448 335 444 337
450 335 446 337
452 335 449 336
453 335 452 336
455 335 454 336
457 335 456 335
459 335 458 335
409 337 406 339
411 337 408 339
413 337 410 339
415 337 412 339
416 337 413 339
418 337 415 339
420 337 417 339
423 337 420 338
425 337 422 338
429 337 425 338
430 337 427 338
432 337 428 338
434 337 430 338
436 337 432 338
438 337 434 338
439 337 436 338
441 337 438 338
448 337 444 339
450 337 448 338
452 337 450 338
453 337 452 337
455 337 454 338
457 337 457 337
459 337 458 337
460 337 460 337
408 339 405 340
411 339 408 341
413 339 410 341
415 339 412 341
416 339 413 341
418 339 415 341
420 339 417 341
422 339 418 340
423 339 420 340
425 339 422 340
429 339 425 340
430 339 427 340
432 339 429 340
434 339 430 340
436 339 432 340
438 339 434 340
439 339 436 340
441 339 438 340
443 339 440 340
445 339 441 340
446 339 443 340
448 339 445 341
450 339 449 340
452 339 450 340
453 339 452 339
455 339 454 339
457 339 456 339
411 341 408 343
413 341 410 343
415 341 411 343
420 341 417 343
422 341 419 342
423 341 420 342
425 341 422 342
429 341 425 342
430 341 427 342
432 341 429 342
434 341 430 342
439 341 436 342
441 341 438 342
443 341 440 342
445 341 441 342
446 341 443 343
450 341 449 341
452 341 451 341
453 341 452 341
411 342 408 344
413 342 410 344
415 342 411 344
416 342 413 344
422 342 419 344
423 342 420 344
429 342 425 343
430 342 428 344
434 342 431 344
436 342 432 344
438 342 434 344
439 342 436 344
441 342 438 344
443 342 440 344
445 342 441 344
434 344 431 346
438 344 434 346
439 344 436 345
441 344 438 345
443 344 440 345
413 346 410 348
415 346 412 348
416 346 413 348
438 346 434 347
439 346 436 347
413 348 410 350
415 348 412 349
416 348 414 349
443 348 439 349
413 349 408 350
415 349 412 351
418 349 417 351
