436 297 415 314
438 297 417 315
439 297 418 315
443 297 421 313
445 297 423 314
446 297 425 315
448 297 427 315
452 297 429 312
453 297 431 312
436 298 415 316
438 298 416 316
439 298 418 316
441 298 420 316
445 298 423 316
446 298 424 317
448 298 426 317
450 298 428 316
452 298 429 316
453 298 432 315
455 298 434 315
434 300 412 317
436 300 414 318
438 300 416 318
439 300 418 318
445 300 422 318
446 300 424 318
448 300 425 318
450 300 427 318
452 300 429 318
453 300 430 318
455 300 434 317
432 302 408 316
434 302 412 319
436 302 413 319
438 302 415 319
439 302 417 320
443 302 420 320
445 302 421 320
446 302 423 320
448 302 425 320
452 302 428 320
455 302 431 320
432 304 409 321
434 304 411 321
436 304 413 321
438 304 414 321
443 304 419 321
445 304 421 322
446 304 423 322
448 304 424 322
450 304 426 322
452 304 428 322
455 304 430 322
432 305 409 322
434 305 410 323
436 305 412 323
438 305 414 323
441 305 417 323
443 305 419 323
445 305 420 323
446 305 422 323
448 305 424 323
450 305 426 323
452 305 427 323
455 305 430 324
457 305 432 325
415 307 390 321
416 307 392 321
418 307 394 321
420 307 396 321
432 307 408 324
434 307 410 324
436 307 412 324
438 307 413 325
441 307 416 324
443 307 418 325
445 307 420 325
446 307 421 325
448 307 423 325
452 307 426 326
455 307 429 326
457 307 431 326
459 307 433 327
408 309 385 322
411 309 387 323
415 309 390 323
416 309 391 323
418 309 394 322
422 309 397 322
432 309 408 326
434 309 409 326
436 309 411 326
438 309 413 326
441 309 416 326
443 309 418 327
445 309 419 327
446 309 421 327
450 309 423 328
453 309 427 327
455 309 429 328
457 309 430 328
459 309 432 328
411 311 387 324
413 311 388 324
415 311 390 325
416 311 393 324
418 311 394 324
422 311 397 325
430 311 405 326
432 311 407 327
434 311 409 328
436 311 411 328
441 311 415 328
443 311 417 328
445 311 418 329
446 311 420 329
452 311 425 329
453 311 427 329
455 311 428 329
457 311 430 329
459 311 432 330
460 311 437 332
408 312 385 325
413 312 388 326
416 312 392 326
418 312 394 326
423 312 398 326
429 312 403 328
430 312 405 329
432 312 407 329
434 312 408 329
439 312 413 330
441 312 414 329
443 312 417 330
445 312 418 330
448 312 420 330
450 312 423 330
452 312 424 330
453 312 426 331
455 312 428 331
457 312 429 331
459 312 431 332
415 314 390 327
416 314 392 327
418 314 393 328
420 314 395 328
422 314 397 329
425 314 399 329
427 314 401 329
429 314 403 330
430 314 405 331
432 314 406 331
436 314 410 331
439 314 413 331
441 314 414 332
443 314 416 332
450 314 422 332
452 314 424 332
453 314 425 332
455 314 427 332
457 314 429 333
415 316 390 329
416 316 391 329
418 316 393 329
420 316 394 330
425 316 399 331
429 316 402 332
430 316 404 332
432 316 405 332
436 316 409 332
439 316 412 333
441 316 413 333
443 316 415 333
445 316 417 333
446 316 419 333
450 316 422 334
452 316 423 333
453 316 425 334
455 316 427 334
459 316 430 334
466 316 442 337
411 318 387 330
413 318 389 331
425 318 398 333
427 318 400 331
429 318 402 334
430 318 403 334
432 318 405 334
434 318 407 334
436 318 409 334
439 318 412 334
441 318 413 335
443 318 414 335
445 318 416 335
448 318 419 335
450 318 421 335
452 318 423 335
453 318 424 335
455 318 426 336
457 318 428 336
460 318 430 336
462 318 432 336
422 319 395 332
423 319 396 333
427 319 399 333
429 319 401 335
430 319 403 336
434 319 407 335
436 319 409 335
439 319 411 336
441 319 412 336
443 319 414 337
445 319 416 337
448 319 419 336
450 319 421 336
452 319 422 337
453 319 424 337
459 319 429 337
460 319 430 338
462 319 432 338
422 321 394 334
423 321 395 334
425 321 397 335
427 321 399 335
429 321 401 337
432 321 404 337
436 321 407 337
438 321 409 337
439 321 410 338
441 321 412 338
443 321 414 338
448 321 418 338
450 321 420 338
452 321 422 338
455 321 425 339
459 321 428 339
460 321 429 339
462 321 431 339
464 321 433 339
411 323 384 329
415 323 387 331
422 323 394 335
423 323 395 336
425 323 397 337
430 323 402 338
432 323 404 339
436 323 407 339
438 323 408 339
439 323 410 339
441 323 411 340
446 323 416 340
448 323 418 340
450 323 419 340
452 323 421 340
453 323 423 340
457 323 425 340
459 323 427 341
460 323 429 341
464 323 432 341
408 325 380 328
409 325 382 329
411 325 383 331
413 325 385 332
415 325 387 333
418 325 390 335
420 325 391 335
429 325 399 337
434 325 404 341
436 325 406 341
438 325 407 341
439 325 409 341
441 325 411 341
445 325 414 342
446 325 415 341
448 325 417 341
450 325 419 341
452 325 420 342
455 325 424 342
457 325 425 342
459 325 427 342
460 325 428 342
462 325 430 342
464 325 432 342
408 326 380 330
409 326 381 330
420 326 391 337
423 326 393 337
425 326 395 338
427 326 397 339
429 326 399 339
430 326 400 340
432 326 402 342
434 326 403 342
436 326 405 342
438 326 407 342
439 326 408 343
445 326 413 343
446 326 415 343
448 326 416 343
455 326 423 344
457 326 425 344
459 326 426 344
460 326 428 344
462 326 430 344
464 326 432 344
467 326 435 345
409 328 381 332
411 328 382 333
415 328 386 335
416 328 387 336
418 328 389 337
420 328 391 338
422 328 392 339
425 328 395 340
427 328 396 341
429 328 398 341
430 328 400 341
432 328 401 344
434 328 403 344
436 328 405 344
438 328 406 344
443 328 411 344
445 328 413 344
446 328 415 345
448 328 416 345
452 328 419 345
453 328 420 345
455 328 422 345
457 328 423 346
459 328 426 346
464 328 431 345
467 328 435 347
402 330 377 331
411 330 382 334
413 330 383 335
415 330 385 337
416 330 387 338
418 330 388 338
425 330 394 342
427 330 396 342
429 330 398 343
430 330 399 343
434 330 403 345
436 330 404 345
439 330 408 346
443 330 411 346
445 330 412 346
446 330 414 346
452 330 418 346
453 330 420 347
455 330 422 347
409 332 379 334
411 332 381 336
413 332 383 336
415 332 385 339
416 332 386 340
418 332 388 340
422 332 391 341
423 332 392 341
425 332 394 343
427 332 395 344
429 332 397 344
430 332 399 345
432 332 400 345
438 332 405 347
441 332 408 347
443 332 410 348
445 332 412 348
446 332 413 348
448 332 415 348
452 332 418 348
453 332 420 349
455 332 424 347
467 332 442 338
409 334 378 335
418 334 387 341
422 334 390 342
423 334 392 343
427 334 395 345
429 334 396 346
430 334 398 346
432 334 400 347
434 334 402 348
439 334 406 349
441 334 408 349
443 334 409 349
445 334 411 350
448 334 414 350
450 334 416 350
452 334 419 350
413 335 381 339
415 335 383 339
418 335 386 342
422 335 390 344
423 335 391 344
425 335 393 345
430 335 398 347
432 335 399 348
434 335 401 349
438 335 404 350
439 335 406 351
441 335 407 351
443 335 409 351
445 335 410 351
446 335 412 351
448 335 414 351
455 335 423 351
460 335 426 352
418 337 386 343
420 337 388 344
425 337 393 347
427 337 394 347
429 337 396 348
432 337 399 350
434 337 401 351
438 337 403 351
439 337 405 352
441 337 407 352
443 337 408 352
445 337 410 353
446 337 412 353
416 339 384 342
420 339 387 345
422 339 389 346
423 339 390 347
427 339 393 349
429 339 395 350
432 339 398 350
438 339 403 353
439 339 404 353
441 339 406 354
443 339 408 354
446 339 412 354
448 339 413 354
422 341 388 348
423 341 390 348
425 341 391 349
429 341 395 351
430 341 396 352
434 341 399 352
438 341 403 355
439 341 404 356
441 341 405 356
423 342 390 350
425 342 391 350
434 342 399 354
438 342 402 357
439 342 404 357
445 342 425 350
453 342 428 352
416 344 396 354
445 346 424 353
