411 303 411 304
412 303 412 304
414 303 414 304
415 303 416 304
417 303 419 304
419 303 420 304
420 303 422 304
424 303 424 304
425 303 425 304
427 303 427 304
411 304 411 305
412 304 412 305
415 304 415 305
430 306 430 306
409 308 409 308
411 308 411 308
412 308 412 308
415 308 415 308
417 308 417 308
419 308 419 308
422 308 422 308
425 308 425 308
427 308 427 308
429 308 429 308
430 308 430 308
411 309 411 309
412 309 412 309
415 309 415 309
417 309 417 309
419 309 419 309
420 309 420 309
422 309 422 309
424 309 424 309
425 309 425 309
427 309 427 309
430 309 430 309
406 311 406 311
407 311 407 311
409 311 409 311
414 311 414 311
415 311 416 311
417 311 417 311
419 311 419 311
424 311 424 311
425 311 425 311
427 311 427 311
429 311 429 311
404 313 404 313
406 313 406 313
407 313 407 313
409 313 409 313
411 313 411 313
412 313 412 313
415 313 416 313
417 313 417 313
420 313 420 313
425 313 425 313
427 313 427 313
430 313 430 313
404 314 404 314
406 314 406 314
407 314 407 314
409 314 409 314
411 314 411 314
412 314 412 314
415 314 415 314
419 314 419 314
420 314 420 314
422 314 422 314
424 314 424 314
425 314 425 314
427 314 427 314
374 316 374 316
384 316 384 316
386 316 386 316
388 316 388 316
389 316 389 316
391 316 391 316
394 316 394 316
406 316 406 316
407 316 407 316
409 316 409 316
414 316 414 316
419 316 419 316
420 316 420 316
422 316 422 316
424 316 424 316
373 318 373 318
374 318 374 318
376 318 376 318
378 318 378 318
386 318 386 318
388 318 388 318
389 318 389 317
391 318 391 318
393 318 393 318
394 318 394 318
404 318 404 318
412 318 412 318
415 318 416 318
417 318 417 318
419 318 419 318
420 318 420 318
422 318 422 318
424 318 424 318
425 318 425 318
373 319 373 319
374 319 374 319
376 319 376 319
378 319 378 319
379 319 379 319
381 319 381 319
383 319 383 319
384 319 384 319
386 319 386 319
388 319 388 319
389 319 389 319
391 319 391 319
393 319 393 319
394 319 394 319
396 319 396 319
407 319 407 319
409 319 409 319
411 319 411 319
412 319 412 319
414 319 414 319
415 319 415 319
417 319 417 319
419 319 419 319
420 319 420 319
422 319 422 319
424 319 424 319
425 319 425 319
432 319 432 319
434 319 433 319
373 321 373 321
378 321 378 321
379 321 379 321
381 321 381 321
383 321 383 321
384 321 384 321
386 321 386 321
388 321 388 321
389 321 389 321
391 321 391 321
393 321 393 321
394 321 394 321
396 321 396 321
397 321 397 321
399 321 399 321
401 321 401 321
404 321 404 321
406 321 406 321
407 321 407 321
412 321 412 321
414 321 414 321
415 321 416 321
417 321 417 321
419 321 419 321
420 321 420 321
422 321 422 321
424 321 424 321
434 321 433 321
373 323 373 322
374 323 374 323
376 323 376 323
379 323 379 322
383 323 383 322
384 323 384 322
386 323 386 323
388 323 388 323
389 323 389 323
391 323 391 322
393 323 393 323
394 323 394 322
396 323 396 322
397 323 397 323
401 323 401 323
404 323 404 323
406 323 406 323
407 323 407 323
409 323 409 323
411 323 411 322
414 323 414 322
415 323 415 322
417 323 417 323
419 323 419 323
420 323 420 323
422 323 422 323
425 323 425 322
427 323 427 322
430 323 430 322
434 323 433 322
373 324 373 324
374 324 374 324
376 324 376 324
378 324 378 324
379 324 379 324
381 324 381 324
384 324 384 324
386 324 386 324
388 324 388 324
389 324 389 324
391 324 391 324
393 324 393 324
394 324 394 324
396 324 396 324
399 324 399 324
401 324 401 324
404 324 404 324
406 324 406 324
407 324 407 324
409 324 409 324
411 324 411 324
412 324 412 324
414 324 414 324
415 324 416 324
417 324 417 324
419 324 419 324
420 324 420 324
422 324 422 324
424 324 424 324
425 324 425 324
427 324 427 324
429 324 428 324
432 324 432 324
434 324 433 324
373 326 373 326
374 326 374 326
376 326 376 326
378 326 378 326
379 326 379 326
381 326 381 326
386 326 386 326
393 326 393 326
394 326 394 326
396 326 396 326
397 326 397 326
399 326 399 326
404 326 404 326
406 326 406 326
407 326 407 326
409 326 409 326
411 326 411 326
412 326 412 326
415 326 416 326
417 326 417 326
419 326 419 326
420 326 420 326
422 326 422 326
424 326 424 326
425 326 425 326
427 326 427 325
429 326 429 326
435 326 435 325
374 327 374 327
376 327 376 327
378 327 378 327
379 327 379 327
381 327 381 327
388 327 388 327
389 327 389 327
391 327 391 327
393 327 393 328
394 327 394 327
396 327 396 327
397 327 397 327
399 327 399 327
401 327 401 327
402 327 402 327
404 327 404 327
406 327 406 327
407 327 407 327
409 327 409 327
411 327 411 327
414 327 414 327
415 327 415 327
417 327 417 327
419 327 419 327
420 327 420 327
422 327 422 327
424 327 424 327
427 327 427 328
429 327 429 327
432 327 432 328
435 327 435 327
373 329 373 329
378 329 378 329
379 329 379 329
381 329 381 329
383 329 383 329
386 329 386 329
388 329 388 329
389 329 389 329
391 329 391 329
393 329 393 329
394 329 394 329
396 329 396 329
397 329 397 329
399 329 399 329
401 329 401 329
402 329 402 329
404 329 404 329
406 329 406 329
407 329 407 329
409 329 409 329
411 329 411 329
412 329 412 329
414 329 414 329
415 329 416 329
417 329 417 329
419 329 419 329
420 329 420 329
422 329 422 329
424 329 424 329
427 329 427 330
430 329 430 330
432 329 432 330
435 329 435 328
373 331 373 331
374 331 375 331
376 331 376 331
379 331 380 331
381 331 381 331
383 331 383 331
384 331 384 331
386 331 386 331
388 331 388 331
389 331 389 331
391 331 391 331
393 331 393 331
394 331 394 331
396 331 396 331
397 331 397 331
399 331 399 331
401 331 401 331
404 331 404 331
407 331 407 331
409 331 409 331
411 331 411 331
412 331 412 331
414 331 414 331
415 331 416 331
417 331 417 331
419 331 419 331
420 331 420 331
422 331 422 331
424 331 424 331
425 331 425 330
434 331 433 331
435 331 435 330
378 332 378 332
379 332 379 332
381 332 381 332
383 332 383 332
384 332 384 332
388 332 388 332
393 332 393 333
394 332 394 332
396 332 396 332
397 332 397 332
399 332 399 332
402 332 402 332
406 332 406 332
407 332 407 332
409 332 409 332
411 332 411 332
412 332 412 332
414 332 414 332
415 332 415 332
417 332 417 332
419 332 419 332
420 332 420 332
422 332 422 332
424 332 424 332
425 332 425 332
427 332 427 332
429 332 429 332
430 332 430 332
432 332 432 332
434 332 434 332
435 332 435 331
376 334 376 334
378 334 378 334
381 334 381 334
383 334 383 334
384 334 384 334
386 334 386 334
388 334 388 334
389 334 389 334
391 334 391 334
393 334 393 334
394 334 394 334
396 334 396 334
397 334 397 334
399 334 399 334
401 334 401 334
402 334 402 334
404 334 404 334
406 334 406 334
407 334 407 334
409 334 409 334
411 334 411 334
412 334 412 334
414 334 414 334
415 334 415 334
417 334 417 334
419 334 419 334
420 334 420 334
422 334 422 334
424 334 424 334
425 334 425 334
427 334 427 334
429 334 429 334
434 334 434 334
378 336 378 336
379 336 379 336
381 336 381 335
383 336 383 336
384 336 384 336
386 336 386 336
388 336 388 336
389 336 389 336
391 336 391 336
393 336 393 336
394 336 394 336
396 336 396 336
397 336 397 335
401 336 401 336
402 336 402 336
404 336 404 336
406 336 406 336
407 336 407 336
409 336 409 336
411 336 411 336
412 336 412 336
414 336 414 336
415 336 415 336
417 336 417 336
419 336 419 336
420 336 420 336
422 336 422 336
424 336 424 336
425 336 425 336
427 336 427 336
429 336 428 335
430 336 430 335
432 336 432 336
378 337 378 337
379 337 379 337
381 337 381 337
383 337 383 337
384 337 384 337
389 337 389 337
391 337 391 337
393 337 393 338
394 337 394 338
397 337 397 337
399 337 399 337
401 337 401 337
402 337 402 337
404 337 404 337
406 337 406 337
407 337 407 337
409 337 409 337
411 337 411 337
412 337 412 337
414 337 414 337
415 337 415 337
417 337 417 337
419 337 419 337
420 337 420 337
422 337 422 337
424 337 424 337
425 337 425 337
427 337 427 337
429 337 429 337
430 337 430 337
383 339 383 339
386 339 386 339
388 339 388 339
389 339 389 339
399 339 399 339
401 339 401 339
402 339 402 339
404 339 404 339
406 339 406 339
407 339 407 339
411 339 411 339
412 339 412 339
414 339 414 339
415 339 415 339
417 339 417 339
419 339 419 339
420 339 420 339
422 339 422 339
424 339 424 339
425 339 425 339
427 339 427 339
430 339 430 339
383 341 383 341
384 341 384 341
386 341 386 341
388 341 388 341
389 341 389 341
391 341 391 341
396 341 396 340
397 341 397 340
399 341 399 341
401 341 401 341
402 341 402 341
404 341 404 341
406 341 406 340
407 341 407 341
409 341 409 341
414 341 414 341
415 341 415 341
417 341 417 341
419 341 419 341
420 341 420 341
422 341 422 341
424 341 424 341
425 341 425 341
384 342 384 342
386 342 386 342
388 342 388 342
389 342 389 342
391 342 391 342
393 342 392 342
394 342 394 342
396 342 396 342
397 342 397 342
399 342 399 342
401 342 401 342
402 342 402 342
404 342 404 342
406 342 406 342
407 342 407 342
409 342 409 342
411 342 411 342
412 342 412 342
414 342 414 342
415 342 415 342
417 342 417 342
419 342 419 342
420 342 420 342
422 342 422 342
389 344 389 344
391 344 391 344
393 344 392 344
394 344 394 344
396 344 396 344
397 344 397 344
399 344 399 344
401 344 401 344
402 344 402 344
404 344 404 344
406 344 406 344
407 344 407 344
409 344 409 344
411 344 411 344
412 344 412 344
414 344 414 344
415 344 415 344
417 344 417 344
419 344 419 344
420 344 420 344
388 345 388 345
389 345 389 345
391 345 391 345
393 345 393 345
394 345 394 345
396 345 396 345
397 345 398 345
399 345 399 345
401 345 401 345
402 345 402 346
404 345 404 346
406 345 406 346
407 345 407 345
409 345 409 345
411 345 411 345
412 345 412 345
414 345 414 345
415 345 416 346
417 345 416 346
419 345 418 347
420 345 420 345
391 347 391 347
393 347 392 347
394 347 394 347
396 347 396 347
397 347 397 347
399 347 399 347
401 347 401 347
402 347 402 347
404 347 404 347
406 347 406 347
407 347 407 347
409 347 409 347
411 347 411 347
412 347 412 347
414 347 414 347
417 347 416 348
397 349 397 349
399 349 399 349
401 349 401 349
402 349 402 349
404 349 404 349
406 349 406 349
407 349 407 349
409 349 409 349
411 349 411 349
412 349 412 349
394 350 394 350
397 350 397 350
399 350 399 350
401 350 401 350
402 350 402 350
404 350 404 350
406 350 406 350
407 350 407 350
409 350 409 350
411 350 411 350
412 350 412 350
