412 303 412 303
414 303 401 295
411 304 410 305
412 304 412 304
414 304 414 304
415 304 415 304
417 304 417 304
419 304 418 303
420 304 420 303
422 304 422 304
425 304 425 305
427 304 427 305
412 306 412 306
414 306 414 306
415 306 415 306
417 306 417 306
419 306 419 306
420 306 420 306
422 306 422 306
424 306 424 306
425 306 425 306
427 306 427 306
429 306 429 307
430 306 430 307
409 308 409 308
411 308 410 307
414 308 414 308
415 308 415 308
417 308 417 308
419 308 419 308
420 308 420 308
422 308 422 308
425 308 425 308
427 308 427 308
429 308 429 308
430 308 430 308
409 309 409 309
411 309 411 309
412 309 412 309
414 309 414 309
415 309 415 309
417 309 417 309
419 309 419 309
420 309 420 309
422 309 422 309
424 309 424 309
425 309 425 309
427 309 427 309
429 309 429 309
430 309 430 309
407 311 407 311
412 311 412 311
414 311 414 311
415 311 415 311
417 311 417 311
419 311 419 311
420 311 420 311
422 311 422 311
424 311 424 311
425 311 425 311
427 311 427 311
429 311 429 311
430 311 430 311
409 313 409 313
414 313 414 313
415 313 415 313
417 313 417 313
419 313 419 313
420 313 420 313
422 313 422 313
424 313 424 313
425 313 425 313
427 313 427 313
429 313 429 313
430 313 430 313
409 314 409 314
411 314 411 314
412 314 412 314
414 314 414 314
415 314 415 314
417 314 417 314
419 314 419 314
420 314 420 314
422 314 422 314
424 314 424 314
425 314 425 314
427 314 427 314
429 314 429 314
430 314 430 314
373 316 372 315
378 316 378 316
384 316 382 313
393 316 394 312
394 316 397 312
407 316 407 316
409 316 409 316
411 316 411 316
412 316 412 316
414 316 414 316
417 316 417 316
419 316 419 316
420 316 420 316
422 316 422 316
424 316 424 316
425 316 425 316
427 316 427 316
373 318 372 317
374 318 375 318
376 318 376 318
379 318 379 317
383 318 382 317
391 318 392 313
393 318 394 313
407 318 407 318
409 318 409 318
411 318 411 318
412 318 412 318
415 318 415 318
417 318 417 318
419 318 419 318
420 318 420 318
422 318 422 318
424 318 424 318
425 318 425 318
427 318 427 318
373 319 372 319
374 319 375 319
378 319 378 319
379 319 379 319
381 319 381 319
383 319 382 319
406 319 405 320
407 319 407 320
409 319 409 319
411 319 411 319
412 319 412 319
415 319 415 319
417 319 417 319
419 319 419 319
420 319 420 319
422 319 422 319
424 319 424 319
425 319 425 319
432 319 432 320
434 319 434 320
374 321 374 321
379 321 379 321
397 321 397 321
401 321 401 321
404 321 404 321
407 321 407 321
409 321 409 321
411 321 411 321
412 321 412 321
415 321 415 321
417 321 417 321
419 321 419 321
420 321 420 321
422 321 422 321
424 321 424 321
432 321 432 321
434 321 434 321
373 323 372 322
379 323 379 322
397 323 397 323
399 323 399 323
407 323 407 323
409 323 409 323
411 323 411 323
412 323 412 323
414 323 414 323
415 323 415 323
417 323 417 323
419 323 419 323
420 323 420 323
422 323 422 323
425 323 425 323
427 323 427 323
429 323 428 323
434 323 434 323
373 324 372 323
374 324 374 324
383 324 383 324
384 324 385 324
393 324 392 324
394 324 394 324
396 324 396 324
397 324 397 324
399 324 399 324
401 324 401 324
402 324 402 324
406 324 406 324
407 324 407 324
409 324 409 324
411 324 411 324
412 324 412 324
415 324 416 324
417 324 417 324
419 324 419 324
420 324 420 324
422 324 422 324
424 324 424 324
425 324 425 324
427 324 427 324
430 324 430 324
432 324 432 324
434 324 434 324
373 326 372 325
374 326 374 325
376 326 376 326
379 326 379 326
384 326 384 326
386 326 386 326
389 326 389 326
391 326 391 326
397 326 397 326
399 326 399 326
401 326 401 326
404 326 404 326
406 326 406 326
407 326 407 326
409 326 409 326
411 326 411 326
412 326 412 326
414 326 414 326
415 326 415 326
417 326 417 326
419 326 419 326
420 326 420 326
422 326 422 326
424 326 424 326
425 326 425 326
429 326 428 325
430 326 430 325
432 326 431 325
434 326 434 326
373 327 372 327
374 327 375 328
376 327 376 327
378 327 378 328
379 327 379 328
384 327 384 327
391 327 391 327
393 327 393 328
397 327 397 327
401 327 401 327
404 327 404 327
406 327 406 327
407 327 407 327
409 327 409 327
411 327 410 328
412 327 412 328
414 327 414 328
415 327 415 328
417 327 417 327
419 327 419 327
420 327 420 327
422 327 422 327
424 327 424 327
425 327 425 328
427 327 427 327
429 327 428 327
430 327 430 328
432 327 432 327
434 327 434 328
373 329 373 329
374 329 375 329
376 329 376 329
378 329 378 329
388 329 388 329
391 329 391 329
394 329 394 329
396 329 396 329
397 329 398 329
399 329 399 329
402 329 402 329
407 329 407 329
409 329 409 329
411 329 411 329
412 329 412 329
414 329 414 329
415 329 415 329
417 329 417 329
419 329 419 329
420 329 420 329
422 329 422 329
424 329 424 329
425 329 425 329
427 329 427 330
429 329 428 329
430 329 430 329
432 329 432 330
434 329 433 330
435 329 435 330
373 331 373 331
374 331 374 331
376 331 376 331
378 331 378 331
386 331 386 331
388 331 388 331
389 331 389 331
391 331 391 331
393 331 393 330
397 331 397 331
399 331 399 331
402 331 402 331
404 331 404 331
407 331 407 331
409 331 409 331
411 331 411 331
412 331 412 331
414 331 414 331
415 331 415 331
417 331 417 331
419 331 419 331
420 331 420 331
424 331 424 331
427 331 427 331
429 331 429 331
432 331 432 331
434 331 434 331
376 332 376 332
378 332 378 332
383 332 383 332
384 332 384 332
389 332 389 332
391 332 391 332
393 332 392 333
394 332 394 333
396 332 396 332
397 332 397 332
404 332 404 332
406 332 406 332
407 332 407 332
409 332 409 332
411 332 411 332
412 332 412 332
414 332 414 332
415 332 416 332
417 332 417 332
419 332 419 332
420 332 420 332
422 332 422 332
424 332 424 333
425 332 425 332
427 332 427 333
430 332 430 332
435 332 435 332
376 334 376 334
381 334 381 334
386 334 386 334
393 334 392 334
394 334 394 334
396 334 396 334
397 334 397 334
401 334 401 334
402 334 402 334
406 334 406 334
407 334 407 334
409 334 409 334
411 334 411 334
412 334 412 334
414 334 414 334
415 334 415 334
417 334 417 334
419 334 419 334
420 334 420 334
422 334 422 334
424 334 424 334
425 334 425 334
429 334 429 333
432 334 433 333
379 336 379 335
384 336 384 336
393 336 392 336
397 336 397 336
401 336 401 336
402 336 402 336
404 336 404 336
406 336 406 336
407 336 407 336
409 336 409 336
411 336 411 336
412 336 412 336
414 336 414 336
415 336 415 336
419 336 419 336
420 336 420 336
422 336 422 336
424 336 424 336
425 336 425 335
427 336 427 335
429 336 429 335
430 336 430 336
432 336 432 337
383 337 383 337
384 337 384 337
389 337 389 337
391 337 391 337
394 337 394 337
402 337 402 337
404 337 404 337
406 337 406 337
407 337 407 337
409 337 409 337
411 337 411 337
412 337 412 337
414 337 414 337
415 337 415 337
417 337 417 337
419 337 419 337
422 337 422 337
424 337 424 337
425 337 425 337
427 337 427 338
429 337 429 338
381 339 381 339
383 339 383 339
388 339 388 339
391 339 391 339
393 339 392 339
394 339 394 338
399 339 399 339
401 339 401 339
402 339 402 339
404 339 404 339
409 339 409 339
411 339 411 339
412 339 412 339
414 339 414 339
417 339 417 339
420 339 420 339
424 339 424 339
425 339 425 339
427 339 427 339
430 339 430 339
383 341 383 341
386 341 386 341
388 341 388 341
389 341 389 341
391 341 391 340
397 341 397 340
399 341 399 341
401 341 401 341
406 341 406 341
407 341 407 341
414 341 414 341
415 341 415 341
419 341 419 341
420 341 420 341
422 341 422 341
424 341 424 341
393 342 392 342
396 342 396 342
397 342 397 342
399 342 399 342
402 342 402 342
404 342 404 342
406 342 406 342
407 342 407 342
409 342 409 342
411 342 411 342
412 342 412 342
414 342 414 342
415 342 415 342
417 342 417 342
419 342 419 342
422 342 422 343
424 342 423 343
389 344 389 344
391 344 391 344
399 344 399 344
401 344 401 344
402 344 402 344
404 344 404 344
406 344 406 344
407 344 407 344
409 344 409 344
412 344 412 344
415 344 415 344
417 344 417 344
419 344 419 344
420 344 420 344
389 345 389 345
391 345 391 345
393 345 392 345
394 345 394 345
397 345 397 345
401 345 401 345
402 345 402 345
404 345 404 346
406 345 406 346
407 345 407 346
409 345 409 346
411 345 411 345
412 345 412 345
414 345 414 345
415 345 415 346
417 345 417 346
419 345 419 346
391 347 391 347
393 347 392 347
394 347 394 347
397 347 397 347
399 347 399 347
401 347 401 347
402 347 402 347
404 347 404 347
406 347 406 347
407 347 407 347
409 347 409 347
411 347 411 347
414 347 414 347
417 347 416 348
394 349 394 348
396 349 396 346
399 349 399 349
401 349 401 349
404 349 404 349
406 349 406 349
407 349 407 349
411 349 411 349
412 349 412 349
414 349 414 349
394 350 393 350
399 350 399 350
401 350 401 350
402 350 402 350
407 350 407 351
409 350 409 350
411 350 411 350
412 350 412 350
