457 249 416 310
459 252 427 310
459 253 427 312
456 257 428 324
454 262 408 314
456 262 410 314
456 263 410 316
456 265 410 318
450 272 394 339
448 276 406 341
450 276 409 341
450 278 427 338
451 278 404 327
453 278 406 326
453 279 406 328
464 279 443 347
456 282 409 330
464 282 432 317
451 284 390 338
454 284 408 332
457 284 410 332
475 284 430 334
450 285 389 340
454 285 408 336
457 285 410 334
460 285 413 333
464 285 416 331
456 287 409 338
459 287 412 337
460 287 414 336
462 287 414 334
464 287 416 334
466 287 419 334
475 287 428 334
466 288 420 338
467 288 422 337
469 288 424 337
462 290 416 341
464 290 401 346
466 290 403 345
466 291 403 348
462 292 415 347
470 292 426 343
473 292 409 350
475 292 411 351
