463 247 434 311
464 247 436 311
460 255 431 319
457 259 411 315
456 262 410 319
456 263 409 321
451 272 391 338
450 274 389 340
450 276 389 344
453 279 403 331
453 282 419 327
454 284 404 337
466 284 415 331
451 285 399 341
453 285 401 339
454 285 404 340
456 285 405 339
464 285 411 337
466 285 414 335
472 285 402 342
456 287 405 341
459 287 407 341
460 287 409 340
462 287 410 339
464 287 412 340
466 287 414 339
473 287 405 347
460 288 409 343
462 288 411 343
464 288 396 344
466 288 397 344
467 288 416 342
459 290 407 345
462 290 410 345
464 290 395 346
466 290 397 346
475 290 407 352
462 291 410 347
463 291 411 348
464 291 396 348
467 291 398 349
470 291 419 344
473 291 403 350
475 291 405 351
469 292 435 341
473 292 403 353
475 292 405 354
