461 244 446 296
463 244 448 296
464 244 449 296
461 250 449 297
456 251 443 307
457 251 445 306
460 251 449 301
461 251 451 301
463 251 454 301
456 253 443 310
457 253 444 309
463 253 454 303
453 260 416 315
451 266 415 325
453 266 419 324
454 267 440 319
456 267 442 319
457 269 428 329
453 270 436 324
454 270 424 328
450 271 433 327
453 271 436 326
454 271 422 331
450 273 417 334
467 273 454 322
450 274 432 331
451 274 435 332
453 276 438 335
454 276 423 338
450 277 450 329
451 277 450 327
453 277 422 340
454 277 440 337
453 279 452 329
453 280 413 326
466 282 424 327
467 283 426 329
