464 244 480 282
466 244 439 287
459 247 475 287
457 250 473 289
453 266 449 304
456 266 453 304
451 270 446 307
450 271 444 309
453 271 449 309
454 273 450 311
450 276 446 314
451 277 447 316
454 277 442 301
472 277 461 303
453 279 441 303
454 279 442 303
456 279 444 303
457 279 445 302
466 279 469 320
469 279 456 302
453 280 441 304
454 280 442 304
456 280 444 304
466 280 454 304
467 280 455 304
470 280 458 304
473 280 462 306
474 280 464 306
463 282 451 306
464 282 452 306
466 282 454 306
467 282 455 306
469 282 457 306
470 282 458 306
461 283 451 308
466 283 454 308
467 283 456 308
469 283 457 308
470 283 459 308
472 283 460 308
463 284 452 310
466 284 455 309
467 284 456 310
469 284 458 309
470 284 459 309
472 284 460 309
