459 244 415 311
461 244 418 311
463 244 420 311
466 244 435 311
460 256 412 314
456 264 408 321
457 266 430 322
457 267 432 325
451 269 394 319
457 269 433 328
453 271 391 341
454 273 409 343
451 274 389 344
451 276 401 331
453 276 391 347
454 276 393 348
451 277 400 334
453 277 402 332
454 277 404 333
451 279 417 327
453 279 401 334
454 279 419 325
466 279 439 340
450 280 383 334
454 280 403 336
456 280 405 335
457 280 391 335
473 280 420 336
461 282 409 336
463 283 411 337
466 283 413 337
461 284 410 342
466 284 413 340
467 284 415 339
