459 244 458 247
460 244 459 247
463 244 460 247
464 244 461 247
466 244 464 247
467 244 465 247
459 246 457 249
461 246 460 248
464 246 461 248
466 246 464 248
459 247 457 250
460 247 459 250
461 247 460 250
457 248 456 252
459 248 458 251
460 248 459 251
457 250 456 253
459 250 457 253
460 250 459 253
461 250 460 253
464 250 462 252
466 250 463 252
457 251 456 254
459 251 457 254
460 251 459 254
461 251 460 254
466 251 463 253
467 251 465 253
460 253 458 256
461 253 460 256
466 253 463 255
467 253 465 255
457 254 456 257
459 254 457 257
460 254 458 257
461 254 460 257
464 254 462 256
466 254 463 256
467 254 465 256
456 256 455 259
464 256 462 257
466 256 463 257
467 256 465 257
453 257 452 259
457 257 456 259
459 257 457 259
460 257 458 259
464 257 462 259
466 257 463 259
467 257 465 259
453 258 452 261
456 258 455 261
457 258 456 261
459 258 457 261
460 258 458 260
463 258 460 261
464 258 462 261
466 258 463 260
467 258 465 260
453 260 452 262
456 260 455 262
459 260 457 262
461 260 460 262
464 260 462 262
466 260 463 262
467 260 465 262
454 261 453 264
456 261 455 264
461 261 460 263
464 261 462 263
466 261 463 263
467 261 465 263
464 263 462 265
466 263 463 265
467 263 465 265
454 264 453 267
464 264 461 266
466 264 463 266
467 264 465 266
457 266 455 268
459 266 457 268
460 266 458 267
461 266 460 267
453 267 451 270
459 267 457 269
460 267 458 269
461 267 460 269
463 267 462 269
466 267 465 266
451 269 450 271
453 269 451 271
456 269 454 271
459 269 457 271
461 269 460 271
463 269 461 271
464 269 463 271
451 270 450 272
453 270 451 272
456 270 454 272
459 270 457 272
460 270 458 272
461 270 460 272
463 270 461 272
464 270 463 272
450 271 449 274
456 271 454 274
459 271 457 274
460 271 459 274
461 271 460 274
463 271 462 274
464 271 463 273
450 273 449 275
459 273 457 275
460 273 459 275
461 273 460 275
463 273 462 275
464 273 463 275
466 273 465 275
467 273 465 275
450 274 449 277
451 274 450 277
459 274 457 277
460 274 459 277
461 274 460 277
463 274 462 277
466 274 464 276
467 274 465 276
469 274 467 276
450 276 449 278
451 276 450 278
454 276 453 278
459 276 457 278
460 276 459 278
461 276 460 278
467 276 466 278
469 276 467 278
472 276 470 278
451 277 450 280
453 277 452 280
459 277 458 280
460 277 459 280
463 277 462 280
464 277 463 280
467 277 466 279
476 277 476 280
451 279 450 281
453 279 452 281
454 279 453 281
457 279 456 281
459 279 458 281
463 279 462 281
464 279 463 281
466 279 465 281
474 279 474 282
451 280 450 283
453 280 452 283
456 280 455 283
457 280 457 283
461 280 461 283
464 280 463 283
466 280 465 283
467 280 466 283
469 280 468 282
470 280 469 282
473 280 472 283
461 282 461 285
470 282 469 284
472 282 470 284
466 283 465 286
469 283 468 286
470 283 469 285
472 283 470 285
466 284 465 287
467 284 466 287
469 284 468 287
470 284 469 287
472 284 470 286
