459 244 450 291
463 244 455 291
464 244 457 291
460 250 452 293
461 250 458 293
456 251 451 302
463 251 461 295
456 253 451 304
457 253 453 304
453 258 427 309
459 260 447 309
453 261 427 312
451 266 426 319
453 266 428 319
466 266 472 329
451 270 427 324
453 270 429 323
450 271 425 326
453 271 429 326
456 271 435 327
450 273 442 324
454 273 432 328
450 274 442 328
451 274 428 331
463 274 467 334
450 276 427 332
451 276 428 332
453 276 430 332
454 276 433 333
451 277 429 334
453 277 431 334
454 277 432 335
470 277 464 325
453 279 431 336
454 279 432 336
456 279 434 336
450 280 420 323
453 280 422 320
454 280 424 320
456 280 426 320
466 280 450 341
470 280 438 321
469 282 437 322
