466 244 448 269
467 244 450 269
464 246 447 271
466 246 448 271
467 246 450 271
467 247 450 273
467 258 450 281
461 270 447 282
463 270 448 282
450 271 442 286
461 271 447 284
464 271 450 282
450 273 442 288
466 273 452 284
467 273 453 285
450 274 442 290
451 274 444 290
459 274 449 289
461 274 453 288
464 274 451 287
467 274 453 287
453 276 446 292
454 276 447 292
461 276 453 290
463 276 454 290
466 276 458 290
453 277 446 293
454 277 448 293
460 277 451 292
461 277 453 292
463 277 455 292
464 277 456 292
466 277 458 292
467 277 459 292
469 277 461 292
470 277 462 292
450 279 444 295
454 279 448 295
457 279 450 295
459 279 452 295
463 279 455 294
464 279 456 293
466 279 459 295
467 279 460 293
451 280 445 297
453 280 446 296
456 280 450 296
464 280 457 296
466 280 459 296
467 280 461 296
469 280 462 297
470 280 464 297
473 280 467 298
474 280 469 297
461 282 455 298
463 282 456 298
464 282 458 298
466 282 459 298
467 282 461 298
469 282 463 298
470 282 464 298
472 282 466 299
461 283 455 300
463 283 457 300
464 283 458 300
466 283 460 300
467 283 461 300
469 283 463 300
470 283 464 300
464 284 458 301
466 284 460 301
467 284 461 301
469 284 463 301
470 284 464 301
472 284 465 301
