461 244 461 285
463 244 463 285
464 244 465 285
457 248 459 290
456 251 459 295
456 253 459 297
457 253 461 297
453 258 438 303
453 260 438 305
453 261 437 307
453 266 437 312
454 266 440 313
450 271 435 319
453 271 439 319
450 274 436 323
451 274 438 323
451 276 438 325
453 276 440 325
454 276 442 325
451 277 438 327
453 277 440 327
454 277 442 327
451 279 430 312
453 279 440 328
454 279 442 329
466 279 459 331
453 280 432 314
454 280 433 314
456 280 435 314
467 280 445 314
469 280 447 314
473 280 453 316
461 282 441 316
464 282 442 316
466 282 444 316
467 282 445 316
469 282 447 316
470 282 449 316
467 283 446 317
469 283 448 318
470 283 449 318
472 283 451 318
461 284 442 320
464 284 444 320
466 284 445 320
467 284 447 320
470 284 450 320
472 284 451 320
