467 244 414 308
460 250 425 310
460 251 429 313
461 251 432 313
460 257 412 310
457 263 410 310
453 264 424 320
451 266 393 334
453 266 395 334
454 267 417 330
459 267 436 319
451 269 395 337
451 270 394 338
453 270 396 338
453 271 396 341
454 271 414 336
451 274 395 346
450 276 427 339
451 276 428 338
453 276 397 348
454 276 414 343
450 277 427 342
451 277 402 330
453 279 420 321
454 279 422 321
457 279 418 348
459 279 420 348
456 280 424 322
457 280 409 331
461 282 413 332
463 283 415 334
466 283 417 333
467 283 434 323
470 283 438 322
