459 244 458 247
460 244 459 247
463 244 460 247
464 244 461 247
466 244 464 247
467 244 465 247
459 246 457 249
464 246 461 248
466 246 464 248
459 247 457 250
460 247 459 250
461 247 460 250
460 248 459 251
459 250 457 253
460 250 459 253
461 250 460 253
464 250 462 252
466 250 463 252
457 251 456 254
459 251 457 254
460 251 459 254
461 251 460 254
466 251 463 253
467 251 465 253
460 253 458 256
461 253 460 256
466 253 463 255
467 253 465 255
459 254 457 257
460 254 458 257
461 254 460 257
464 254 462 256
466 254 463 256
467 254 465 256
456 256 455 259
457 257 456 259
459 257 457 259
460 257 458 259
464 257 462 259
466 257 463 259
467 257 465 259
456 258 455 261
457 258 456 261
459 258 457 261
460 258 458 260
463 258 460 261
464 258 462 261
466 258 463 260
467 258 465 260
456 260 455 262
459 260 457 262
461 260 460 262
464 260 462 262
466 260 463 262
467 260 465 262
454 261 453 264
456 261 455 264
461 261 460 263
464 261 462 263
466 261 463 263
467 261 465 263
464 263 462 265
466 263 463 265
467 263 465 265
464 264 461 266
466 264 463 266
467 264 465 266
459 266 457 268
460 266 458 267
461 266 460 267
460 267 458 269
461 267 460 269
463 267 462 269
463 269 461 271
464 269 463 271
463 270 461 272
464 270 463 272
450 271 449 274
463 271 462 274
464 271 463 273
450 273 449 275
466 273 465 275
467 273 465 275
472 276 470 278
466 279 465 281
464 280 463 283
470 282 469 284
472 282 470 284
469 283 468 286
470 283 469 285
472 283 470 285
469 284 468 287
470 284 469 287
472 284 470 286
