466 244 456 255
467 246 457 257
464 253 454 260
467 260 457 273
467 261 457 274
453 263 448 273
459 266 450 275
460 266 451 275
464 267 455 276
457 269 448 278
459 269 450 278
460 269 451 278
456 270 448 280
450 271 445 281
457 271 449 281
461 271 453 280
464 271 456 279
450 273 445 283
463 273 454 281
464 273 456 281
467 273 458 281
450 274 445 284
451 274 447 284
460 274 455 284
466 274 457 282
469 274 460 282
451 276 447 287
461 276 456 286
464 276 460 286
469 276 460 284
451 277 447 288
453 277 449 288
454 277 450 288
460 277 455 287
461 277 456 287
463 277 458 287
464 277 459 287
476 277 474 288
451 279 448 290
453 279 449 290
454 279 450 290
456 279 452 290
457 279 454 290
460 279 455 289
463 279 458 289
464 279 460 289
466 279 461 289
467 279 463 290
474 279 471 290
451 280 448 291
453 280 449 291
454 280 450 291
456 280 452 291
457 280 454 291
463 280 459 291
464 280 460 291
466 280 462 291
467 280 463 291
469 280 465 291
470 280 467 292
473 280 470 291
474 280 471 292
463 282 459 293
464 282 460 292
466 282 461 292
467 282 463 292
470 282 467 293
472 282 469 293
461 283 458 294
463 283 460 294
464 283 461 294
466 283 462 294
467 283 464 294
469 283 466 295
470 283 467 295
472 283 469 295
461 284 458 296
463 284 460 296
464 284 461 296
466 284 463 296
467 284 464 296
469 284 466 296
470 284 467 296
472 284 468 296
