414 314 414 315
416 314 415 315
424 314 422 316
414 316 414 317
416 316 415 317
420 316 419 317
421 316 420 317
425 316 424 317
412 317 410 318
413 317 412 318
414 317 414 318
416 317 415 318
418 317 417 318
420 317 419 318
421 317 420 318
424 317 422 318
425 317 424 318
426 317 425 318
412 318 410 320
413 318 412 320
414 318 413 319
420 318 419 319
421 318 420 319
425 318 424 320
412 320 410 321
413 320 412 321
414 320 413 321
424 320 422 321
411 321 408 323
413 321 411 323
417 321 416 322
420 321 418 322
421 321 420 322
408 322 407 323
412 322 410 323
414 322 413 324
417 322 415 324
418 322 417 323
420 322 418 323
421 322 420 323
425 322 424 323
426 322 425 324
412 324 410 325
413 324 411 325
414 324 413 325
417 324 415 325
418 324 417 325
420 324 419 324
421 324 420 325
424 324 422 325
425 324 424 325
426 324 425 325
429 324 427 325
434 324 433 321
411 325 409 326
412 325 410 326
413 325 411 327
414 325 413 327
417 325 416 326
418 325 417 326
421 325 419 327
422 325 420 327
424 325 422 326
425 325 424 326
426 325 425 326
428 325 426 326
412 326 410 328
413 326 411 328
414 326 413 328
417 326 416 328
418 326 416 328
422 326 420 328
424 326 422 328
425 326 423 328
426 326 425 328
428 326 426 328
407 327 405 328
408 327 407 328
411 327 409 329
417 327 415 330
431 327 430 328
433 327 432 328
434 327 433 328
437 327 435 330
407 329 405 330
408 329 407 330
411 329 409 330
412 329 410 330
413 329 411 330
414 329 413 330
420 329 419 330
421 329 420 330
422 329 421 330
425 329 424 330
426 329 425 330
428 329 426 330
437 329 435 332
392 330 394 330
394 330 395 330
402 330 400 330
405 330 403 331
407 330 405 331
408 330 407 331
411 330 409 331
412 330 410 331
413 330 411 331
414 330 413 332
418 330 417 331
420 330 419 331
421 330 420 331
422 330 421 331
425 330 424 331
426 330 425 331
428 330 426 331
431 330 430 330
437 330 434 333
395 331 398 330
396 331 394 331
400 331 398 332
402 331 400 332
405 331 403 333
411 331 409 332
412 331 410 333
413 331 411 333
414 331 413 333
417 331 416 332
418 331 417 332
420 331 419 332
421 331 420 332
422 331 421 332
425 331 424 333
426 331 425 333
430 331 429 331
398 333 396 333
399 333 397 333
402 333 400 334
407 333 405 334
408 333 407 334
430 333 429 333
398 334 395 335
399 334 397 335
400 334 398 335
404 334 402 335
405 334 403 335
407 334 405 335
408 334 406 335
409 334 408 335
412 334 411 335
413 334 412 335
414 334 413 335
418 334 417 335
420 334 418 335
421 334 420 335
422 334 421 335
425 334 424 335
426 334 425 335
429 334 428 335
430 334 429 335
398 335 395 336
399 335 397 337
400 335 398 336
402 335 400 336
404 335 402 336
405 335 403 336
407 335 405 336
408 335 406 336
409 335 408 336
412 335 410 336
413 335 412 337
414 335 413 337
417 335 416 337
418 335 417 336
420 335 418 336
421 335 420 336
422 335 421 336
425 335 424 336
426 335 425 336
430 335 429 336
394 336 392 337
399 336 397 338
400 336 398 338
402 336 400 338
404 336 402 338
405 336 404 338
407 336 405 338
408 336 407 338
411 336 409 338
412 336 410 338
413 336 412 338
414 336 413 338
417 336 415 338
418 336 417 338
420 336 418 338
421 336 420 338
424 336 422 338
425 336 424 338
426 336 425 338
428 336 426 338
395 338 393 339
399 338 397 339
400 338 398 339
405 338 404 339
408 338 405 340
409 338 407 340
412 338 410 340
413 338 412 340
414 338 413 340
417 338 415 340
418 338 417 339
420 338 418 339
425 338 424 339
394 339 392 340
402 339 400 340
409 339 408 340
412 339 410 341
413 339 411 341
414 339 413 341
417 339 415 341
421 339 420 340
426 339 425 340
428 339 426 340
392 340 390 341
394 340 392 341
395 340 393 342
399 340 397 342
400 340 398 341
402 340 400 341
404 340 402 341
405 340 404 341
407 340 405 341
408 340 406 342
409 340 408 341
418 340 417 342
420 340 418 341
424 340 423 341
426 340 425 341
392 342 391 343
394 342 392 343
398 342 395 343
399 342 397 343
400 342 398 343
402 342 400 343
404 342 402 343
405 342 404 343
407 342 405 343
408 342 406 343
411 342 409 343
412 342 410 343
413 342 411 343
414 342 413 343
417 342 415 344
418 342 417 343
420 342 419 343
421 342 420 343
392 343 391 344
394 343 392 344
395 343 393 344
398 343 396 344
399 343 397 344
400 343 398 344
402 343 400 344
404 343 402 344
405 343 404 344
407 343 405 344
408 343 406 344
411 343 409 344
412 343 410 344
413 343 412 345
414 343 413 344
417 343 415 345
418 343 417 344
392 344 391 346
404 344 402 346
417 344 415 346
394 346 392 347
395 346 393 347
398 346 396 347
399 346 397 347
400 346 398 347
402 346 400 347
405 346 404 347
407 346 405 347
408 346 406 347
411 346 409 347
412 346 410 347
414 346 413 347
398 347 396 348
399 347 397 348
400 347 398 348
402 347 400 348
404 347 402 348
405 347 403 348
407 347 405 348
408 347 406 348
411 347 409 348
412 347 410 348
413 347 412 348
414 347 413 348
395 348 393 350
398 348 395 349
399 348 397 349
400 348 398 349
402 348 400 349
404 348 402 350
405 348 404 349
407 348 405 350
408 348 406 349
409 348 408 349
412 348 410 349
413 348 412 349
414 348 415 348
416 348 416 348
404 350 402 351
413 350 413 350
