411 314 411 314
412 314 413 313
413 314 415 313
416 314 416 314
417 314 418 313
418 314 418 314
421 314 423 313
422 314 422 314
424 314 424 314
425 314 425 313
426 314 426 313
411 316 410 316
412 316 412 315
413 316 413 315
414 316 414 316
417 316 417 316
418 316 418 316
420 316 420 316
421 316 421 316
422 316 422 316
424 316 424 316
425 316 425 316
426 316 426 315
433 316 433 316
435 316 435 315
411 317 410 317
412 317 412 317
413 317 413 317
414 317 414 317
416 317 416 317
417 317 417 317
418 317 418 317
420 317 420 317
421 317 421 317
422 317 422 317
424 317 424 317
425 317 425 317
431 317 432 318
434 317 434 316
435 317 435 316
409 318 408 319
411 318 411 318
412 318 412 318
413 318 413 318
414 318 414 318
416 318 416 318
417 318 417 318
418 318 418 318
420 318 420 318
421 318 421 318
422 318 422 318
424 318 424 318
426 318 426 318
433 318 433 317
434 318 434 318
411 320 411 320
412 320 412 320
413 320 413 320
414 320 414 320
416 320 416 320
417 320 417 320
418 320 418 320
420 320 420 320
421 320 421 320
422 320 422 320
431 320 431 320
433 320 433 320
434 320 434 320
409 321 409 321
411 321 411 321
412 321 412 321
413 321 413 321
414 321 415 321
416 321 416 321
417 321 417 321
418 321 418 321
420 321 420 321
421 321 421 321
422 321 422 321
426 321 426 321
430 321 430 321
433 321 433 321
434 321 434 321
435 321 435 321
407 322 406 323
408 322 408 322
409 322 409 322
411 322 411 322
412 322 412 322
413 322 413 322
414 322 414 322
417 322 417 322
418 322 418 322
420 322 420 322
421 322 421 322
422 322 422 322
426 322 426 322
428 322 427 323
429 322 429 323
433 322 433 323
434 322 434 323
435 322 435 323
407 324 406 324
408 324 408 323
409 324 409 323
411 324 411 323
412 324 412 324
416 324 416 324
417 324 417 323
418 324 418 323
420 324 420 323
428 324 427 324
429 324 429 324
431 324 431 324
407 325 407 325
408 325 408 325
409 325 409 325
411 325 411 325
413 325 413 325
414 325 414 325
416 325 416 325
417 325 417 325
418 325 418 325
420 325 420 325
421 325 421 325
424 325 424 325
425 325 425 325
428 325 427 325
429 325 429 325
430 325 430 325
431 325 431 325
434 325 434 325
435 325 435 325
437 325 437 325
407 326 407 326
408 326 408 326
409 326 409 326
411 326 411 326
412 326 412 326
416 326 416 326
417 326 417 326
418 326 418 326
420 326 420 326
424 326 423 326
425 326 425 326
426 326 426 327
428 326 427 327
429 326 429 327
433 326 432 326
434 326 434 326
435 326 435 326
437 326 437 326
407 327 407 327
409 327 409 327
411 327 411 327
412 327 412 327
413 327 413 327
416 327 416 327
417 327 417 327
418 327 418 327
420 327 420 327
424 327 424 327
425 327 425 327
426 327 426 328
428 327 427 328
429 327 429 328
430 327 430 328
431 327 431 328
433 327 433 328
434 327 434 328
435 327 435 328
437 327 437 328
408 329 408 329
409 329 409 329
411 329 411 329
412 329 412 329
414 329 415 328
416 329 416 329
417 329 417 329
418 329 418 329
420 329 419 329
421 329 421 329
422 329 422 329
424 329 424 329
425 329 425 329
426 329 426 329
428 329 427 329
429 329 429 329
430 329 430 329
431 329 431 329
434 329 434 329
435 329 435 329
437 329 437 329
392 330 392 330
394 330 394 330
395 330 395 330
396 330 396 330
398 330 398 330
399 330 399 330
400 330 400 330
402 330 401 330
403 330 403 330
404 330 404 330
407 330 407 330
408 330 408 330
409 330 409 330
411 330 411 330
412 330 412 330
413 330 413 330
414 330 414 330
416 330 416 330
417 330 417 330
418 330 418 330
420 330 420 330
421 330 421 330
422 330 422 330
424 330 424 330
425 330 425 330
426 330 426 330
428 330 427 330
431 330 431 330
433 330 433 330
434 330 434 330
435 330 435 331
437 330 437 331
392 331 392 331
394 331 394 331
395 331 395 331
396 331 396 331
398 331 398 331
399 331 399 331
400 331 400 331
402 331 401 331
403 331 403 331
404 331 404 331
405 331 405 331
407 331 407 331
408 331 408 331
409 331 409 331
411 331 411 331
412 331 412 331
413 331 413 332
414 331 414 331
416 331 416 331
417 331 417 331
418 331 418 331
420 331 420 331
421 331 421 331
422 331 422 331
424 331 424 331
425 331 425 331
426 331 426 331
428 331 427 331
430 331 430 332
431 331 431 331
434 331 434 332
392 333 392 333
394 333 394 333
395 333 395 333
396 333 396 333
399 333 399 333
400 333 400 333
402 333 401 333
403 333 403 333
404 333 404 333
405 333 405 333
407 333 407 333
408 333 408 333
409 333 409 333
411 333 411 333
412 333 412 333
413 333 413 333
414 333 415 333
416 333 416 333
417 333 417 333
418 333 418 333
420 333 420 333
421 333 421 333
422 333 422 333
424 333 424 333
425 333 425 333
428 333 427 333
429 333 429 333
430 333 430 333
431 333 431 333
433 333 433 333
434 333 434 333
392 334 392 334
394 334 394 334
395 334 395 334
396 334 396 334
398 334 398 334
399 334 399 334
400 334 400 334
402 334 401 334
403 334 403 334
404 334 404 334
405 334 405 334
407 334 407 334
408 334 408 334
409 334 409 334
411 334 410 334
412 334 412 334
413 334 413 334
414 334 415 334
416 334 416 334
417 334 417 334
418 334 418 334
420 334 420 334
421 334 421 334
422 334 422 334
424 334 424 334
425 334 425 334
426 334 426 334
428 334 427 334
429 334 429 334
430 334 430 334
431 334 431 334
433 334 433 334
434 334 434 334
392 335 392 335
394 335 394 335
395 335 395 336
396 335 396 335
398 335 398 335
399 335 399 335
400 335 400 335
402 335 401 335
403 335 403 335
404 335 404 335
405 335 405 335
407 335 407 335
408 335 408 335
409 335 409 335
411 335 411 335
412 335 412 335
413 335 413 335
414 335 415 335
416 335 416 335
417 335 417 335
418 335 418 335
420 335 420 335
421 335 421 335
422 335 422 335
424 335 424 335
425 335 425 335
426 335 426 335
428 335 427 335
429 335 429 335
430 335 430 335
431 335 431 336
392 336 392 336
394 336 394 337
395 336 395 337
396 336 396 337
398 336 398 337
399 336 399 337
400 336 400 337
402 336 402 337
403 336 403 336
404 336 404 336
405 336 405 336
407 336 407 336
408 336 408 336
409 336 409 336
411 336 411 336
412 336 412 336
413 336 413 336
414 336 415 336
416 336 416 336
417 336 417 337
418 336 418 336
420 336 420 337
421 336 421 337
422 336 422 336
424 336 423 337
425 336 425 337
426 336 426 336
428 336 427 336
429 336 429 336
430 336 430 337
431 336 432 336
392 338 392 338
394 338 394 338
395 338 395 338
398 338 398 338
399 338 399 338
400 338 400 338
402 338 402 338
403 338 403 338
404 338 404 338
405 338 405 338
407 338 407 338
408 338 408 338
409 338 409 338
411 338 411 338
412 338 412 338
413 338 413 338
414 338 415 338
416 338 416 338
417 338 417 338
418 338 418 338
420 338 420 338
421 338 421 338
422 338 422 338
424 338 424 338
425 338 425 338
426 338 426 338
428 338 427 338
429 338 429 338
430 338 430 338
392 339 392 339
394 339 393 339
395 339 395 339
396 339 396 340
398 339 398 340
399 339 399 339
400 339 400 339
402 339 402 339
403 339 403 339
404 339 404 339
405 339 405 339
407 339 407 339
408 339 408 339
409 339 409 339
411 339 411 339
412 339 412 339
413 339 413 339
414 339 415 339
416 339 416 339
417 339 417 339
418 339 418 339
420 339 420 339
421 339 421 339
422 339 422 339
424 339 424 339
425 339 425 339
426 339 426 339
428 339 428 339
429 339 429 339
392 340 392 340
394 340 394 340
395 340 395 341
396 340 396 341
398 340 398 341
399 340 399 341
400 340 400 341
402 340 401 340
403 340 403 340
404 340 404 340
405 340 405 340
407 340 407 340
408 340 408 340
409 340 409 340
411 340 411 340
412 340 412 341
413 340 413 341
414 340 414 340
416 340 416 340
417 340 417 340
418 340 418 340
420 340 420 340
421 340 421 340
422 340 422 340
424 340 424 340
425 340 425 340
426 340 426 340
428 340 428 340
392 342 392 342
394 342 394 342
395 342 395 342
398 342 398 343
399 342 399 342
400 342 400 342
402 342 402 342
403 342 403 342
404 342 404 342
405 342 405 342
407 342 407 342
408 342 408 342
409 342 409 342
411 342 410 342
412 342 412 342
413 342 413 342
414 342 414 342
416 342 415 342
417 342 417 342
418 342 418 342
420 342 420 342
421 342 421 342
424 342 423 342
392 343 392 343
394 343 394 343
395 343 395 343
396 343 396 344
398 343 398 344
399 343 399 343
400 343 400 343
402 343 402 343
403 343 403 343
404 343 404 343
405 343 405 343
407 343 407 343
408 343 408 343
409 343 409 343
411 343 411 343
412 343 412 343
413 343 413 343
414 343 414 343
416 343 416 343
417 343 417 343
418 343 418 343
420 343 420 343
392 344 392 344
394 344 394 344
395 344 395 345
396 344 396 345
398 344 398 344
399 344 399 344
400 344 400 344
402 344 402 344
403 344 403 344
404 344 404 344
405 344 405 344
407 344 407 344
408 344 408 344
409 344 409 344
411 344 411 344
412 344 412 345
413 344 413 345
414 344 414 344
416 344 416 344
417 344 417 344
418 344 418 344
392 346 392 346
394 346 394 346
395 346 395 346
396 346 396 346
398 346 398 346
399 346 399 346
400 346 400 345
402 346 401 346
403 346 403 346
404 346 404 346
405 346 405 346
407 346 407 346
408 346 408 346
409 346 409 346
411 346 411 346
412 346 412 346
413 346 413 346
414 346 415 346
416 346 416 346
417 346 417 346
418 346 418 346
394 347 394 347
395 347 395 347
396 347 396 347
398 347 398 347
400 347 400 347
402 347 402 347
403 347 403 347
404 347 404 347
405 347 405 347
407 347 407 347
408 347 408 347
409 347 409 347
411 347 411 347
412 347 412 347
413 347 413 347
414 347 414 347
416 347 416 347
395 348 395 348
396 348 396 348
398 348 398 348
399 348 399 348
400 348 400 348
402 348 402 348
403 348 403 348
404 348 404 348
405 348 405 348
407 348 407 348
408 348 408 348
409 348 409 348
411 348 411 348
412 348 412 348
413 348 413 348
414 348 414 348
416 348 416 348
398 350 398 349
399 350 399 350
400 350 400 349
402 350 402 349
403 350 403 349
404 350 404 349
405 350 405 349
407 350 407 349
408 350 408 349
409 350 409 349
411 350 411 349
412 350 412 349
413 350 413 349
