418 316 417 317
419 316 418 316
423 316 421 317
425 316 423 317
415 317 414 318
416 317 415 318
418 317 416 318
421 317 420 318
423 317 421 318
425 317 424 318
415 318 414 319
416 318 415 319
420 318 419 319
421 318 420 320
425 318 423 319
415 319 414 321
416 319 415 321
420 319 418 321
421 319 420 321
423 319 421 321
425 319 423 321
432 319 432 320
433 319 433 320
414 321 412 322
410 322 409 323
412 322 410 323
414 322 412 323
415 322 413 323
416 322 414 323
419 322 417 323
420 322 418 323
421 322 420 323
423 322 421 324
425 322 423 324
433 322 433 321
410 323 408 324
414 323 412 325
415 323 413 325
419 323 417 325
420 323 418 325
421 323 420 325
423 323 421 325
427 323 425 325
432 323 432 323
433 323 433 323
412 324 410 326
414 324 412 326
415 324 413 326
416 324 415 326
419 324 417 326
420 324 418 326
421 324 420 326
424 324 422 327
425 324 423 326
410 326 408 327
414 326 412 328
415 326 413 328
419 326 417 328
421 326 419 328
434 326 433 325
409 327 407 328
410 327 408 328
411 327 409 328
416 327 415 328
423 327 421 328
425 327 423 328
428 327 426 328
433 327 432 326
437 327 435 329
406 328 403 330
410 328 408 329
411 328 409 330
414 328 412 330
415 328 413 330
416 328 415 330
419 328 416 330
421 328 420 330
423 328 421 330
425 328 423 330
427 328 425 330
429 328 427 330
400 330 398 330
402 330 400 330
403 330 402 331
405 330 403 331
407 330 405 331
410 330 408 331
411 330 409 331
414 330 412 331
415 330 413 331
419 330 416 332
420 330 418 331
421 330 420 331
424 330 422 331
425 330 423 331
429 330 427 331
437 330 435 332
398 331 397 332
400 331 398 332
402 331 400 332
414 331 412 333
415 331 413 333
416 331 415 333
419 331 416 333
420 331 418 333
425 331 423 333
430 331 430 331
397 332 395 333
398 332 396 333
400 332 398 333
402 332 400 333
403 332 402 333
405 332 403 333
409 332 407 333
410 332 408 333
411 332 410 333
415 332 413 334
421 332 420 334
423 332 421 334
430 332 429 333
432 332 431 333
398 333 397 334
400 333 398 335
402 333 400 335
403 333 402 335
405 333 403 335
407 333 405 335
409 333 407 335
410 333 408 335
411 333 410 335
414 333 412 335
416 333 414 335
419 333 417 335
420 333 418 335
421 333 419 335
424 333 422 335
425 333 423 335
427 333 425 335
428 333 426 335
430 333 429 335
433 333 433 334
396 335 394 334
397 335 395 335
398 335 397 336
400 335 398 336
402 335 400 336
403 335 402 336
405 335 403 336
407 335 405 336
409 335 407 336
410 335 408 336
411 335 409 336
414 335 412 337
415 335 413 337
416 335 414 336
419 335 417 336
420 335 418 336
421 335 419 336
424 335 422 337
425 335 423 337
427 335 425 336
428 335 426 336
433 335 433 335
397 336 395 336
402 336 400 337
409 336 406 338
410 336 408 338
411 336 409 338
414 336 412 338
415 336 413 338
416 336 414 338
419 336 417 338
420 336 418 338
421 336 419 338
424 336 422 338
425 336 423 338
427 336 425 338
397 337 395 338
398 337 396 338
400 337 398 338
403 337 402 338
407 337 404 339
409 337 406 339
420 337 418 339
425 337 423 339
428 337 426 339
430 337 429 338
397 339 395 339
398 339 396 340
400 339 398 339
402 339 400 340
403 339 402 340
405 339 403 340
410 339 408 340
411 339 409 340
415 339 413 340
416 339 414 340
419 339 417 340
421 339 419 340
427 339 425 340
429 339 427 340
398 340 396 341
400 340 398 341
402 340 400 341
403 340 402 341
405 340 403 341
407 340 405 341
409 340 407 341
410 340 408 341
411 340 409 341
415 340 413 341
416 340 414 341
419 340 417 342
420 340 418 342
421 340 419 342
423 340 421 341
425 340 423 342
427 340 425 341
397 341 395 342
402 341 400 342
403 341 402 342
405 341 403 342
407 341 405 342
409 341 407 342
410 341 408 342
411 341 409 342
414 341 412 343
415 341 413 343
416 341 414 343
419 341 417 343
420 341 418 343
421 341 419 343
424 341 421 343
398 342 396 343
400 342 398 343
419 342 416 344
421 342 418 345
423 342 419 345
424 342 423 343
393 344 391 345
398 344 396 344
400 344 398 345
403 344 402 345
405 344 403 345
406 344 404 345
409 344 407 345
410 344 408 345
411 344 409 345
414 344 412 345
415 344 413 345
416 344 415 345
421 344 418 346
395 345 393 346
397 345 395 346
398 345 396 346
400 345 398 346
402 345 400 346
403 345 402 346
405 345 403 346
406 345 404 346
409 345 407 346
410 345 408 346
411 345 409 346
415 345 413 346
416 345 415 346
420 345 416 348
393 346 391 348
395 346 393 348
398 346 396 348
400 346 398 348
402 346 400 347
403 346 401 348
405 346 403 348
407 346 405 348
409 346 407 348
410 346 408 347
411 346 409 348
414 346 412 348
415 346 413 348
395 348 393 349
398 348 396 349
400 348 398 349
403 348 401 349
405 348 403 349
407 348 405 349
409 348 407 349
410 349 408 350
411 349 410 350
412 349 411 350
415 349 413 350
397 350 394 351
398 350 396 351
400 350 398 351
402 350 400 351
403 350 402 351
405 350 403 351
406 350 404 351
409 350 407 351
410 350 408 351
411 350 409 351
