412 313 412 313
413 313 413 313
414 313 414 313
416 313 416 313
418 313 418 313
421 313 421 313
424 313 423 312
425 313 425 312
426 313 426 313
428 313 428 313
429 313 429 313
431 313 431 313
433 313 432 312
434 313 434 312
435 313 435 312
412 314 412 314
413 314 413 314
414 314 414 314
416 314 416 314
418 314 418 314
420 314 420 314
421 314 421 314
424 314 424 314
425 314 425 314
426 314 426 314
428 314 427 314
429 314 429 314
431 314 432 314
433 314 433 314
435 314 435 314
409 315 409 315
410 315 410 315
412 315 412 315
414 315 414 315
416 315 416 315
418 315 418 315
420 315 420 315
422 315 422 315
424 315 424 315
425 315 425 315
426 315 426 315
428 315 428 315
429 315 429 315
408 317 408 316
409 317 409 316
412 317 412 317
413 317 413 317
416 317 416 317
418 317 418 317
420 317 420 316
421 317 421 317
422 317 422 317
424 317 424 317
425 317 425 317
426 317 426 316
408 318 408 318
409 318 409 318
412 318 412 318
414 318 414 318
416 318 416 318
417 318 417 318
418 318 418 318
420 318 420 318
421 318 421 318
422 318 422 318
425 318 425 318
408 319 408 319
409 319 409 319
410 319 410 319
412 319 412 319
414 319 414 319
416 319 416 319
417 319 417 319
418 319 418 319
420 319 420 319
421 319 421 319
422 319 422 319
424 319 423 319
434 319 433 319
408 320 408 320
409 320 409 321
410 320 410 320
412 320 412 320
416 320 416 320
417 320 417 320
418 320 418 321
420 320 420 320
421 320 421 321
422 320 422 321
424 320 423 320
425 320 425 320
434 320 433 320
406 322 406 322
414 322 414 322
416 322 416 322
417 322 417 322
418 322 418 322
420 322 420 322
422 322 422 322
426 322 426 323
435 322 435 322
408 323 408 323
409 323 409 323
410 323 410 323
412 323 412 323
414 323 414 323
416 323 416 323
417 323 417 323
418 323 418 323
420 323 420 323
421 323 421 323
422 323 422 323
424 323 424 323
425 323 425 323
431 323 432 324
435 323 434 323
405 324 406 323
406 324 406 324
408 324 408 324
409 324 409 324
410 324 410 324
412 324 412 324
414 324 414 324
416 324 416 324
417 324 417 324
418 324 418 324
420 324 420 324
422 324 422 324
424 324 424 324
425 324 425 324
426 324 426 324
404 326 404 325
405 326 405 326
406 326 406 326
408 326 408 326
409 326 409 326
410 326 410 326
416 326 416 326
417 326 417 326
418 326 418 326
420 326 420 326
421 326 421 326
422 326 422 326
425 326 425 326
426 326 426 326
429 326 429 326
430 326 430 326
431 326 432 326
435 326 435 327
404 327 404 327
405 327 405 327
406 327 406 327
408 327 408 327
409 327 409 327
410 327 410 327
412 327 412 327
414 327 414 327
416 327 416 327
417 327 417 327
418 327 418 327
420 327 420 327
421 327 421 327
424 327 424 327
425 327 425 327
426 327 426 327
428 327 428 327
430 327 430 324
435 327 435 328
404 328 404 328
405 328 405 328
406 328 406 328
409 328 409 328
410 328 410 328
412 328 412 328
413 328 413 328
414 328 414 328
416 328 416 328
417 328 417 328
418 328 418 328
420 328 420 328
424 328 424 328
426 328 426 328
428 328 428 328
430 328 430 328
431 328 432 328
434 328 433 329
435 328 435 329
404 330 404 330
405 330 405 330
408 330 408 330
409 330 409 330
410 330 410 330
412 330 412 330
413 330 413 330
414 330 414 330
416 330 416 330
417 330 417 330
418 330 418 330
420 330 420 330
424 330 424 330
425 330 425 330
428 330 427 330
429 330 428 329
430 330 430 329
434 330 433 331
435 330 435 331
391 331 391 331
392 331 392 331
393 331 393 331
395 331 395 331
396 331 396 331
397 331 397 331
401 331 401 331
402 331 402 331
404 331 404 331
406 331 406 331
408 331 408 331
409 331 409 331
410 331 410 331
412 331 412 331
413 331 413 331
418 331 418 331
420 331 419 331
421 331 421 331
422 331 422 331
424 331 424 331
428 331 427 331
429 331 428 331
430 331 430 331
434 331 433 332
435 331 434 332
391 332 391 332
392 332 392 332
395 332 395 332
396 332 396 332
397 332 397 332
398 332 399 332
400 332 400 332
401 332 401 332
402 332 402 332
406 332 406 332
408 332 408 332
409 332 409 332
410 332 410 332
412 332 412 332
413 332 413 332
416 332 416 332
417 332 417 332
420 332 419 332
421 332 421 332
422 332 422 332
424 332 424 332
425 332 425 332
426 332 426 332
429 332 429 332
430 332 430 332
431 332 432 333
434 332 433 333
435 332 434 333
391 334 391 334
392 334 392 334
393 334 393 334
395 334 395 334
397 334 397 334
398 334 399 334
400 334 400 334
401 334 401 334
402 334 402 334
404 334 404 334
405 334 405 334
406 334 406 334
408 334 408 334
409 334 409 334
410 334 410 334
412 334 412 334
414 334 414 334
416 334 416 334
417 334 417 334
418 334 418 334
421 334 421 334
422 334 422 334
424 334 424 334
425 334 425 334
428 334 427 333
429 334 429 333
430 334 430 333
434 334 432 335
391 335 391 335
392 335 392 335
393 335 393 335
395 335 394 335
396 335 396 336
400 335 400 335
401 335 401 335
402 335 402 335
404 335 404 335
405 335 405 335
406 335 406 335
408 335 408 335
409 335 409 335
410 335 410 335
412 335 412 335
413 335 413 335
414 335 414 335
416 335 416 335
417 335 417 335
418 335 418 335
420 335 420 335
421 335 421 335
422 335 422 335
424 335 424 335
428 335 427 335
429 335 429 335
430 335 430 335
431 335 431 336
391 336 391 336
392 336 392 336
393 336 393 337
395 336 394 337
397 336 397 336
398 336 398 336
400 336 400 336
401 336 401 336
402 336 402 336
404 336 404 336
405 336 405 336
406 336 406 336
408 336 408 336
409 336 409 336
410 336 410 336
413 336 413 336
414 336 414 336
416 336 416 336
417 336 417 336
418 336 418 336
420 336 420 336
422 336 422 336
424 336 424 336
428 336 427 336
430 336 430 336
431 336 431 337
391 338 391 338
392 338 392 338
393 338 393 338
397 338 397 337
398 338 398 337
400 338 400 338
401 338 401 338
402 338 402 338
404 338 404 338
405 338 405 338
408 338 408 338
409 338 409 338
410 338 410 338
412 338 411 338
413 338 413 338
414 338 414 338
416 338 416 338
417 338 417 338
418 338 418 338
420 338 420 338
422 338 422 338
426 338 426 338
430 338 429 338
391 339 391 339
392 339 392 339
393 339 393 339
395 339 394 339
396 339 396 338
397 339 397 338
398 339 398 339
400 339 400 339
401 339 401 339
402 339 402 339
404 339 404 339
405 339 405 339
406 339 406 339
408 339 408 339
409 339 409 339
410 339 410 339
412 339 412 340
413 339 413 339
414 339 414 339
416 339 416 339
417 339 417 339
418 339 418 339
420 339 420 339
421 339 421 339
422 339 422 339
425 339 425 339
426 339 426 339
428 339 428 339
391 340 391 340
392 340 392 340
395 340 395 341
396 340 396 340
397 340 397 340
398 340 398 341
400 340 400 340
402 340 402 340
405 340 405 340
406 340 406 340
408 340 408 340
409 340 409 340
412 340 412 341
413 340 413 341
414 340 414 340
416 340 416 340
417 340 417 340
418 340 418 340
420 340 420 340
421 340 421 340
422 340 422 340
426 340 426 340
391 342 391 342
393 342 393 342
395 342 394 342
396 342 396 341
397 342 397 341
400 342 400 342
401 342 401 342
402 342 402 342
404 342 404 342
405 342 405 342
406 342 406 342
408 342 408 342
409 342 409 342
410 342 410 341
413 342 413 342
414 342 414 342
416 342 416 342
417 342 417 342
420 342 420 342
421 342 421 342
422 342 422 342
424 342 424 342
391 343 391 343
392 343 392 343
393 343 393 343
395 343 395 344
396 343 396 343
397 343 397 343
398 343 399 343
402 343 402 343
404 343 404 343
405 343 405 343
406 343 406 343
408 343 408 343
409 343 409 343
410 343 410 342
412 343 412 342
416 343 416 343
417 343 417 343
418 343 418 343
421 343 421 343
422 343 422 343
391 344 391 344
392 344 392 344
393 344 393 345
395 344 394 345
396 344 396 345
397 344 397 344
398 344 399 344
400 344 400 344
401 344 401 344
402 344 402 344
404 344 404 344
405 344 405 344
406 344 406 344
408 344 408 344
409 344 409 344
410 344 410 344
412 344 412 344
413 344 413 344
414 344 414 344
416 344 416 344
417 344 417 344
418 344 418 344
391 346 391 346
392 346 392 346
393 346 393 346
395 346 394 347
396 346 396 346
397 346 397 346
398 346 399 346
400 346 400 346
404 346 404 346
405 346 405 346
406 346 406 346
408 346 408 346
409 346 409 346
410 346 410 345
412 346 412 345
413 346 413 345
414 346 414 345
417 346 417 346
418 346 419 345
391 347 391 347
392 347 392 347
393 347 393 348
395 347 394 348
396 347 396 348
397 347 397 347
398 347 399 347
400 347 400 347
401 347 401 347
402 347 402 347
404 347 404 347
405 347 405 347
406 347 406 347
408 347 408 347
409 347 409 347
410 347 410 347
412 347 412 347
413 347 413 347
414 347 414 347
416 347 416 347
417 347 417 347
418 347 419 346
391 348 391 348
392 348 392 348
393 348 393 349
395 348 395 349
396 348 396 349
397 348 397 349
398 348 398 348
400 348 400 348
401 348 401 348
402 348 402 348
404 348 404 348
405 348 405 348
406 348 406 348
409 348 409 348
410 348 410 348
412 348 412 348
413 348 413 348
414 348 414 348
416 348 416 348
417 348 417 348
395 350 395 350
396 350 396 350
397 350 397 350
398 350 398 350
400 350 400 350
401 350 401 350
402 350 402 350
404 350 404 350
405 350 405 350
406 350 406 350
408 350 408 350
409 350 409 350
410 350 410 350
412 350 412 349
413 350 413 350
395 351 394 351
398 351 398 351
400 351 400 351
401 351 401 351
402 351 402 351
404 351 404 351
405 351 405 351
406 351 406 351
408 351 408 351
409 351 409 351
410 351 410 351
