425 313 425 312
425 314 425 314
426 314 426 314
420 315 420 315
422 315 422 315
424 315 423 315
426 315 426 315
429 315 429 315
416 317 416 317
417 317 417 317
418 317 418 317
422 317 422 317
424 317 424 317
425 317 425 316
413 318 413 318
416 318 416 318
417 318 417 318
420 318 420 318
424 318 424 318
425 318 425 318
412 319 412 319
416 319 416 319
417 319 417 319
418 319 418 319
420 319 420 319
424 319 424 319
409 320 409 321
410 320 410 320
413 320 413 321
409 322 409 322
410 322 410 322
412 322 412 322
413 322 413 322
416 322 416 322
417 322 417 322
418 322 418 322
420 322 420 322
422 322 422 322
409 323 409 323
410 323 410 323
412 323 412 323
413 323 413 323
417 323 417 323
418 323 418 323
420 323 420 323
422 323 422 323
425 323 425 323
431 323 432 323
434 323 434 323
406 324 406 324
409 324 409 324
410 324 410 325
412 324 412 325
413 324 413 325
416 324 416 324
417 324 417 324
418 324 418 324
420 324 420 324
422 324 422 324
424 324 424 324
425 324 425 324
410 326 410 326
412 326 412 326
413 326 413 326
416 326 416 326
417 326 417 326
420 326 420 326
422 326 422 326
424 326 423 326
425 326 425 326
431 326 432 327
405 327 405 327
406 327 406 327
409 327 409 327
418 327 418 327
405 328 405 328
406 328 406 328
410 328 410 329
412 328 412 329
413 328 413 329
416 328 416 328
417 328 417 328
418 328 418 328
420 328 420 328
422 328 422 328
424 328 424 329
425 328 425 328
426 328 426 328
404 330 403 330
405 330 405 330
406 330 406 330
409 330 409 330
410 330 410 330
412 330 412 330
413 330 413 330
416 330 416 330
417 330 417 330
418 330 418 330
420 330 420 330
422 330 422 330
424 330 424 330
425 330 425 330
426 330 426 330
429 330 429 330
397 331 397 330
398 331 399 330
400 331 400 330
402 331 402 331
404 331 404 331
405 331 405 331
406 331 406 331
408 331 408 331
410 331 410 331
412 331 412 331
413 331 413 331
416 331 416 331
417 331 417 331
418 331 418 331
420 331 420 331
422 331 422 331
424 331 424 331
425 331 425 331
396 332 396 332
397 332 397 332
398 332 398 332
400 332 400 332
413 332 413 333
417 332 417 332
424 332 424 333
426 332 426 332
429 332 429 332
430 332 430 332
396 334 396 334
397 334 397 334
398 334 399 334
400 334 400 334
405 334 405 334
406 334 406 334
410 334 410 334
412 334 412 334
418 334 418 334
420 334 420 334
422 334 422 334
425 334 425 334
429 334 429 333
430 334 430 333
431 334 432 333
396 335 396 335
397 335 397 335
398 335 399 335
400 335 400 335
402 335 402 335
404 335 404 335
405 335 405 335
406 335 406 335
410 335 410 335
412 335 412 335
413 335 413 335
417 335 417 335
418 335 418 335
420 335 420 335
422 335 422 335
424 335 424 335
425 335 425 335
426 335 426 335
429 335 429 335
430 335 430 335
392 336 392 335
393 336 393 335
395 336 395 336
397 336 397 336
398 336 398 336
400 336 400 336
402 336 402 336
404 336 404 336
405 336 405 336
406 336 406 336
409 336 409 336
410 336 410 336
412 336 412 336
413 336 413 336
416 336 416 336
417 336 417 336
418 336 418 336
420 336 420 336
422 336 422 336
424 336 424 336
425 336 425 336
426 336 426 336
429 336 429 336
430 336 430 336
392 338 392 337
393 338 393 337
400 338 400 338
402 338 402 338
404 338 404 338
405 338 405 338
406 338 406 338
409 338 409 338
410 338 410 338
412 338 412 338
413 338 413 338
416 338 416 338
417 338 417 338
418 338 418 338
420 338 420 338
422 338 422 338
424 338 424 338
425 338 425 338
426 338 426 338
429 338 429 338
393 339 393 339
395 339 395 338
397 339 397 338
398 339 398 339
426 339 426 339
392 340 392 340
393 340 393 340
395 340 395 340
397 340 397 340
398 340 399 340
400 340 400 340
404 340 404 340
405 340 405 340
406 340 406 340
408 340 408 340
410 340 410 340
412 340 412 340
413 340 413 340
416 340 416 340
417 340 417 340
418 340 418 340
420 340 420 340
424 340 424 340
392 342 392 342
393 342 393 342
395 342 395 342
397 342 397 341
398 342 398 341
400 342 400 342
402 342 402 342
404 342 404 342
405 342 405 342
406 342 406 342
409 342 409 342
410 342 410 342
412 342 412 342
413 342 413 342
416 342 416 342
417 342 417 342
418 342 418 342
420 342 420 342
424 342 424 342
392 343 392 343
393 343 393 343
395 343 395 343
397 343 397 343
398 343 398 343
400 343 400 343
404 343 404 343
405 343 405 343
406 343 406 343
409 343 409 343
410 343 410 343
412 343 412 343
413 343 413 343
416 343 416 343
417 343 417 343
418 343 418 343
420 343 420 343
422 343 422 343
391 344 391 344
392 344 392 344
393 344 393 344
396 344 396 345
397 344 397 344
398 344 399 344
400 344 400 344
402 344 402 344
404 344 404 344
405 344 405 344
406 344 406 344
409 344 409 344
410 344 410 344
412 344 412 344
413 344 413 344
416 344 416 344
417 344 417 344
418 344 418 344
392 346 392 346
393 346 393 346
397 346 397 346
391 347 391 347
398 347 399 347
402 347 402 347
405 347 405 347
406 347 406 347
408 347 408 347
410 347 410 347
413 347 413 347
416 347 416 347
391 348 391 348
392 348 392 348
393 348 393 349
400 348 400 348
402 348 402 348
404 348 404 348
405 348 405 348
406 348 406 348
409 348 409 348
410 348 410 348
412 348 412 348
413 348 413 348
417 348 417 348
397 350 397 348
398 350 399 349
400 350 400 350
402 350 402 350
404 350 404 350
405 350 405 350
406 350 406 350
409 350 409 350
410 350 410 350
412 350 412 350
413 350 413 350
397 351 397 351
398 351 399 351
400 351 400 351
402 351 403 351
404 351 404 351
405 351 405 351
406 351 406 351
409 351 409 351
410 351 410 351
