412 313 412 313
414 313 414 313
416 313 416 313
417 313 417 313
418 313 418 313
420 313 420 313
421 313 421 313
422 313 423 313
424 313 424 313
428 313 428 313
433 313 432 312
434 313 433 312
435 313 434 313
412 314 412 314
413 314 413 314
414 314 414 314
416 314 416 314
421 314 421 314
422 314 422 314
424 314 424 314
426 314 426 314
428 314 428 314
429 314 429 314
431 314 431 314
433 314 433 314
434 314 434 314
409 315 409 315
410 315 410 315
412 315 411 315
413 315 413 315
414 315 414 315
417 315 417 315
418 315 418 315
420 315 419 315
421 315 421 315
422 315 422 315
424 315 424 315
428 315 428 315
429 315 429 315
430 315 430 315
433 315 432 315
408 317 408 316
409 317 409 316
410 317 410 316
412 317 411 317
413 317 413 317
414 317 414 317
416 317 416 317
417 317 417 317
420 317 420 317
421 317 421 317
422 317 422 316
424 317 424 317
426 317 426 316
435 317 434 316
408 318 408 318
409 318 409 318
410 318 410 318
412 318 412 318
413 318 413 318
417 318 417 318
418 318 418 318
420 318 420 318
421 318 421 318
422 318 422 318
424 318 424 318
425 318 425 318
430 318 430 318
431 318 432 318
434 318 433 318
408 319 408 319
409 319 409 319
410 319 410 319
412 319 412 319
413 319 413 319
416 319 416 319
417 319 417 319
418 319 418 319
420 319 420 319
421 319 421 319
422 319 422 319
424 319 423 319
425 319 425 319
431 319 432 319
434 319 433 319
435 319 434 319
408 320 408 320
409 320 409 321
410 320 410 320
412 320 412 320
413 320 413 320
417 320 417 321
418 320 418 320
420 320 420 320
421 320 421 320
422 320 422 320
424 320 423 320
425 320 425 320
431 320 432 321
406 322 406 322
412 322 412 322
413 322 413 322
416 322 416 322
418 322 418 322
420 322 420 322
422 322 422 322
424 322 424 322
426 322 426 322
430 322 430 322
408 323 408 323
409 323 409 323
410 323 410 323
412 323 412 323
413 323 413 323
416 323 416 323
417 323 417 323
418 323 418 323
420 323 420 323
421 323 421 323
422 323 422 323
425 323 425 323
430 323 430 323
434 323 433 323
406 324 406 324
410 324 410 325
412 324 412 325
413 324 413 324
417 324 417 324
418 324 418 324
420 324 420 324
421 324 421 324
422 324 422 324
424 324 424 324
431 324 431 324
435 324 435 324
404 326 404 326
406 326 406 326
408 326 408 326
409 326 409 326
412 326 412 326
413 326 413 326
416 326 416 326
417 326 417 326
418 326 418 326
420 326 420 326
421 326 421 326
422 326 422 326
424 326 424 326
425 326 425 326
426 326 426 325
428 326 428 325
431 326 431 326
435 326 435 326
405 327 405 327
406 327 406 327
408 327 408 327
409 327 409 327
410 327 410 327
412 327 412 327
416 327 416 327
417 327 417 327
418 327 418 327
420 327 420 327
421 327 421 327
422 327 422 327
424 327 424 327
425 327 425 327
426 327 426 327
428 327 428 327
433 327 432 327
434 327 433 327
404 328 404 328
405 328 405 328
406 328 406 328
408 328 408 328
410 328 410 328
414 328 414 328
416 328 416 328
417 328 417 328
418 328 418 328
420 328 420 328
421 328 421 328
422 328 422 328
424 328 424 328
425 328 425 328
426 328 426 328
429 328 429 328
430 328 430 328
404 330 404 330
405 330 405 330
406 330 406 330
410 330 410 330
412 330 412 330
414 330 414 330
416 330 416 330
417 330 417 330
418 330 418 330
422 330 422 330
424 330 424 330
430 330 430 330
435 330 434 332
391 331 391 331
392 331 392 331
393 331 393 331
395 331 394 331
398 331 399 331
401 331 401 331
404 331 404 331
405 331 405 331
408 331 408 331
409 331 409 331
410 331 410 331
412 331 412 331
413 331 413 331
414 331 414 331
416 331 416 331
418 331 418 331
420 331 420 331
421 331 421 331
422 331 422 331
424 331 424 331
426 331 426 331
430 331 430 332
431 331 431 332
435 331 434 333
391 332 391 332
392 332 392 332
393 332 393 332
395 332 395 332
396 332 396 332
397 332 397 332
400 332 400 332
401 332 401 332
402 332 402 332
406 332 406 332
408 332 408 332
409 332 409 332
410 332 410 332
412 332 412 332
413 332 413 332
414 332 415 332
416 332 416 332
417 332 417 332
420 332 419 332
421 332 421 332
422 332 422 332
426 332 426 332
431 332 431 333
433 332 432 333
434 332 433 333
391 334 391 334
392 334 392 334
393 334 393 334
395 334 395 334
396 334 396 334
397 334 397 334
398 334 398 334
400 334 400 334
401 334 401 334
404 334 404 334
405 334 405 334
406 334 406 334
408 334 408 334
409 334 409 334
410 334 410 334
412 334 412 334
413 334 413 334
414 334 414 334
416 334 416 334
417 334 417 334
418 334 418 334
420 334 420 334
424 334 424 333
428 334 427 334
431 334 431 335
433 334 432 335
391 335 391 335
392 335 392 335
395 335 394 335
397 335 397 335
398 335 399 335
400 335 400 335
401 335 401 335
402 335 402 335
404 335 404 335
405 335 405 335
406 335 406 335
408 335 408 335
409 335 409 335
412 335 412 335
413 335 413 335
414 335 414 335
416 335 416 335
417 335 417 335
418 335 418 335
422 335 422 335
424 335 424 335
433 335 432 336
391 336 391 336
392 336 392 336
393 336 393 336
396 336 396 336
398 336 399 336
400 336 400 336
401 336 401 336
402 336 402 336
404 336 404 336
405 336 405 336
406 336 406 336
408 336 408 336
409 336 409 336
410 336 411 336
413 336 413 336
416 336 416 336
417 336 417 336
418 336 418 336
420 336 420 336
422 336 422 336
391 338 391 338
392 338 392 338
393 338 393 338
395 338 394 337
398 338 398 337
400 338 400 338
401 338 401 338
402 338 402 338
404 338 404 338
405 338 405 338
406 338 406 338
408 338 408 338
409 338 409 338
410 338 410 338
412 338 412 337
414 338 414 338
416 338 416 338
417 338 417 338
418 338 418 338
420 338 420 338
422 338 422 338
426 338 426 338
430 338 431 337
391 339 391 339
392 339 392 339
393 339 393 339
395 339 394 339
396 339 396 339
398 339 398 339
400 339 400 339
401 339 401 339
402 339 402 339
404 339 404 339
405 339 405 339
406 339 406 339
408 339 408 339
409 339 409 339
410 339 410 339
413 339 413 339
414 339 414 339
416 339 416 339
417 339 417 339
420 339 420 339
421 339 421 339
422 339 422 339
425 339 425 339
426 339 426 339
429 339 429 339
391 340 390 340
392 340 392 340
393 340 393 340
395 340 395 340
397 340 397 340
398 340 398 340
400 340 400 340
401 340 401 340
402 340 403 340
405 340 405 340
406 340 406 340
408 340 408 340
409 340 409 340
410 340 410 340
414 340 414 340
416 340 416 340
417 340 417 340
422 340 422 340
424 340 424 340
425 340 425 340
426 340 426 340
391 342 391 342
396 342 396 342
397 342 397 342
398 342 398 342
400 342 400 342
401 342 401 342
402 342 402 342
404 342 404 342
405 342 405 342
406 342 406 342
408 342 408 342
409 342 409 342
410 342 410 342
412 342 412 342
413 342 413 342
414 342 414 342
416 342 416 342
417 342 417 342
418 342 418 342
420 342 420 342
421 342 421 342
424 342 424 342
391 343 391 343
392 343 392 343
393 343 393 343
395 343 395 343
396 343 396 343
397 343 397 343
398 343 398 343
400 343 400 343
401 343 401 343
402 343 402 343
404 343 404 343
405 343 405 343
406 343 406 343
408 343 408 343
409 343 409 343
413 343 413 343
414 343 414 343
417 343 417 343
418 343 418 343
421 343 421 343
422 343 422 343
391 344 391 344
392 344 392 344
393 344 393 344
395 344 395 344
396 344 396 344
397 344 397 344
398 344 398 344
400 344 400 344
401 344 401 344
402 344 402 344
404 344 404 344
405 344 405 344
406 344 406 344
408 344 408 344
410 344 410 344
413 344 413 344
414 344 414 344
418 344 418 344
420 344 419 344
391 346 391 345
392 346 392 345
393 346 393 345
395 346 395 345
396 346 396 345
397 346 397 345
398 346 399 345
400 346 400 345
401 346 401 346
402 346 402 346
404 346 404 346
405 346 405 346
406 346 406 346
408 346 408 346
409 346 409 346
410 346 410 345
412 346 412 345
416 346 416 345
391 347 391 347
392 347 392 347
393 347 393 347
395 347 395 347
396 347 396 347
397 347 397 346
400 347 400 347
401 347 401 347
402 347 402 347
404 347 404 347
405 347 405 347
406 347 406 347
408 347 408 347
409 347 409 347
410 347 410 347
412 347 412 347
413 347 413 347
414 347 414 347
416 347 415 347
391 348 391 348
392 348 392 348
393 348 393 348
395 348 395 348
396 348 396 348
398 348 399 348
400 348 400 348
402 348 402 348
404 348 404 348
405 348 405 348
406 348 406 348
409 348 409 348
410 348 410 348
412 348 412 348
413 348 413 348
414 348 414 348
416 348 415 348
393 350 393 349
395 350 395 349
396 350 396 349
397 350 397 349
398 350 399 349
400 350 400 349
401 350 401 349
402 350 402 350
404 350 404 350
405 350 405 350
406 350 406 350
408 350 408 350
409 350 409 349
410 350 410 350
412 350 412 350
413 350 413 350
395 351 395 350
396 351 396 350
397 351 397 350
398 351 399 351
400 351 400 351
401 351 401 351
402 351 402 351
404 351 404 351
405 351 405 351
406 351 406 351
408 351 408 351
409 351 409 351
410 351 410 351
