413 305 413 305
415 305 415 305
418 305 417 305
411 307 411 307
416 307 416 307
418 307 418 307
423 307 423 307
411 308 411 308
413 308 413 308
415 308 415 308
416 308 416 308
418 308 418 308
419 308 419 308
421 308 421 308
424 308 424 308
427 308 427 308
429 308 429 308
411 310 411 310
413 310 413 310
415 310 415 310
416 310 416 310
418 310 418 310
419 310 419 310
421 310 421 310
424 310 424 310
429 310 429 310
410 312 407 310
411 312 411 312
415 312 415 312
416 312 416 312
418 312 418 312
421 312 421 312
426 312 426 312
427 312 427 312
429 312 429 312
431 312 431 312
408 313 408 313
410 313 410 313
411 313 411 313
413 313 413 313
415 313 415 313
416 313 416 313
423 313 423 313
426 313 426 313
427 313 427 313
429 313 429 313
431 313 431 313
408 315 408 315
410 315 410 315
411 315 412 315
413 315 413 315
415 315 415 315
416 315 416 315
418 315 418 315
419 315 419 315
421 315 421 315
423 315 423 315
427 315 427 315
429 315 429 315
431 315 431 315
408 316 409 316
410 316 410 317
411 316 412 317
413 316 413 316
415 316 415 317
416 316 416 316
418 316 418 316
419 316 419 316
421 316 421 316
424 316 424 317
426 316 426 316
391 318 392 312
392 318 393 312
408 318 408 318
410 318 410 318
411 318 411 318
413 318 413 318
415 318 415 318
416 318 416 318
418 318 418 318
419 318 419 318
421 318 421 318
424 318 424 318
426 318 426 318
427 318 427 318
375 320 372 317
391 320 392 313
392 320 394 313
394 320 395 314
408 320 408 320
410 320 410 320
411 320 411 320
413 320 413 320
415 320 415 320
416 320 416 320
418 320 418 320
419 320 419 320
421 320 421 320
424 320 424 320
431 320 431 319
432 320 432 320
434 320 434 320
375 321 372 320
410 321 410 321
411 321 411 321
413 321 413 322
415 321 415 321
416 321 416 321
418 321 418 321
419 321 419 321
421 321 421 321
423 321 423 321
424 321 424 321
431 321 431 321
432 321 432 321
434 321 434 321
378 323 378 323
383 323 383 323
394 323 394 318
403 323 403 322
405 323 405 323
407 323 407 323
408 323 408 323
410 323 410 323
411 323 411 323
413 323 413 323
415 323 415 323
416 323 416 323
418 323 418 323
419 323 419 323
421 323 421 323
423 323 423 323
426 323 426 323
429 323 429 323
431 323 430 323
432 323 432 323
375 324 372 322
376 324 376 324
384 324 385 323
395 324 395 324
397 324 397 324
399 324 399 324
400 324 400 324
402 324 402 324
403 324 403 324
405 324 405 324
407 324 407 324
408 324 408 324
410 324 410 324
413 324 413 325
415 324 415 324
416 324 416 324
418 324 418 324
419 324 419 324
421 324 421 324
423 324 423 324
426 324 426 325
427 324 427 324
431 324 430 324
432 324 432 324
434 324 434 323
375 326 372 324
376 326 373 324
379 326 379 326
384 326 384 326
397 326 397 326
399 326 399 326
400 326 400 326
402 326 402 326
403 326 403 326
405 326 405 326
407 326 407 326
408 326 408 326
410 326 410 326
411 326 411 326
415 326 415 326
416 326 416 326
418 326 418 326
419 326 419 326
421 326 421 326
423 326 423 326
426 326 426 326
429 326 429 326
431 326 430 326
434 326 434 325
375 328 372 326
376 328 375 327
378 328 378 327
379 328 379 327
384 328 384 328
386 328 386 328
387 328 387 328
389 328 389 327
394 328 394 327
395 328 395 328
397 328 397 328
399 328 399 328
400 328 400 328
402 328 402 328
403 328 403 328
405 328 405 328
407 328 407 328
408 328 408 328
410 328 410 328
411 328 411 328
413 328 413 328
415 328 415 328
416 328 416 328
418 328 418 328
419 328 419 328
427 328 427 327
429 328 429 328
431 328 430 328
432 328 432 328
434 328 434 328
375 329 372 328
378 329 377 329
383 329 383 329
386 329 386 329
387 329 387 329
389 329 389 329
391 329 391 329
392 329 392 329
394 329 394 329
395 329 395 329
397 329 397 329
399 329 399 329
402 329 402 329
407 329 407 329
408 329 408 329
410 329 410 329
411 329 411 330
413 329 413 329
415 329 415 329
416 329 416 329
418 329 418 329
419 329 419 329
427 329 427 329
429 329 429 329
431 329 430 329
432 329 432 330
434 329 434 330
435 329 435 330
376 331 376 330
378 331 378 331
384 331 384 331
386 331 386 331
387 331 387 331
389 331 389 331
391 331 391 331
392 331 392 331
394 331 394 331
395 331 395 331
397 331 397 331
399 331 399 331
400 331 400 331
402 331 402 331
403 331 403 331
405 331 405 331
407 331 407 331
408 331 408 331
410 331 410 331
411 331 411 331
413 331 413 331
415 331 415 331
416 331 416 331
418 331 418 331
419 331 419 331
421 331 421 331
423 331 423 331
424 331 424 331
429 331 429 331
432 331 432 331
376 332 376 332
383 332 383 332
389 332 389 332
391 332 391 332
392 332 392 333
394 332 394 332
395 332 395 332
397 332 397 332
399 332 399 333
400 332 400 333
402 332 402 332
403 332 403 332
405 332 405 332
407 332 407 332
408 332 408 332
410 332 410 333
411 332 411 333
413 332 413 333
416 332 416 332
418 332 418 332
419 332 419 332
421 332 421 332
423 332 423 333
424 332 424 333
427 332 427 332
431 332 431 332
435 332 435 332
376 334 376 334
378 334 378 334
381 334 381 334
383 334 382 334
394 334 394 334
395 334 395 334
397 334 397 334
399 334 399 334
400 334 400 334
402 334 402 334
405 334 405 334
407 334 407 334
408 334 408 334
410 334 410 334
411 334 411 334
413 334 413 334
415 334 415 334
418 334 418 334
419 334 419 334
423 334 423 334
424 334 424 334
427 334 427 334
429 334 429 333
431 334 431 333
432 334 433 333
434 334 435 333
378 336 378 336
383 336 383 336
384 336 384 336
387 336 387 336
389 336 389 336
391 336 391 336
392 336 392 335
395 336 395 336
397 336 397 336
399 336 399 336
400 336 400 336
403 336 403 336
407 336 407 336
411 336 411 336
413 336 413 336
415 336 415 336
416 336 416 336
424 336 424 336
427 336 427 335
429 336 429 335
431 336 431 335
432 336 433 335
383 337 383 338
384 337 384 337
386 337 386 337
389 337 389 337
391 337 391 337
392 337 392 337
394 337 394 337
395 337 395 338
402 337 402 337
403 337 403 337
405 337 405 337
408 337 408 337
410 337 410 337
415 337 415 337
416 337 416 337
418 337 418 337
419 337 419 337
427 337 427 337
431 337 432 337
391 339 391 339
392 339 392 339
394 339 394 339
399 339 399 339
400 339 400 339
402 339 402 339
403 339 403 339
405 339 405 339
407 339 407 339
408 339 408 339
410 339 410 339
411 339 412 339
413 339 413 339
416 339 416 339
418 339 418 339
419 339 419 339
427 339 427 339
429 339 430 339
383 340 383 340
386 340 386 340
387 340 387 340
389 340 389 340
391 340 391 340
394 340 394 340
397 340 397 340
399 340 399 340
400 340 400 341
402 340 402 340
403 340 404 340
405 340 405 340
407 340 407 340
408 340 408 340
410 340 410 340
411 340 412 340
413 340 413 340
415 340 415 340
416 340 416 340
418 340 418 340
419 340 419 340
421 340 421 340
423 340 423 340
424 340 424 340
426 340 426 340
384 342 384 342
387 342 387 342
389 342 389 342
391 342 391 342
392 342 392 342
395 342 396 342
397 342 397 342
399 342 399 342
400 342 400 342
402 342 402 342
403 342 403 342
405 342 405 342
407 342 407 342
408 342 408 342
410 342 410 342
411 342 411 342
413 342 413 342
415 342 415 342
416 342 416 342
418 342 418 342
421 342 421 342
423 342 423 342
424 342 423 343
389 344 389 344
391 344 391 344
392 344 392 344
394 344 394 344
395 344 395 344
397 344 397 344
399 344 399 344
400 344 400 344
402 344 402 344
403 344 403 344
405 344 405 344
407 344 407 344
408 344 408 344
410 344 410 344
411 344 412 344
413 344 413 344
415 344 415 344
416 344 416 344
418 344 418 344
419 344 419 344
421 344 421 344
387 345 387 345
389 345 389 345
391 345 391 345
392 345 392 345
394 345 394 345
395 345 395 345
397 345 397 345
399 345 399 345
400 345 400 345
402 345 402 345
403 345 403 345
405 345 405 345
407 345 407 345
408 345 408 345
410 345 410 345
411 345 411 345
413 345 413 345
415 345 415 345
416 345 416 345
418 345 418 345
419 345 418 346
391 347 391 347
392 347 392 347
394 347 394 347
395 347 395 347
397 347 397 347
399 347 399 347
400 347 400 347
402 347 402 347
403 347 403 347
405 347 405 347
407 347 407 347
408 347 408 347
410 347 410 347
411 347 412 347
413 347 413 347
415 347 415 347
416 347 417 347
391 348 391 348
392 348 392 348
394 348 394 348
395 348 395 348
399 348 399 348
400 348 400 348
402 348 402 348
403 348 403 348
405 348 405 348
407 348 407 348
408 348 408 348
410 348 410 348
411 348 411 348
413 348 413 348
415 348 415 348
394 350 394 350
395 350 395 350
397 350 397 350
399 350 399 350
400 350 400 350
402 350 402 350
403 350 403 350
405 350 405 350
407 350 407 350
408 350 408 350
410 350 410 350
411 350 411 350
413 350 413 350
