410 307 408 308
413 307 413 307
415 307 415 307
416 307 416 307
418 307 418 307
419 307 419 307
421 307 421 307
426 307 426 307
427 307 427 307
431 307 430 307
411 308 411 308
413 308 413 308
415 308 415 308
416 308 416 308
418 308 418 308
419 308 419 308
421 308 421 308
423 308 423 308
424 308 424 308
426 308 426 308
427 308 427 308
408 310 410 307
410 310 410 310
415 310 415 310
416 310 416 310
418 310 418 310
419 310 419 310
423 310 423 310
424 310 424 310
426 310 426 310
427 310 427 310
429 310 429 310
431 310 431 310
411 312 411 312
413 312 413 312
415 312 415 312
416 312 416 312
418 312 418 312
421 312 421 312
424 312 424 312
427 312 427 312
429 312 429 312
407 313 407 313
408 313 408 313
410 313 410 313
411 313 411 313
421 313 421 313
423 313 423 313
426 313 426 313
427 313 427 313
429 313 429 313
431 313 430 313
405 315 405 314
407 315 407 315
408 315 408 315
410 315 410 315
413 315 413 315
415 315 415 315
416 315 416 315
418 315 418 315
419 315 419 315
421 315 421 315
423 315 423 315
424 315 424 315
427 315 427 315
429 315 429 315
405 316 405 316
407 316 407 316
408 316 408 316
411 316 411 316
413 316 413 316
415 316 415 316
416 316 416 316
418 316 418 316
419 316 419 316
421 316 421 316
423 316 423 316
424 316 424 317
426 316 426 316
427 316 427 316
432 316 432 317
434 316 434 316
375 318 374 317
376 318 376 318
378 318 378 318
379 318 379 318
381 318 381 318
386 318 386 317
389 318 389 317
391 318 391 317
392 318 392 317
394 318 394 318
395 318 395 318
405 318 405 318
411 318 411 318
413 318 413 318
415 318 415 318
416 318 416 318
418 318 418 318
419 318 419 318
421 318 421 318
423 318 423 318
424 318 424 318
426 318 426 318
431 318 431 318
432 318 432 318
434 318 434 318
375 320 374 319
376 320 376 320
378 320 378 320
386 320 386 319
387 320 387 319
389 320 389 319
391 320 391 319
392 320 392 319
394 320 394 320
395 320 395 319
407 320 407 320
408 320 408 320
410 320 410 320
413 320 413 320
415 320 415 320
416 320 416 320
418 320 418 320
419 320 419 320
421 320 421 320
423 320 423 320
424 320 424 320
429 320 429 319
432 320 432 320
375 321 374 321
376 321 376 321
379 321 379 321
383 321 383 321
389 321 389 320
391 321 391 320
392 321 392 321
394 321 394 321
395 321 395 321
405 321 405 321
407 321 407 321
408 321 408 321
413 321 413 321
415 321 415 321
416 321 416 321
418 321 418 321
419 321 419 321
421 321 421 321
423 321 423 321
424 321 424 321
431 321 431 321
434 321 434 321
375 323 374 323
376 323 376 323
379 323 379 323
386 323 386 322
389 323 389 322
392 323 392 322
394 323 394 323
395 323 395 323
397 323 397 323
405 323 405 323
407 323 407 323
408 323 408 323
410 323 410 323
411 323 411 323
413 323 413 323
415 323 415 323
416 323 416 323
418 323 418 323
419 323 419 323
421 323 421 323
423 323 423 323
426 323 426 323
429 323 429 323
432 323 432 323
434 323 434 323
375 324 374 324
376 324 376 324
378 324 378 324
383 324 383 324
384 324 385 324
386 324 386 324
389 324 389 324
394 324 394 324
395 324 395 324
399 324 399 324
400 324 400 324
402 324 402 324
405 324 405 324
407 324 407 324
408 324 408 324
410 324 410 324
411 324 411 324
413 324 413 324
415 324 415 324
416 324 416 324
418 324 418 324
419 324 419 324
421 324 421 324
423 324 423 324
426 324 426 324
429 324 429 325
431 324 430 324
432 324 432 324
434 324 434 324
435 324 435 324
375 326 374 325
379 326 379 326
384 326 384 326
389 326 389 326
391 326 390 326
392 326 392 326
394 326 394 326
395 326 395 326
399 326 399 326
400 326 400 326
402 326 402 326
403 326 403 326
405 326 405 326
407 326 407 326
408 326 408 326
410 326 410 326
411 326 411 326
415 326 415 326
416 326 416 326
418 326 418 326
419 326 419 326
421 326 421 326
423 326 423 326
424 326 424 326
426 326 426 326
427 326 427 326
429 326 429 326
431 326 431 326
432 326 432 326
434 326 434 326
435 326 435 326
375 328 374 327
376 328 376 327
378 328 378 328
383 328 383 327
387 328 387 328
389 328 389 328
391 328 390 328
392 328 392 328
394 328 394 328
397 328 397 328
399 328 399 328
400 328 400 328
402 328 402 328
403 328 403 328
405 328 405 328
407 328 407 328
408 328 408 328
410 328 410 328
411 328 411 328
413 328 413 328
415 328 415 328
416 328 416 328
418 328 418 328
419 328 419 328
421 328 421 328
423 328 423 328
424 328 424 328
426 328 426 328
427 328 427 328
429 328 429 328
431 328 431 328
432 328 432 328
435 328 435 327
375 329 374 328
376 329 376 329
381 329 381 329
384 329 384 329
387 329 387 329
389 329 389 329
391 329 391 329
392 329 392 329
397 329 397 329
399 329 399 329
400 329 400 329
402 329 402 329
403 329 403 329
405 329 405 329
407 329 407 329
408 329 408 329
410 329 410 329
411 329 411 329
413 329 413 329
415 329 415 329
416 329 416 329
418 329 418 329
419 329 419 329
421 329 421 329
423 329 423 329
424 329 424 329
426 329 426 329
427 329 427 329
429 329 429 329
431 329 431 329
432 329 432 329
435 329 435 329
375 331 374 330
376 331 376 331
378 331 378 331
379 331 379 331
383 331 383 331
384 331 384 331
387 331 387 331
389 331 389 331
391 331 391 331
392 331 392 331
394 331 394 331
395 331 395 331
397 331 397 331
399 331 399 331
402 331 402 331
403 331 403 331
407 331 407 331
408 331 408 331
410 331 410 331
411 331 411 331
413 331 413 331
415 331 415 331
416 331 416 331
418 331 418 331
419 331 419 331
421 331 421 331
423 331 423 331
424 331 424 331
426 331 426 331
427 331 427 331
431 331 430 331
432 331 432 331
434 331 434 330
376 332 376 332
378 332 378 332
379 332 379 332
383 332 383 332
384 332 384 332
387 332 388 332
391 332 391 332
392 332 392 332
394 332 394 332
395 332 395 332
397 332 397 332
402 332 402 332
403 332 403 332
405 332 405 332
407 332 407 332
408 332 408 332
410 332 410 332
411 332 411 332
413 332 413 333
415 332 415 332
416 332 416 332
418 332 418 332
419 332 419 332
421 332 421 332
423 332 423 333
424 332 424 332
426 332 426 332
427 332 427 333
429 332 429 333
431 332 431 332
432 332 432 332
434 332 434 332
435 332 435 331
378 334 378 334
379 334 379 334
383 334 383 334
384 334 384 334
386 334 386 334
387 334 388 334
391 334 391 334
392 334 392 334
394 334 394 334
395 334 395 334
399 334 399 334
400 334 400 334
402 334 402 334
403 334 403 334
405 334 405 334
407 334 407 334
408 334 408 334
410 334 410 334
411 334 411 334
413 334 413 334
415 334 415 334
416 334 416 334
418 334 418 334
419 334 419 334
421 334 421 334
423 334 423 334
424 334 424 334
426 334 426 334
427 334 427 334
429 334 429 334
431 334 431 334
432 334 432 334
434 334 434 334
376 336 376 336
378 336 378 336
381 336 381 336
384 336 384 336
386 336 386 336
387 336 388 336
391 336 391 336
392 336 392 336
394 336 394 336
395 336 395 336
397 336 397 336
400 336 400 336
402 336 402 336
403 336 403 336
405 336 405 336
407 336 407 336
408 336 408 336
410 336 410 336
411 336 411 336
413 336 413 336
415 336 415 336
416 336 416 336
418 336 418 336
419 336 419 336
421 336 421 336
423 336 423 336
424 336 424 336
426 336 426 336
427 336 427 336
431 336 431 336
432 336 432 336
378 337 378 337
379 337 379 337
384 337 384 337
386 337 386 337
387 337 387 337
389 337 389 337
391 337 391 337
392 337 392 337
394 337 394 337
399 337 399 337
400 337 400 337
402 337 402 337
403 337 403 337
405 337 405 337
407 337 407 337
408 337 408 337
410 337 410 337
411 337 411 337
413 337 413 337
415 337 415 337
416 337 416 337
418 337 418 337
419 337 419 337
421 337 421 337
423 337 423 337
424 337 424 337
426 337 426 337
427 337 427 337
429 337 429 337
431 337 431 337
384 339 384 339
387 339 387 339
389 339 389 339
391 339 391 339
392 339 392 339
394 339 394 339
395 339 395 339
397 339 397 338
400 339 400 339
402 339 402 339
403 339 403 339
405 339 405 339
407 339 407 339
408 339 408 339
410 339 410 339
411 339 411 339
413 339 413 339
415 339 415 339
416 339 416 339
418 339 418 339
419 339 419 339
421 339 421 339
423 339 423 339
424 339 424 339
426 339 426 339
427 339 427 339
429 339 429 339
384 340 384 340
386 340 386 340
389 340 389 340
391 340 391 340
392 340 392 340
394 340 394 340
395 340 395 340
397 340 397 340
399 340 399 340
400 340 400 340
402 340 402 340
403 340 403 340
405 340 405 340
407 340 407 340
408 340 408 340
410 340 410 340
411 340 411 340
413 340 413 340
415 340 415 340
416 340 416 340
418 340 418 340
419 340 419 340
421 340 421 340
423 340 423 340
424 340 424 340
426 340 426 340
427 340 427 340
384 342 384 342
386 342 386 342
387 342 387 342
389 342 389 342
391 342 391 342
392 342 392 342
394 342 394 342
395 342 395 342
397 342 397 342
399 342 399 342
400 342 400 342
402 342 402 342
403 342 403 342
405 342 405 342
407 342 407 342
408 342 408 342
410 342 410 342
411 342 411 342
413 342 413 342
415 342 415 342
416 342 416 342
418 342 418 342
419 342 419 342
421 342 421 342
423 342 422 342
424 342 424 342
386 344 386 344
387 344 387 344
389 344 389 344
391 344 391 344
392 344 392 344
394 344 394 344
395 344 395 344
397 344 397 344
399 344 399 344
400 344 400 344
402 344 402 344
403 344 403 344
405 344 405 344
407 344 407 344
408 344 408 344
410 344 410 344
411 344 411 344
413 344 413 344
415 344 415 344
416 344 416 344
418 344 418 344
419 344 419 344
421 344 421 344
387 345 387 345
389 345 389 345
391 345 391 345
392 345 392 345
394 345 394 345
395 345 395 346
397 345 397 345
399 345 399 345
400 345 400 345
402 345 402 345
403 345 403 345
405 345 405 345
407 345 407 345
408 345 408 345
410 345 410 345
411 345 411 346
413 345 413 345
415 345 415 345
416 345 416 345
418 345 418 345
419 345 419 345
391 347 391 347
392 347 392 347
399 347 399 347
400 347 400 347
402 347 402 347
403 347 403 347
405 347 405 347
407 347 407 347
408 347 408 347
410 347 410 347
411 347 411 347
413 347 413 347
415 347 415 347
416 347 416 347
391 348 391 348
392 348 393 348
399 348 399 348
400 348 400 348
402 348 402 348
403 348 403 348
405 348 405 348
407 348 407 348
408 348 408 348
410 348 410 348
411 348 411 348
413 348 413 348
415 348 414 348
416 348 416 348
394 350 394 350
395 350 395 349
397 350 397 349
399 350 399 350
400 350 400 350
402 350 402 350
403 350 403 350
405 350 405 350
407 350 407 350
408 350 408 350
410 350 410 350
411 350 411 350
413 350 413 350
