420 316 419 317
424 316 422 317
425 316 423 317
416 317 415 318
418 317 416 318
420 317 419 318
421 317 420 318
424 317 422 318
425 317 423 318
414 318 412 319
415 318 414 319
416 318 414 320
420 318 419 319
421 318 420 320
425 318 423 319
427 318 425 319
414 319 412 321
415 319 413 321
419 319 417 321
420 319 418 321
412 321 410 322
416 321 415 322
424 321 422 322
412 322 410 324
414 322 412 323
415 322 413 324
416 322 414 323
419 322 417 323
420 322 418 323
421 322 420 323
424 322 422 324
425 322 423 324
427 322 425 324
410 323 408 324
412 323 410 325
414 323 412 325
415 323 413 325
416 323 414 325
419 323 417 325
420 323 419 324
421 323 420 325
424 323 422 325
425 323 423 325
428 323 426 325
407 324 405 326
412 324 410 326
414 324 412 326
415 324 413 326
419 324 417 326
420 324 418 326
423 324 420 327
424 324 422 326
425 324 423 326
409 326 407 327
410 326 408 327
415 326 413 328
407 327 405 328
409 327 407 328
410 327 408 328
411 327 409 328
414 327 412 329
416 327 414 328
419 327 417 328
420 327 419 328
421 327 420 328
423 327 421 328
425 327 423 329
428 327 426 329
430 327 429 326
433 327 431 327
406 328 403 330
407 328 405 330
409 328 407 330
410 328 408 329
412 328 410 330
414 328 412 330
415 328 413 330
416 328 414 330
419 328 416 330
420 328 418 330
421 328 420 330
424 328 422 330
425 328 423 330
430 328 429 328
400 330 398 330
402 330 400 330
403 330 402 330
407 330 405 331
409 330 407 331
410 330 408 331
412 330 410 331
414 330 412 331
415 330 413 331
418 330 415 331
419 330 417 331
420 330 418 331
421 330 420 331
424 330 422 331
425 330 423 331
429 330 427 331
430 330 429 330
434 330 433 330
437 330 435 331
398 331 396 332
401 331 399 332
402 331 400 332
403 331 402 332
405 331 403 332
414 331 412 333
415 331 413 333
419 331 417 333
424 331 422 333
425 331 423 333
433 331 432 331
434 331 433 331
397 332 395 333
398 332 396 333
401 332 399 333
402 332 400 333
403 332 402 333
405 332 403 333
407 332 405 333
409 332 407 333
410 332 408 333
411 332 410 333
416 332 415 333
420 332 418 333
421 332 419 334
430 332 428 333
397 333 395 334
398 333 397 334
400 333 398 334
402 333 400 335
403 333 402 335
405 333 403 335
407 333 405 334
409 333 407 335
410 333 408 334
411 333 410 335
414 333 412 335
415 333 413 335
416 333 414 335
419 333 417 335
420 333 418 335
421 333 419 335
424 333 422 335
425 333 423 335
429 333 427 335
430 333 428 335
432 333 431 333
433 333 433 333
396 335 394 335
402 335 400 336
403 335 402 336
409 335 407 336
410 335 408 336
411 335 410 336
414 335 412 336
415 335 413 336
416 335 414 336
419 335 417 336
420 335 418 336
421 335 419 336
424 335 422 337
425 335 423 337
427 335 424 337
429 335 427 336
430 335 428 336
432 335 431 335
433 335 433 335
396 336 394 336
397 336 395 336
398 336 397 336
401 336 399 337
407 336 405 338
409 336 406 338
410 336 408 338
412 336 410 337
414 336 412 338
415 336 413 338
416 336 414 338
419 336 417 337
420 336 418 338
421 336 419 338
424 336 422 338
425 336 423 338
427 336 424 338
429 336 427 337
430 336 428 338
432 336 431 336
396 337 394 338
397 337 395 338
398 337 396 338
400 337 398 338
402 337 400 338
403 337 402 338
407 337 404 339
409 337 406 339
396 339 394 339
397 339 395 340
398 339 396 340
401 339 399 340
402 339 400 340
403 339 402 340
405 339 403 340
410 339 408 340
411 339 409 340
414 339 412 340
415 339 413 340
416 339 414 340
419 339 417 340
420 339 418 340
421 339 419 340
425 339 423 340
427 339 424 340
429 339 427 340
393 340 390 341
396 340 394 341
397 340 395 341
398 340 396 341
401 340 399 341
402 340 400 341
403 340 402 341
405 340 403 341
407 340 405 341
409 340 407 341
410 340 408 341
411 340 409 341
414 340 412 341
415 340 413 341
416 340 414 341
419 340 416 342
420 340 418 342
421 340 419 342
425 340 423 341
427 340 425 341
405 341 403 342
407 341 405 342
409 341 407 342
411 341 409 343
414 341 412 342
415 341 413 343
416 341 414 343
419 341 416 343
423 341 420 343
424 341 422 343
396 342 393 343
398 342 396 343
401 342 399 343
402 342 400 343
410 342 408 343
415 342 413 344
419 342 416 344
421 342 418 344
423 342 420 345
425 342 423 343
401 344 399 345
402 344 400 345
403 344 402 345
405 344 403 345
407 344 405 345
409 344 407 345
410 344 408 345
411 344 409 345
414 344 412 345
416 344 415 345
421 344 418 346
396 345 394 346
397 345 395 346
398 345 396 346
401 345 399 346
402 345 400 346
403 345 402 346
405 345 403 346
407 345 405 346
409 345 407 346
410 345 408 346
411 345 409 346
415 345 413 347
416 345 415 346
420 345 416 348
393 346 391 348
397 346 395 348
398 346 396 348
402 346 400 347
403 346 401 347
406 346 404 348
407 346 405 348
409 346 407 347
410 346 408 347
412 346 410 348
414 346 411 348
415 346 413 348
396 348 393 349
397 348 395 349
398 348 396 349
401 348 399 349
403 348 401 349
406 348 403 350
407 348 405 349
409 348 406 349
411 348 409 349
412 348 410 349
415 348 412 350
398 349 396 351
401 349 399 351
402 349 400 351
403 349 401 351
410 349 407 351
411 349 408 351
412 349 410 351
415 349 411 351
