419 316 418 316
421 316 420 317
423 316 421 317
415 317 414 318
416 317 415 318
418 317 416 318
421 317 420 318
423 317 421 318
424 317 423 318
415 318 414 319
416 318 415 319
418 318 416 319
420 318 419 319
421 318 420 320
423 318 421 320
424 318 423 320
415 319 414 321
416 319 414 321
420 319 419 321
421 319 420 321
423 321 421 322
427 321 425 322
410 322 408 323
411 322 410 323
414 322 412 324
415 322 413 323
416 322 414 323
419 322 417 323
420 322 418 323
421 322 420 323
423 322 421 324
434 322 433 322
410 323 408 324
411 323 410 324
414 323 412 325
415 323 413 325
416 323 414 325
419 323 417 325
420 323 419 325
421 323 420 325
423 323 421 325
434 323 433 323
409 324 407 326
410 324 408 326
412 324 410 326
414 324 412 326
415 324 413 327
416 324 415 326
419 324 417 326
420 324 418 326
421 324 420 326
423 324 421 326
425 324 423 326
414 326 412 328
415 326 413 328
416 326 415 327
419 326 417 328
420 326 418 328
409 327 407 328
410 327 408 328
411 327 409 328
421 327 420 328
423 327 421 328
424 327 423 328
406 328 403 329
407 328 405 330
410 328 408 329
411 328 409 330
414 328 412 330
415 328 413 330
416 328 415 330
418 328 416 330
421 328 420 330
423 328 421 330
425 328 423 330
437 328 435 331
403 330 402 330
407 330 405 331
410 330 408 331
411 330 409 331
414 330 412 331
415 330 413 331
416 330 415 331
420 330 418 331
421 330 420 331
423 330 421 331
433 330 433 330
398 331 397 332
402 331 400 332
403 331 402 332
405 331 403 332
414 331 412 333
415 331 413 333
416 331 415 333
421 331 419 333
425 331 423 333
433 331 433 331
397 332 395 333
398 332 397 333
400 332 398 333
402 332 400 333
403 332 402 333
409 332 407 333
410 332 408 333
411 332 409 333
415 332 413 334
418 332 416 333
419 332 418 333
423 332 421 333
425 332 423 334
427 332 425 334
397 333 395 334
398 333 397 334
400 333 398 334
402 333 400 335
403 333 402 335
405 333 403 335
407 333 405 334
409 333 407 335
410 333 408 335
411 333 410 335
412 333 411 335
416 333 414 335
418 333 416 335
420 333 418 335
421 333 419 335
423 333 421 335
425 333 423 336
428 333 426 335
433 333 433 334
398 335 397 336
400 335 398 336
402 335 400 336
403 335 401 336
405 335 403 336
406 335 404 336
409 335 406 336
410 335 408 336
411 335 410 336
414 335 412 336
415 335 413 336
416 335 414 336
418 335 416 336
420 335 418 336
421 335 419 336
423 335 421 336
427 335 425 336
428 335 426 336
432 335 432 335
433 335 433 335
397 336 395 336
402 336 400 337
403 336 402 337
407 336 405 337
409 336 406 338
410 336 408 337
411 336 409 337
414 336 412 337
415 336 413 338
416 336 414 338
418 336 416 338
420 336 418 338
421 336 419 338
423 336 421 337
425 336 423 338
427 336 425 338
395 337 393 338
397 337 395 338
398 337 396 338
400 337 398 338
407 337 404 339
409 337 406 339
420 337 418 339
421 337 419 339
427 337 425 339
428 337 426 339
430 337 429 338
398 339 396 340
400 339 398 340
401 339 399 340
403 339 402 340
405 339 403 340
410 339 408 340
411 339 409 340
414 339 412 340
415 339 413 340
416 339 414 340
418 339 416 340
423 339 421 340
424 339 422 340
397 340 395 341
398 340 396 341
400 340 398 341
403 340 402 341
405 340 403 341
406 340 404 341
409 340 407 341
410 340 408 341
411 340 409 341
415 340 413 341
416 340 414 341
418 340 416 342
420 340 418 342
421 340 419 342
423 340 421 341
424 340 423 341
395 341 393 342
398 341 396 342
400 341 398 342
402 341 400 342
403 341 402 342
405 341 403 342
406 341 404 342
409 341 407 342
410 341 408 342
411 341 409 343
412 341 411 343
415 341 413 343
416 341 414 343
418 341 416 343
420 341 418 343
421 341 420 343
423 341 421 342
425 341 422 343
398 342 396 344
393 344 391 345
395 344 393 345
397 344 395 345
403 344 402 345
405 344 403 345
406 344 404 345
409 344 407 345
410 344 408 345
411 344 409 345
412 344 411 345
415 344 413 345
416 344 415 345
418 344 416 345
419 344 418 345
395 345 393 346
397 345 395 346
398 345 396 346
400 345 398 346
401 345 399 346
403 345 402 346
405 345 403 346
406 345 404 346
409 345 407 346
410 345 408 346
411 345 409 346
412 345 411 346
415 345 413 346
416 345 415 346
393 346 391 348
395 346 393 348
398 346 396 348
400 346 398 348
401 346 399 348
403 346 402 347
405 346 403 348
406 346 404 348
409 346 407 347
410 346 408 347
411 346 409 348
415 346 413 347
416 346 415 347
418 346 417 347
395 348 393 349
398 348 396 349
403 348 402 349
405 348 403 349
406 348 404 349
409 348 407 349
412 348 411 349
397 349 395 350
410 349 408 350
411 349 410 350
412 349 411 350
415 349 413 350
397 350 394 351
398 350 396 351
400 350 398 351
402 350 400 351
403 350 402 351
405 350 403 351
406 350 404 351
407 350 406 351
410 350 408 351
411 350 409 351
412 350 411 351
