430 299 427 300
432 299 429 300
436 299 433 300
437 299 434 300
439 299 436 300
441 299 438 300
443 299 440 300
445 299 442 300
447 299 444 300
448 299 446 300
450 299 447 300
452 299 449 300
430 301 427 302
434 301 431 302
436 301 433 302
437 301 434 302
439 301 436 302
441 301 438 302
443 301 440 302
445 301 442 302
447 301 444 302
448 301 445 302
450 301 447 302
452 301 449 302
454 301 451 302
430 303 427 304
432 303 429 304
436 303 433 304
437 303 434 304
439 303 436 304
441 303 438 304
443 303 440 304
445 303 442 304
447 303 444 304
448 303 446 304
450 303 447 304
454 303 451 304
428 305 425 305
430 305 427 306
432 305 429 306
434 305 431 306
437 305 434 306
439 305 436 306
441 305 438 306
443 305 440 306
445 305 442 306
447 305 444 306
448 305 446 306
450 305 447 306
452 305 449 305
454 305 451 305
456 305 453 305
428 306 425 307
430 306 427 307
432 306 429 307
434 306 431 307
436 306 432 307
437 306 434 307
439 306 436 308
441 306 438 307
443 306 440 307
445 306 442 307
447 306 444 307
448 306 446 307
450 306 448 308
452 306 449 308
456 306 453 307
404 308 400 308
406 308 402 308
408 308 404 308
410 308 406 309
412 308 408 308
413 308 410 309
415 308 411 309
428 308 425 309
430 308 427 309
432 308 429 309
434 308 431 309
436 308 433 309
437 308 434 309
439 308 436 309
441 308 438 309
443 308 440 309
445 308 442 309
447 308 444 309
448 308 446 309
450 308 447 310
452 308 449 310
454 308 451 309
395 310 391 311
397 310 393 311
399 310 395 311
404 310 401 311
406 310 402 311
408 310 404 311
410 310 406 311
412 310 408 311
415 310 411 311
417 310 414 311
428 310 425 311
430 310 427 311
432 310 429 311
434 310 431 311
436 310 433 311
437 310 434 311
439 310 436 311
441 310 438 311
443 310 440 311
445 310 442 311
447 310 444 311
448 310 446 311
450 310 448 311
452 310 449 311
454 310 451 311
397 312 393 313
399 312 395 313
404 312 401 313
406 312 403 313
408 312 404 313
410 312 406 312
412 312 408 313
413 312 410 313
415 312 411 313
417 312 414 313
430 312 427 313
432 312 429 313
434 312 431 313
436 312 432 313
437 312 434 313
439 312 436 313
441 312 438 313
443 312 440 313
445 312 442 313
447 312 444 313
448 312 446 313
450 312 448 313
452 312 449 313
454 312 451 313
456 312 453 313
458 312 455 312
459 312 456 313
395 314 391 315
397 314 393 315
399 314 395 315
401 314 397 315
402 314 399 315
404 314 401 314
406 314 402 314
408 314 404 314
410 314 406 314
412 314 408 314
413 314 410 315
415 314 411 315
417 314 413 315
419 314 416 315
421 314 418 315
423 314 420 315
424 314 421 315
426 314 423 315
428 314 425 315
430 314 427 315
432 314 429 315
434 314 431 315
436 314 432 315
437 314 434 315
439 314 436 315
441 314 438 315
443 314 440 315
445 314 442 315
447 314 444 315
448 314 446 315
450 314 448 315
452 314 449 315
454 314 451 315
456 314 453 315
458 314 455 314
459 314 456 314
461 314 455 310
395 316 392 317
397 316 394 317
399 316 396 317
402 316 399 317
404 316 400 316
406 316 402 316
408 316 404 316
410 316 406 316
413 316 410 316
415 316 411 316
417 316 413 316
419 316 415 316
421 316 418 317
423 316 420 317
424 316 421 317
426 316 423 317
428 316 425 317
430 316 427 317
432 316 428 317
434 316 431 317
436 316 433 317
437 316 434 317
439 316 436 317
441 316 438 317
443 316 440 317
445 316 442 317
447 316 444 317
448 316 445 317
450 316 447 317
452 316 449 317
454 316 451 317
456 316 453 317
458 316 455 317
459 316 456 317
395 317 392 319
397 317 394 318
399 317 396 318
402 317 399 318
404 317 401 318
406 317 402 318
408 317 404 318
412 317 408 318
413 317 410 318
415 317 412 318
417 317 413 318
419 317 415 318
421 317 417 318
423 317 419 318
424 317 421 319
426 317 423 319
428 317 425 318
430 317 427 318
432 317 429 318
434 317 431 318
436 317 433 318
437 317 435 319
439 317 436 318
441 317 438 318
443 317 440 318
445 317 442 319
447 317 444 319
448 317 445 319
450 317 447 319
452 317 449 319
454 317 451 319
456 317 453 319
458 317 455 318
459 317 457 319
461 317 458 318
395 319 392 320
397 319 394 320
399 319 396 320
401 319 398 320
404 319 401 320
406 319 402 320
408 319 404 320
410 319 406 320
412 319 408 320
413 319 410 320
415 319 412 320
417 319 413 320
419 319 415 320
421 319 417 320
423 319 419 320
424 319 421 321
426 319 423 320
428 319 425 320
430 319 427 320
432 319 429 320
434 319 431 320
436 319 433 320
437 319 435 320
439 319 436 320
441 319 438 320
443 319 440 320
445 319 442 321
447 319 444 320
448 319 445 320
450 319 447 321
452 319 449 321
454 319 451 320
456 319 453 320
458 319 455 321
459 319 457 320
461 319 458 320
395 321 392 322
397 321 394 322
399 321 396 322
401 321 398 322
404 321 401 322
406 321 402 322
408 321 404 322
410 321 407 322
413 321 410 322
415 321 412 322
417 321 413 322
419 321 415 322
421 321 417 322
423 321 419 321
424 321 421 322
426 321 423 322
428 321 425 322
430 321 427 322
432 321 429 322
434 321 431 322
436 321 433 322
437 321 434 322
439 321 436 322
441 321 438 322
443 321 440 322
445 321 442 322
447 321 444 322
448 321 445 322
450 321 447 322
452 321 449 322
454 321 451 322
456 321 453 322
458 321 455 322
459 321 457 322
461 321 458 322
463 321 460 322
395 323 392 324
397 323 394 324
399 323 396 324
401 323 397 324
402 323 399 324
406 323 402 324
408 323 405 324
412 323 408 324
413 323 409 324
415 323 412 324
417 323 413 324
419 323 415 324
421 323 417 324
423 323 419 324
424 323 421 324
426 323 422 324
428 323 425 324
430 323 427 324
432 323 429 324
434 323 431 324
436 323 432 324
437 323 434 324
439 323 436 324
441 323 438 324
443 323 440 324
445 323 442 324
447 323 444 324
448 323 446 324
450 323 447 324
452 323 449 324
454 323 451 324
456 323 453 324
458 323 455 324
459 323 457 324
461 323 459 325
463 323 460 324
395 325 391 326
397 325 394 326
399 325 396 326
401 325 398 326
402 325 399 326
406 325 402 326
408 325 405 326
410 325 407 326
412 325 409 326
415 325 411 326
417 325 413 326
419 325 415 326
423 325 419 326
424 325 421 326
426 325 422 326
428 325 424 326
430 325 427 326
432 325 429 326
434 325 431 326
436 325 432 326
437 325 434 326
439 325 436 326
441 325 438 326
443 325 440 326
445 325 442 326
447 325 444 326
448 325 446 326
450 325 447 326
452 325 449 326
454 325 451 326
456 325 453 326
458 325 455 326
459 325 457 326
463 325 460 327
397 327 394 328
399 327 396 328
401 327 398 328
402 327 400 328
404 327 401 328
406 327 403 328
408 327 405 328
410 327 407 328
412 327 409 328
413 327 411 328
415 327 412 328
419 327 415 328
421 327 417 328
423 327 419 328
424 327 421 328
426 327 422 328
428 327 424 328
430 327 427 328
432 327 429 328
434 327 431 328
436 327 432 328
437 327 434 328
439 327 436 328
441 327 438 328
443 327 440 328
445 327 442 328
447 327 444 328
448 327 445 328
450 327 447 328
452 327 449 328
454 327 451 328
456 327 453 328
458 327 455 329
459 327 457 328
461 327 458 329
463 327 460 329
399 328 396 330
401 328 398 329
402 328 400 329
404 328 402 330
406 328 403 330
408 328 405 330
410 328 407 330
412 328 409 330
413 328 411 330
415 328 412 330
417 328 414 330
421 328 417 329
423 328 419 329
424 328 421 329
426 328 422 329
428 328 424 329
430 328 427 329
432 328 429 329
434 328 431 330
436 328 432 329
437 328 434 330
439 328 436 330
441 328 438 330
443 328 440 330
445 328 442 330
447 328 444 330
448 328 445 330
450 328 447 330
452 328 450 330
454 328 451 330
456 328 453 330
458 328 455 330
459 328 456 331
461 328 458 330
463 328 460 330
401 330 398 331
402 330 400 331
404 330 402 331
406 330 404 331
408 330 405 331
410 330 407 331
412 330 409 331
413 330 411 331
415 330 412 331
419 330 415 331
421 330 417 331
423 330 419 331
426 330 422 331
428 330 425 331
430 330 427 331
432 330 429 331
434 330 431 331
436 330 432 331
437 330 434 331
439 330 436 331
441 330 438 331
443 330 440 331
445 330 442 331
447 330 444 332
448 330 445 332
450 330 447 332
452 330 449 332
454 330 451 332
456 330 453 332
458 330 455 332
459 330 457 332
461 330 458 332
401 332 397 333
402 332 400 333
404 332 402 333
406 332 404 333
408 332 405 333
410 332 407 333
412 332 409 333
413 332 410 333
415 332 412 333
417 332 414 333
419 332 416 333
421 332 418 333
424 332 421 333
428 332 424 333
430 332 426 333
432 332 429 333
434 332 431 333
436 332 432 333
437 332 434 333
439 332 436 333
441 332 438 333
443 332 440 333
445 332 442 333
447 332 444 334
448 332 445 334
450 332 447 334
452 332 449 334
454 332 451 334
456 332 453 334
458 332 455 334
459 332 457 334
461 332 458 335
465 332 460 334
404 334 400 336
406 334 403 335
408 334 405 335
410 334 407 335
413 334 410 336
417 334 414 335
419 334 416 335
421 334 418 335
423 334 419 335
424 334 421 335
428 334 424 334
430 334 426 334
432 334 428 334
434 334 430 335
436 334 432 335
437 334 434 335
439 334 436 335
441 334 438 335
443 334 440 335
445 334 442 335
447 334 443 336
448 334 445 336
450 334 447 336
456 334 453 336
458 334 455 336
459 334 457 336
402 336 398 338
404 336 401 338
406 336 403 337
408 336 405 337
410 336 407 337
412 336 409 338
413 336 410 338
415 336 412 337
417 336 414 337
419 336 416 337
421 336 418 337
423 336 419 337
424 336 421 337
430 336 426 336
432 336 428 336
434 336 430 337
436 336 432 337
437 336 434 337
439 336 436 337
441 336 438 337
443 336 440 337
445 336 442 337
447 336 443 338
448 336 445 338
450 336 447 338
452 336 449 337
454 336 451 337
456 336 451 340
458 336 458 336
459 336 460 336
461 336 454 340
404 338 402 338
406 338 403 339
408 338 405 339
410 338 407 340
412 338 409 339
413 338 410 339
419 338 416 339
421 338 418 339
423 338 420 339
424 338 421 339
430 338 426 338
432 338 428 338
436 338 432 339
437 338 434 339
439 338 436 339
441 338 438 339
443 338 440 339
448 338 445 339
452 338 449 338
404 340 402 342
406 340 403 341
408 340 405 341
410 340 407 341
412 340 409 341
413 340 410 341
419 340 416 341
421 340 418 341
423 340 420 341
424 340 421 341
426 340 423 341
428 340 425 341
430 340 427 341
436 340 432 341
437 340 434 341
439 340 436 340
441 340 438 341
443 340 440 341
445 340 442 340
447 340 444 341
448 340 445 341
450 340 447 341
406 341 403 343
408 341 405 343
410 341 407 343
412 341 409 343
413 341 410 343
415 341 412 343
417 341 414 343
419 341 416 343
421 341 418 342
423 341 420 343
424 341 421 343
426 341 423 343
428 341 425 343
432 341 429 342
434 341 430 342
436 341 432 342
437 341 434 342
439 341 436 342
441 341 438 343
443 341 440 342
445 341 442 342
447 341 444 342
452 341 444 346
408 343 405 345
410 343 407 345
412 343 409 345
413 343 410 345
415 343 412 345
417 343 414 345
419 343 416 345
421 343 418 345
423 343 420 345
424 343 421 345
428 343 425 345
432 343 429 344
434 343 431 344
436 343 432 344
437 343 434 344
439 343 436 345
441 343 438 345
443 343 440 345
452 343 449 344
408 345 405 347
410 345 407 347
412 345 409 347
413 345 411 347
415 345 412 347
417 345 414 347
419 345 416 347
421 345 418 347
423 345 420 347
424 345 422 347
426 345 424 347
432 345 429 346
434 345 431 346
436 345 432 346
437 345 434 347
448 345 442 347
410 347 407 349
412 347 409 349
413 347 410 349
415 347 412 349
417 347 414 349
423 347 420 349
426 347 424 348
430 347 426 348
432 347 429 348
434 347 430 348
436 347 433 348
448 347 442 350
408 349 402 350
410 349 407 351
412 349 409 351
413 349 410 351
415 349 413 351
417 349 414 351
419 349 416 351
421 349 418 351
439 349 436 350
441 349 439 350
410 351 407 353
412 351 409 353
413 351 411 352
415 351 413 352
417 351 415 352
419 351 416 352
421 351 418 352
423 351 422 352
428 351 424 353
430 351 425 352
413 352 409 354
415 352 413 354
417 352 415 354
419 352 416 354
421 352 418 354
423 352 420 354
428 352 424 354
430 352 426 354
432 352 429 354
