432 299 413 312
434 299 414 312
436 299 418 314
437 299 419 314
439 299 421 314
441 299 423 314
443 299 425 314
447 299 428 313
448 299 429 313
450 299 431 312
430 301 410 314
432 301 412 314
434 301 415 314
436 301 417 315
437 301 419 316
439 301 420 316
441 301 422 316
447 301 428 316
448 301 429 316
450 301 431 316
452 301 433 315
430 303 411 317
432 303 412 316
434 303 414 316
436 303 417 317
437 303 418 318
439 303 420 318
441 303 422 318
443 303 424 318
447 303 427 319
448 303 429 318
450 303 430 318
452 303 432 318
430 305 410 319
434 305 414 318
436 305 416 319
437 305 418 319
439 305 420 320
441 305 421 320
443 305 423 320
448 305 428 320
450 305 430 320
452 305 432 320
454 305 434 319
430 306 410 321
434 306 413 320
436 306 415 320
437 306 417 321
441 306 421 321
443 306 423 321
445 306 425 321
447 306 426 322
448 306 428 322
450 306 430 322
452 306 432 322
454 306 433 322
412 308 391 319
432 308 412 322
436 308 415 322
437 308 417 322
439 308 418 323
441 308 420 323
443 308 422 323
445 308 424 323
447 308 426 324
448 308 427 324
450 308 430 324
452 308 431 324
412 310 390 322
413 310 392 322
415 310 394 322
417 310 396 323
432 310 411 324
434 310 413 324
437 310 416 324
439 310 418 325
441 310 420 325
443 310 422 325
445 310 423 325
447 310 425 326
448 310 427 326
450 310 429 325
452 310 431 326
412 312 391 323
413 312 392 323
415 312 394 324
417 312 396 324
428 312 406 325
432 312 411 326
434 312 413 326
437 312 416 326
439 312 418 327
441 312 419 327
443 312 421 327
445 312 423 327
447 312 425 327
450 312 429 327
452 312 431 327
456 312 434 328
410 314 388 325
412 314 391 325
413 314 393 325
415 314 394 325
417 314 396 326
419 314 398 325
423 314 400 325
424 314 402 326
428 314 406 327
430 314 408 327
432 314 410 328
434 314 412 328
436 314 414 328
437 314 415 328
439 314 417 328
441 314 419 329
443 314 421 329
445 314 423 329
447 314 424 329
448 314 426 329
450 314 428 329
452 314 430 329
410 316 389 326
412 316 391 327
417 316 396 328
419 316 397 326
423 316 400 327
424 316 401 327
428 316 406 329
430 316 408 329
432 316 409 330
436 316 413 330
437 316 415 330
439 316 417 330
441 316 418 330
443 316 420 331
445 316 422 331
447 316 424 331
448 316 425 331
450 316 427 331
452 316 429 331
454 316 431 331
413 317 392 328
415 317 394 328
419 317 397 330
424 317 401 329
428 317 405 331
430 317 407 331
432 317 409 331
436 317 413 332
437 317 414 332
439 317 416 332
441 317 418 332
443 317 420 332
445 317 422 333
447 317 423 333
450 317 427 333
452 317 429 333
454 317 431 333
456 317 432 334
458 317 434 333
399 319 379 323
406 319 384 326
408 319 386 326
413 319 391 329
415 319 393 330
417 319 395 330
424 319 401 331
428 319 405 333
430 319 407 333
432 319 409 333
434 319 410 333
436 319 412 334
437 319 414 334
439 319 416 334
441 319 417 334
443 319 420 334
445 319 421 334
447 319 423 334
448 319 425 334
450 319 427 335
452 319 429 335
454 319 430 335
456 319 432 335
458 319 434 335
399 321 378 325
404 321 382 326
406 321 384 327
413 321 390 331
415 321 392 331
417 321 394 332
419 321 396 332
421 321 398 333
424 321 401 333
426 321 402 334
432 321 408 335
434 321 410 335
436 321 412 335
437 321 413 335
439 321 415 336
441 321 417 336
443 321 419 336
445 321 421 336
447 321 422 336
448 321 424 336
450 321 426 336
452 321 428 337
454 321 430 337
456 321 432 337
399 323 378 327
402 323 380 327
404 323 382 328
408 323 385 329
410 323 387 330
413 323 390 333
415 323 392 333
417 323 394 334
419 323 396 334
423 323 399 335
424 323 400 335
426 323 402 336
428 323 404 336
430 323 406 336
432 323 407 337
434 323 409 337
436 323 411 337
437 323 413 338
439 323 415 338
441 323 417 338
443 323 418 338
445 323 420 338
447 323 422 338
448 323 424 338
450 323 426 338
454 323 429 339
456 323 431 339
458 323 433 339
402 325 380 328
404 325 381 329
406 325 383 330
410 325 387 332
412 325 389 333
417 325 394 335
419 325 395 336
423 325 398 337
424 325 400 337
428 325 403 338
430 325 405 338
432 325 407 339
434 325 409 339
436 325 411 339
437 325 412 339
439 325 414 339
441 325 416 340
443 325 418 340
445 325 420 340
447 325 422 340
448 325 424 340
450 325 425 340
454 325 429 340
456 325 430 340
458 325 432 341
459 325 434 341
402 327 379 330
404 327 381 331
406 327 383 332
410 327 387 334
413 327 389 334
424 327 400 339
428 327 403 339
430 327 405 340
432 327 407 340
434 327 408 341
436 327 410 341
437 327 412 341
439 327 414 341
441 327 416 341
443 327 417 341
445 327 419 342
450 327 424 342
452 327 426 342
454 327 428 342
456 327 430 342
458 327 432 342
459 327 433 343
402 328 379 332
404 328 381 333
406 328 383 333
408 328 384 333
413 328 389 336
415 328 391 337
423 328 397 339
424 328 399 340
426 328 401 340
428 328 403 341
430 328 405 342
432 328 406 342
434 328 408 342
436 328 410 342
437 328 412 342
439 328 413 343
441 328 415 343
443 328 417 343
450 328 424 344
452 328 426 344
454 328 428 344
456 328 429 344
458 328 431 344
404 330 381 335
408 330 384 335
413 330 389 338
417 330 392 339
419 330 394 340
421 330 395 340
423 330 397 340
424 330 399 342
426 330 400 342
428 330 402 343
430 330 404 343
432 330 406 344
434 330 408 344
436 330 409 344
437 330 411 344
439 330 413 344
447 330 420 344
448 330 422 345
450 330 424 345
452 330 426 345
454 330 427 345
408 332 384 337
415 332 390 340
417 332 391 340
419 332 393 341
421 332 395 342
423 332 397 343
426 332 400 344
428 332 402 345
430 332 403 345
432 332 406 346
434 332 408 346
436 332 409 346
437 332 411 346
441 332 414 346
445 332 418 346
447 332 419 346
406 334 381 337
408 334 383 338
413 334 388 341
417 334 391 342
419 334 393 342
421 334 395 343
423 334 396 344
424 334 398 344
430 334 403 347
432 334 405 347
434 334 407 347
436 334 409 347
437 334 410 348
439 334 412 348
443 334 416 348
445 334 418 348
447 334 419 348
404 336 380 338
408 336 382 340
410 336 384 340
412 336 386 340
413 336 387 342
415 336 389 343
419 336 392 344
421 336 394 345
423 336 396 345
424 336 398 346
426 336 399 347
428 336 401 347
434 336 406 349
436 336 408 349
443 336 415 350
408 338 382 341
410 338 383 342
412 338 386 342
415 338 389 345
417 338 390 345
421 338 394 346
423 338 396 347
424 338 397 348
426 338 399 348
428 338 401 349
430 338 402 349
434 338 406 350
439 338 411 351
441 338 413 351
410 340 384 343
412 340 385 344
413 340 386 344
415 340 388 345
417 340 390 346
419 340 392 347
423 340 395 349
424 340 397 349
426 340 398 350
428 340 400 350
434 340 405 352
436 340 407 352
410 341 383 344
412 341 385 345
413 341 386 346
417 341 390 348
419 341 392 349
421 341 393 349
424 341 397 351
426 341 398 351
428 341 400 352
432 341 403 354
412 343 384 347
415 343 388 348
419 343 391 350
421 343 393 351
423 343 394 351
