430 299 409 309
432 299 413 310
434 299 416 311
436 299 418 311
437 299 420 311
439 299 422 311
441 299 423 312
443 299 425 312
445 299 427 312
447 299 429 311
448 299 430 310
450 299 432 310
452 299 434 310
430 301 411 312
432 301 413 312
434 301 416 314
436 301 418 314
437 301 419 313
439 301 421 313
441 301 423 314
443 301 425 314
445 301 427 314
447 301 429 314
448 301 430 313
450 301 432 313
452 301 434 313
454 301 438 315
430 303 411 314
432 303 413 314
434 303 415 316
437 303 419 315
439 303 421 315
441 303 423 316
443 303 425 316
445 303 427 316
447 303 428 316
448 303 430 316
450 303 432 316
452 303 433 315
428 305 408 316
430 305 410 317
436 305 416 316
437 305 418 317
439 305 420 317
441 305 422 317
443 305 424 318
445 305 426 318
447 305 428 318
448 305 430 318
450 305 432 318
452 305 433 317
430 306 410 318
434 306 414 318
436 306 416 318
437 306 418 319
439 306 420 319
441 306 422 319
443 306 424 319
445 306 426 319
447 306 428 319
448 306 430 319
450 306 432 320
452 306 434 320
454 306 435 320
408 308 387 317
410 308 389 317
412 308 390 317
413 308 393 317
415 308 394 318
417 308 396 318
432 308 412 320
434 308 414 321
436 308 416 320
439 308 420 321
441 308 422 321
443 308 424 321
445 308 426 321
447 308 428 321
448 308 430 321
450 308 432 322
452 308 433 322
454 308 435 322
456 308 437 320
404 310 385 318
410 310 389 320
412 310 390 320
413 310 392 320
415 310 394 320
417 310 396 321
428 310 408 321
430 310 410 322
432 310 412 322
437 310 418 323
439 310 419 322
441 310 421 323
443 310 424 323
445 310 425 323
447 310 427 323
448 310 429 323
450 310 431 323
452 310 433 324
454 310 435 324
456 310 436 324
459 310 440 321
399 312 380 318
404 312 384 320
408 312 387 320
413 312 392 322
415 312 394 322
417 312 396 322
428 312 407 324
430 312 409 324
432 312 411 324
434 312 413 324
437 312 417 325
439 312 419 325
441 312 421 325
443 312 423 325
445 312 425 325
447 312 427 325
448 312 429 325
450 312 431 325
452 312 433 325
454 312 435 325
456 312 436 325
459 312 440 324
399 314 380 320
404 314 384 322
408 314 387 323
410 314 389 323
415 314 394 324
419 314 398 324
421 314 399 324
423 314 401 324
424 314 403 324
426 314 405 325
430 314 409 326
432 314 411 326
434 314 413 326
436 314 415 326
439 314 419 327
443 314 423 327
445 314 425 327
447 314 427 327
448 314 429 327
450 314 430 327
452 314 432 328
454 314 434 327
456 314 436 327
458 314 438 328
459 314 440 326
399 316 379 322
401 316 381 322
408 316 387 324
410 316 389 325
412 316 390 325
413 316 392 325
417 316 396 325
421 316 399 326
423 316 401 326
424 316 403 327
426 316 405 327
428 316 407 327
430 316 409 327
432 316 411 328
434 316 413 328
436 316 415 328
437 316 417 328
441 316 420 329
445 316 424 329
447 316 426 329
448 316 428 329
450 316 430 329
452 316 432 330
454 316 434 329
456 316 436 329
458 316 438 330
459 316 439 330
399 317 379 323
401 317 381 324
402 317 382 324
410 317 389 326
412 317 391 327
413 317 392 327
415 317 394 327
417 317 395 327
419 317 397 327
421 317 399 327
423 317 401 328
426 317 405 329
428 317 407 329
430 317 409 329
432 317 410 330
434 317 412 329
437 317 416 330
439 317 418 330
441 317 420 331
443 317 422 331
447 317 426 331
448 317 428 331
450 317 430 331
452 317 432 331
454 317 434 331
456 317 436 332
458 317 437 332
459 317 439 332
461 317 441 332
463 317 443 332
399 319 379 325
401 319 381 325
402 319 382 325
406 319 385 325
410 319 389 328
413 319 392 328
415 319 394 329
417 319 395 329
419 319 397 329
421 319 399 329
423 319 400 329
424 319 402 330
426 319 404 331
428 319 406 331
430 319 408 331
432 319 410 331
434 319 412 331
436 319 414 332
437 319 416 332
439 319 417 332
441 319 420 332
443 319 422 332
445 319 424 333
447 319 426 333
448 319 428 333
450 319 429 333
452 319 432 333
454 319 433 333
456 319 435 333
458 319 437 334
459 319 439 334
461 319 441 334
463 319 443 334
465 319 444 334
399 321 379 327
401 321 381 327
402 321 382 327
410 321 388 330
413 321 392 330
415 321 394 330
417 321 395 331
419 321 397 331
421 321 399 332
423 321 401 332
424 321 402 332
426 321 404 333
428 321 406 333
430 321 408 333
432 321 410 333
434 321 412 333
436 321 414 334
437 321 415 334
439 321 417 334
441 321 419 334
445 321 424 335
447 321 425 335
448 321 427 335
450 321 429 335
452 321 431 335
454 321 433 335
456 321 435 335
458 321 437 335
459 321 439 336
461 321 441 336
463 321 443 336
465 321 444 336
399 323 379 328
401 323 381 329
402 323 382 329
406 323 385 329
408 323 387 331
412 323 390 331
413 323 391 332
415 323 393 332
417 323 395 332
419 323 397 333
421 323 398 334
423 323 400 334
424 323 402 335
426 323 404 335
428 323 406 335
430 323 408 335
432 323 409 335
434 323 412 335
436 323 413 335
437 323 415 336
439 323 417 336
441 323 419 336
445 323 424 337
447 323 425 337
448 323 427 336
450 323 429 336
452 323 431 337
454 323 433 337
456 323 435 337
458 323 436 337
459 323 438 337
461 323 440 338
463 323 442 338
465 323 444 337
399 325 378 330
401 325 380 331
402 325 382 331
404 325 383 331
406 325 385 332
408 325 387 333
410 325 389 333
413 325 391 334
415 325 393 334
417 325 395 334
419 325 397 335
423 325 400 336
424 325 402 337
426 325 404 337
428 325 405 337
430 325 407 337
432 325 409 337
434 325 411 337
436 325 413 337
437 325 415 338
439 325 417 338
441 325 419 338
443 325 421 338
445 325 423 338
447 325 425 338
448 325 427 338
450 325 429 338
452 325 430 339
454 325 432 339
456 325 434 339
458 325 436 339
459 325 438 339
461 325 440 339
463 325 442 339
465 325 444 339
399 327 378 332
401 327 380 332
402 327 381 333
404 327 383 333
406 327 385 334
408 327 387 334
410 327 389 334
413 327 391 335
415 327 393 336
417 327 394 336
419 327 396 336
421 327 398 336
424 327 402 338
426 327 403 339
428 327 405 339
430 327 407 339
432 327 409 339
434 327 411 339
436 327 413 339
437 327 415 339
439 327 417 339
441 327 419 340
443 327 420 339
445 327 422 339
447 327 424 340
448 327 426 340
450 327 428 340
452 327 430 341
454 327 432 341
456 327 434 340
458 327 436 341
459 327 438 341
463 327 442 341
465 327 444 341
399 328 378 334
402 328 381 334
406 328 385 336
408 328 387 336
410 328 388 336
413 328 391 337
415 328 393 337
417 328 394 338
419 328 396 338
421 328 398 339
423 328 399 338
426 328 403 340
428 328 405 340
430 328 407 340
432 328 409 340
434 328 411 341
436 328 412 341
437 328 414 341
439 328 416 341
441 328 418 341
443 328 420 341
445 328 422 341
447 328 424 341
448 328 426 342
452 328 429 342
454 328 432 342
456 328 434 342
458 328 436 342
459 328 438 343
461 328 440 343
463 328 442 343
465 328 444 343
399 330 378 336
404 330 382 336
406 330 383 337
410 330 388 338
412 330 390 338
413 330 392 339
417 330 394 339
419 330 396 340
421 330 398 340
423 330 399 340
424 330 401 340
426 330 403 342
428 330 405 342
430 330 407 342
432 330 408 342
434 330 411 342
436 330 412 342
437 330 414 343
439 330 416 343
443 330 420 343
445 330 422 343
447 330 423 343
448 330 425 343
452 330 430 344
454 330 432 344
456 330 434 344
458 330 436 344
459 330 438 344
463 330 442 345
465 330 444 345
401 332 379 337
402 332 381 338
406 332 384 339
408 332 386 339
410 332 388 340
412 332 390 340
415 332 392 341
417 332 394 341
419 332 396 341
421 332 398 342
423 332 399 342
424 332 401 342
426 332 402 343
428 332 404 344
430 332 406 344
432 332 408 344
434 332 410 344
436 332 412 344
437 332 414 344
439 332 416 345
441 332 418 345
443 332 419 345
445 332 421 345
447 332 423 345
448 332 425 345
450 332 427 345
452 332 430 345
454 332 432 345
456 332 433 346
465 332 443 347
402 334 381 340
404 334 382 340
406 334 384 340
408 334 386 341
415 334 392 343
417 334 394 343
419 334 396 343
421 334 397 343
423 334 399 344
424 334 401 344
428 334 404 346
430 334 406 346
432 334 408 346
434 334 410 346
436 334 412 346
437 334 413 346
439 334 415 347
441 334 417 347
443 334 419 347
445 334 421 347
447 334 423 347
448 334 425 347
450 334 427 347
452 334 430 347
456 334 434 347
402 336 381 342
404 336 382 342
406 336 384 342
408 336 386 343
410 336 388 343
415 336 392 344
417 336 394 345
419 336 396 345
421 336 397 345
423 336 399 346
424 336 401 346
426 336 402 346
430 336 406 348
432 336 407 348
434 336 410 348
436 336 411 348
437 336 413 348
439 336 415 348
443 336 419 349
445 336 421 349
447 336 423 349
448 336 425 349
452 336 428 349
404 338 382 344
406 338 384 344
408 338 386 344
410 338 387 344
417 338 394 347
419 338 396 347
421 338 397 347
423 338 399 347
424 338 400 348
426 338 402 348
428 338 404 348
430 338 405 349
432 338 407 349
434 338 409 350
436 338 411 350
437 338 413 350
439 338 414 350
441 338 417 350
445 338 420 351
448 338 424 351
458 338 433 354
459 338 435 354
404 340 382 345
406 340 384 346
408 340 386 346
410 340 387 346
413 340 390 347
415 340 391 347
419 340 395 348
421 340 397 349
423 340 399 349
424 340 400 350
426 340 402 350
428 340 403 350
430 340 405 351
432 340 407 351
434 340 409 352
436 340 411 352
437 340 412 352
439 340 414 352
441 340 416 352
443 340 418 353
445 340 420 353
408 341 385 347
410 341 387 348
413 341 390 348
415 341 391 348
417 341 393 349
419 341 395 350
421 341 397 350
423 341 398 351
424 341 400 351
426 341 401 352
428 341 403 352
432 341 407 353
434 341 409 353
436 341 410 353
437 341 412 354
439 341 414 354
441 341 416 354
443 341 418 355
452 341 427 358
408 343 385 349
410 343 387 349
412 343 388 350
415 343 391 350
417 343 393 351
419 343 395 352
421 343 397 352
423 343 398 352
424 343 400 353
426 343 401 353
428 343 403 354
430 343 405 354
434 343 408 355
436 343 410 355
437 343 412 355
439 343 414 356
410 345 387 351
412 345 389 351
413 345 390 352
417 345 393 352
421 345 396 354
423 345 398 354
424 345 399 355
426 345 401 355
428 345 403 355
430 345 405 356
432 345 407 356
441 345 415 357
408 347 389 354
413 347 390 354
417 347 392 354
419 347 394 355
426 347 401 357
428 347 403 357
432 347 407 358
415 349 392 356
419 349 395 356
421 349 397 356
443 349 423 361
412 351 399 360
432 351 407 361
413 352 406 362
423 352 414 362
424 352 417 362
426 352 419 362
