430 299 410 314
432 299 412 314
434 299 414 314
436 299 416 315
437 299 419 318
439 299 421 317
441 299 422 317
445 299 425 317
450 299 429 315
430 301 410 315
432 301 413 318
434 301 415 319
436 301 417 319
439 301 420 319
441 301 421 319
443 301 423 319
447 301 426 319
448 301 427 319
450 301 429 320
430 303 411 321
432 303 413 321
434 303 414 320
436 303 416 320
437 303 417 320
439 303 419 320
441 303 421 321
443 303 422 321
447 303 425 321
448 303 427 321
450 303 428 321
428 305 407 320
430 305 410 323
432 305 412 323
434 305 413 322
436 305 415 322
437 305 417 322
439 305 418 322
441 305 420 322
443 305 422 323
447 305 424 322
448 305 426 322
430 306 409 324
434 306 413 324
436 306 414 324
437 306 416 323
439 306 418 324
441 306 419 324
447 306 424 324
448 306 426 324
450 306 427 324
452 306 429 325
413 308 392 324
415 308 394 325
417 308 396 325
428 308 407 325
430 308 409 326
432 308 411 325
434 308 412 326
436 308 413 326
439 308 417 325
441 308 419 325
445 308 423 325
448 308 425 325
450 308 426 326
399 310 412 316
428 310 407 327
430 310 409 327
432 310 410 327
434 310 412 327
436 310 413 328
437 310 415 328
439 310 416 327
443 310 419 327
445 310 420 328
447 310 423 327
448 310 424 327
452 310 427 327
454 310 428 327
399 312 411 318
404 312 385 325
410 312 389 326
413 312 393 326
415 312 395 327
417 312 397 327
428 312 406 329
430 312 408 329
432 312 410 329
434 312 411 329
436 312 413 329
437 312 414 329
439 312 416 329
443 312 419 329
445 312 420 329
447 312 422 329
448 312 423 329
450 312 425 329
454 312 428 329
456 312 430 329
406 314 386 327
408 314 387 328
410 314 389 328
412 314 391 328
413 314 393 328
421 314 399 328
426 314 404 328
428 314 406 331
430 314 407 331
432 314 409 330
434 314 411 331
436 314 412 331
437 314 414 331
441 314 417 330
443 314 418 331
445 314 419 331
447 314 421 331
448 314 422 331
454 314 427 331
456 314 429 331
406 316 385 329
408 316 387 330
410 316 389 330
412 316 391 330
413 316 392 330
415 316 394 329
417 316 396 329
419 316 398 329
423 316 400 330
424 316 401 329
428 316 405 332
430 316 407 332
432 316 408 332
434 316 410 332
436 316 412 332
437 316 413 332
441 316 416 332
443 316 417 332
445 316 418 333
448 316 422 333
452 316 425 332
454 316 427 332
456 316 428 332
458 316 430 333
410 317 388 332
413 317 392 331
415 317 395 330
417 317 395 332
419 317 397 332
424 317 401 330
428 317 404 334
430 317 406 334
432 317 407 334
434 317 410 333
436 317 412 333
441 317 415 334
443 317 416 334
445 317 418 334
447 317 420 334
450 317 423 334
452 317 425 334
454 317 426 334
456 317 427 334
458 317 429 334
459 317 431 333
424 319 400 334
426 319 402 335
428 319 404 335
430 319 405 336
432 319 407 336
434 319 409 335
437 319 411 335
439 319 413 335
441 319 414 335
443 319 416 335
445 319 417 336
448 319 420 335
450 319 422 335
452 319 424 336
454 319 425 335
456 319 427 335
458 319 428 336
395 321 385 327
419 321 395 334
421 321 397 335
424 321 400 336
426 321 401 337
428 321 403 337
430 321 404 338
434 321 408 337
437 321 411 337
439 321 412 337
441 321 414 337
443 321 415 337
448 321 420 337
450 321 421 337
452 321 423 337
454 321 425 337
456 321 426 337
458 321 428 337
461 321 430 337
463 321 432 337
423 323 398 337
424 323 399 337
426 323 401 338
428 323 402 339
432 323 404 339
436 323 408 339
437 323 410 339
439 323 412 339
441 323 413 339
443 323 415 339
447 323 418 338
448 323 419 339
450 323 421 339
452 323 422 339
454 323 424 339
456 323 425 339
461 323 430 338
463 323 431 338
421 325 396 337
426 325 400 339
428 325 402 340
432 325 404 341
436 325 408 341
437 325 409 340
439 325 411 341
441 325 413 341
443 325 414 340
447 325 417 340
448 325 419 340
450 325 420 340
452 325 421 341
454 325 423 340
459 325 428 340
461 325 429 340
463 325 431 340
421 327 395 338
424 327 398 339
428 327 401 341
430 327 403 342
436 327 407 342
437 327 409 342
441 327 412 342
443 327 413 342
447 327 416 342
448 327 418 342
450 327 419 342
452 327 421 342
454 327 423 342
456 327 424 342
459 327 427 341
461 327 429 341
463 327 430 342
465 327 432 341
402 328 392 336
419 328 393 339
421 328 394 340
424 328 398 340
426 328 399 341
430 328 402 343
434 328 405 343
436 328 407 344
439 328 410 343
441 328 411 344
443 328 413 344
447 328 416 343
448 328 417 343
450 328 419 343
452 328 420 344
454 328 422 343
459 328 427 343
461 328 428 343
463 328 430 343
465 328 432 343
423 330 395 341
424 330 396 342
430 330 401 343
434 330 405 345
436 330 406 345
437 330 407 345
439 330 409 345
443 330 412 345
447 330 415 345
448 330 417 345
450 330 418 345
454 330 422 345
458 330 426 344
423 332 394 343
424 332 396 343
426 332 397 344
430 332 401 345
432 332 402 346
436 332 406 347
439 332 408 347
443 332 411 347
445 332 413 346
447 332 414 346
448 332 416 347
450 332 418 347
452 332 419 347
454 332 421 348
456 332 423 348
424 334 395 345
426 334 396 345
430 334 400 347
434 334 403 348
436 334 405 348
437 334 406 348
439 334 408 348
443 334 411 348
445 334 412 348
447 334 414 348
448 334 415 348
450 334 417 349
452 334 419 349
454 334 421 350
402 336 381 335
421 336 391 344
423 336 393 345
428 336 398 347
432 336 401 347
434 336 403 349
436 336 404 350
441 336 409 350
443 336 410 350
445 336 412 350
447 336 413 350
448 336 415 350
417 338 403 346
423 338 392 346
424 338 394 347
426 338 395 348
428 338 397 348
430 338 399 348
434 338 402 351
436 338 403 351
437 338 405 351
441 338 408 351
443 338 410 352
445 338 411 352
447 338 413 351
458 338 427 348
424 340 393 348
426 340 395 349
428 340 396 350
430 340 398 350
432 340 400 352
434 340 401 352
436 340 403 353
437 340 405 352
441 340 407 353
443 340 409 353
445 340 411 354
404 341 381 340
428 341 396 351
430 341 398 352
436 341 402 354
437 341 404 354
439 341 406 354
443 341 408 355
413 343 395 351
408 349 392 350
445 349 417 354
