430 299 409 309
432 299 414 309
434 299 416 309
436 299 418 309
437 299 420 309
439 299 422 309
441 299 424 309
443 299 426 309
445 299 428 309
447 299 430 309
448 299 431 309
450 299 433 309
430 301 412 310
432 301 414 311
434 301 416 311
436 301 418 311
437 301 420 311
439 301 422 311
441 301 424 311
443 301 426 311
445 301 428 311
447 301 430 312
448 301 431 311
450 301 433 311
452 301 435 311
456 301 439 310
430 303 411 312
432 303 413 312
434 303 416 313
436 303 417 313
437 303 420 313
439 303 422 313
441 303 424 313
443 303 426 313
445 303 428 313
447 303 430 314
448 303 431 314
450 303 433 314
452 303 435 313
454 303 437 313
428 305 409 314
430 305 411 314
432 305 413 314
434 305 415 314
436 305 417 315
437 305 419 315
439 305 421 315
441 305 423 315
443 305 425 315
445 305 427 315
447 305 429 315
448 305 431 315
450 305 433 316
452 305 435 316
454 305 437 316
456 305 439 314
428 306 409 315
430 306 411 315
432 306 413 316
434 306 415 316
436 306 417 316
437 306 419 317
439 306 421 316
441 306 423 317
443 306 425 317
445 306 427 317
447 306 429 317
448 306 431 317
450 306 433 317
452 306 435 318
454 306 437 318
456 306 438 316
410 308 389 315
412 308 391 315
415 308 395 315
428 308 409 317
430 308 411 317
432 308 413 317
434 308 415 317
436 308 417 318
437 308 419 318
439 308 421 319
441 308 423 318
443 308 425 318
445 308 427 319
447 308 429 319
448 308 431 319
450 308 433 319
452 308 435 320
454 308 437 320
456 308 438 317
458 308 440 317
406 310 386 317
408 310 387 318
410 310 389 318
412 310 391 318
413 310 393 317
415 310 395 317
430 310 411 319
432 310 413 319
434 310 415 319
436 310 417 320
437 310 419 320
439 310 421 320
441 310 423 320
443 310 425 320
445 310 427 321
447 310 429 321
448 310 431 321
450 310 433 321
452 310 435 321
454 310 437 322
456 310 439 322
458 310 440 319
459 310 442 319
399 312 381 319
401 312 382 319
402 312 384 319
408 312 387 319
410 312 389 320
412 312 391 320
413 312 393 319
415 312 395 320
417 312 397 320
428 312 409 321
430 312 411 321
432 312 413 321
434 312 415 321
436 312 416 322
437 312 418 322
439 312 421 322
441 312 423 322
443 312 425 322
445 312 427 322
447 312 429 323
448 312 431 323
450 312 433 323
452 312 435 323
454 312 437 323
456 312 439 323
458 312 440 324
459 312 443 323
399 314 381 321
401 314 382 321
402 314 384 321
406 314 386 321
408 314 387 321
410 314 389 321
412 314 391 321
413 314 393 322
415 314 395 322
417 314 397 322
421 314 400 322
423 314 402 322
424 314 404 322
426 314 406 323
428 314 408 323
430 314 410 323
432 314 413 323
434 314 414 323
436 314 416 324
437 314 418 324
439 314 420 324
441 314 422 324
443 314 425 324
445 314 427 324
447 314 428 325
448 314 430 325
450 314 432 325
452 314 435 325
454 314 436 325
456 314 438 325
458 314 441 326
459 314 443 325
395 316 378 322
399 316 380 323
401 316 382 323
402 316 384 323
404 316 386 324
408 316 387 323
410 316 389 323
413 316 393 324
415 316 395 324
417 316 396 324
419 316 398 324
421 316 400 324
423 316 402 324
426 316 406 325
428 316 408 325
430 316 410 325
432 316 412 325
434 316 414 325
436 316 416 326
437 316 418 326
439 316 420 326
441 316 422 326
443 316 424 326
445 316 426 327
447 316 428 327
448 316 430 327
450 316 432 327
452 316 434 327
454 316 436 327
456 316 438 327
458 316 440 327
399 317 380 324
401 317 382 325
402 317 384 325
404 317 385 325
410 317 389 325
412 317 391 325
415 317 395 325
417 317 397 326
419 317 398 325
421 317 400 326
423 317 402 326
424 317 404 327
426 317 406 327
428 317 408 327
430 317 410 327
432 317 412 327
434 317 414 327
436 317 416 327
437 317 418 327
439 317 420 327
441 317 422 328
443 317 424 328
445 317 426 328
447 317 428 328
448 317 430 328
450 317 432 329
452 317 434 329
454 317 436 329
456 317 438 329
458 317 440 329
459 317 442 329
461 317 444 329
463 317 445 329
399 319 380 326
401 319 382 327
402 319 384 327
404 319 385 327
406 319 387 327
408 319 388 327
412 319 391 327
413 319 393 327
415 319 395 327
417 319 397 328
419 319 398 327
421 319 400 328
423 319 402 328
424 319 404 328
426 319 405 328
428 319 408 329
430 319 410 328
432 319 412 329
434 319 414 329
436 319 416 329
437 319 418 329
439 319 420 329
441 319 422 330
443 319 424 330
445 319 426 330
447 319 428 330
448 319 430 330
450 319 432 331
452 319 434 331
454 319 436 331
456 319 438 331
458 319 440 331
459 319 442 331
461 319 444 331
463 319 445 331
397 321 379 328
399 321 381 329
402 321 384 329
404 321 385 329
406 321 387 329
408 321 388 329
410 321 390 329
412 321 392 329
413 321 393 329
417 321 397 330
419 321 398 330
421 321 400 330
423 321 402 330
424 321 404 330
428 321 407 330
430 321 410 330
432 321 412 330
434 321 414 331
436 321 416 331
437 321 418 331
439 321 420 331
441 321 422 332
443 321 424 332
445 321 426 332
447 321 428 332
448 321 430 332
450 321 432 332
452 321 434 332
454 321 436 333
456 321 438 333
458 321 440 332
459 321 442 333
461 321 443 333
463 321 445 333
465 321 446 332
397 323 379 330
399 323 381 331
402 323 384 331
404 323 385 331
406 323 387 331
408 323 389 331
410 323 390 331
412 323 392 331
413 323 394 331
415 323 395 331
419 323 398 332
421 323 400 332
423 323 402 332
424 323 404 332
426 323 405 332
428 323 407 332
430 323 409 333
432 323 411 333
434 323 413 333
436 323 415 333
437 323 417 333
439 323 419 333
441 323 422 333
443 323 423 333
445 323 426 334
448 323 430 334
450 323 431 334
452 323 433 334
454 323 436 334
456 323 437 335
458 323 440 334
459 323 442 335
463 323 445 335
465 323 447 334
397 325 379 332
399 325 381 332
402 325 383 332
404 325 385 333
406 325 387 333
408 325 389 333
410 325 390 333
412 325 392 333
413 325 394 333
415 325 395 333
419 325 398 334
421 325 400 334
423 325 402 334
424 325 403 334
426 325 405 334
428 325 407 334
430 325 409 335
432 325 412 334
434 325 413 335
436 325 415 335
437 325 417 335
439 325 419 335
441 325 421 335
443 325 423 335
445 325 425 335
447 325 428 336
448 325 429 336
450 325 431 336
452 325 433 336
454 325 435 336
456 325 437 336
458 325 439 337
459 325 441 337
461 325 443 337
463 325 445 337
465 325 447 336
397 327 379 334
399 327 381 334
402 327 383 335
404 327 385 335
406 327 387 335
408 327 389 335
410 327 390 335
412 327 392 335
413 327 394 335
415 327 395 335
419 327 398 335
421 327 400 336
423 327 401 336
424 327 403 336
426 327 405 336
428 327 407 336
430 327 409 336
432 327 411 336
434 327 413 337
436 327 415 337
437 327 417 337
439 327 419 337
441 327 421 337
443 327 423 337
445 327 425 337
447 327 427 337
448 327 429 338
450 327 431 338
452 327 433 338
454 327 435 338
456 327 437 338
458 327 439 339
459 327 442 339
461 327 443 339
463 327 445 339
465 327 447 338
402 328 383 336
406 328 387 337
408 328 388 337
410 328 390 337
412 328 392 337
413 328 394 337
415 328 395 337
417 328 397 337
421 328 399 337
423 328 401 337
424 328 403 338
426 328 405 337
428 328 407 338
430 328 409 338
432 328 411 338
434 328 413 338
436 328 415 338
437 328 417 339
439 328 419 339
441 328 421 339
443 328 423 339
445 328 425 339
447 328 427 339
448 328 429 340
450 328 431 340
452 328 433 340
456 328 437 340
458 328 439 340
461 328 443 341
465 328 447 340
401 330 382 338
404 330 385 338
406 330 387 338
408 330 388 338
410 330 390 338
412 330 392 339
413 330 394 339
415 330 395 339
417 330 397 339
419 330 398 339
423 330 402 339
424 330 403 339
426 330 405 340
428 330 407 340
430 330 409 340
432 330 411 340
434 330 413 340
436 330 415 340
437 330 417 340
439 330 419 340
441 330 421 341
443 330 423 341
445 330 425 341
447 330 427 341
448 330 429 342
450 330 431 342
452 330 433 342
454 330 435 342
456 330 437 342
465 330 447 342
402 332 384 340
404 332 386 340
408 332 388 340
410 332 390 340
412 332 392 340
413 332 393 341
415 332 395 341
417 332 397 341
419 332 398 341
421 332 400 341
424 332 403 341
426 332 405 342
428 332 407 342
430 332 408 342
432 332 411 342
434 332 413 342
436 332 415 342
437 332 416 342
439 332 418 342
441 332 420 342
443 332 423 343
445 332 425 343
447 332 426 343
448 332 428 343
450 332 430 344
454 332 435 344
458 332 439 344
459 332 441 344
461 332 443 344
463 332 445 344
465 332 446 344
404 334 385 342
408 334 388 342
410 334 390 342
412 334 392 342
413 334 393 343
415 334 395 343
417 334 397 343
419 334 398 343
421 334 400 343
423 334 402 343
426 334 404 343
428 334 406 343
430 334 408 343
432 334 410 344
434 334 412 344
436 334 414 344
437 334 416 344
439 334 418 344
441 334 420 344
443 334 422 345
445 334 424 345
447 334 426 345
448 334 428 345
450 334 430 346
452 334 433 345
458 334 439 345
459 334 441 345
463 334 445 345
402 336 382 342
404 336 385 344
406 336 387 344
410 336 390 344
412 336 392 344
413 336 393 344
415 336 395 345
417 336 396 345
419 336 398 345
421 336 400 345
423 336 402 345
426 336 405 345
428 336 406 345
430 336 408 345
432 336 410 345
434 336 412 346
436 336 414 346
437 336 416 346
439 336 418 346
441 336 420 346
443 336 422 346
445 336 424 347
447 336 426 347
448 336 428 347
450 336 431 347
452 336 433 347
456 336 435 347
458 336 437 346
459 336 439 346
404 338 385 346
406 338 387 346
410 338 390 346
412 338 392 346
413 338 393 346
415 338 395 346
417 338 397 346
419 338 398 347
421 338 400 347
423 338 402 347
426 338 405 347
428 338 406 347
430 338 408 347
432 338 410 347
434 338 412 347
436 338 414 347
437 338 416 348
439 338 418 348
441 338 420 348
445 338 424 349
447 338 426 349
448 338 428 349
452 338 433 348
456 338 435 348
458 338 437 348
404 340 385 348
406 340 387 348
410 340 390 348
412 340 392 348
413 340 393 348
415 340 395 348
417 340 396 348
419 340 398 348
421 340 400 349
423 340 402 349
424 340 403 349
428 340 406 349
430 340 408 349
432 340 410 349
434 340 412 349
436 340 413 349
437 340 416 350
439 340 418 350
441 340 420 350
447 340 426 351
450 340 430 350
452 340 431 350
454 340 433 350
456 340 435 350
404 341 385 350
406 341 387 350
408 341 389 350
412 341 392 350
413 341 393 350
415 341 395 350
417 341 396 350
419 341 398 350
421 341 400 350
423 341 402 350
424 341 403 351
426 341 405 351
430 341 408 351
434 341 412 351
436 341 414 351
437 341 416 351
439 341 418 352
441 341 420 353
445 341 424 352
450 341 430 352
454 341 431 354
408 343 389 352
410 343 390 352
413 343 393 352
415 343 395 352
417 343 397 352
419 343 398 352
421 343 400 352
423 343 402 352
424 343 403 352
426 343 405 353
428 343 407 353
430 343 408 353
432 343 410 353
434 343 412 353
436 343 413 353
437 343 415 353
439 343 417 353
408 345 389 353
410 345 390 353
413 345 393 354
415 345 395 354
417 345 397 354
419 345 398 354
421 345 400 354
423 345 402 354
424 345 403 354
426 345 405 355
434 345 411 355
436 345 413 355
437 345 415 356
439 345 418 355
441 345 419 355
408 347 389 355
410 347 391 355
412 347 392 356
415 347 395 356
419 347 398 356
423 347 401 356
434 347 411 357
437 347 415 357
410 349 391 357
412 349 392 357
415 349 395 358
417 349 396 358
419 349 398 358
421 349 400 358
412 351 392 359
413 351 394 359
415 351 395 359
419 351 398 359
421 351 400 359
423 351 402 359
426 351 403 360
415 352 394 360
417 352 396 360
426 352 403 361
