430 299 409 313
432 299 412 313
437 299 417 313
439 299 421 316
441 299 422 316
443 299 424 316
445 299 426 316
447 299 426 313
448 299 428 314
450 299 430 314
452 299 432 313
432 301 413 316
434 301 415 316
436 301 416 316
439 301 420 318
441 301 421 318
443 301 423 318
445 301 425 318
448 301 428 317
450 301 430 318
452 301 433 319
454 301 434 316
432 303 412 318
434 303 414 318
436 303 416 318
437 303 418 319
439 303 419 319
441 303 421 319
443 303 423 320
448 303 427 320
450 303 429 320
428 305 408 316
430 305 410 321
434 305 413 320
436 305 415 320
437 305 417 321
439 305 419 321
441 305 420 321
443 305 422 322
445 305 424 321
448 305 427 322
450 305 429 322
452 305 430 322
428 306 408 322
430 306 410 323
434 306 413 323
436 306 415 322
437 306 416 323
439 306 418 323
441 306 420 323
443 306 422 323
445 306 424 323
447 306 425 323
450 306 428 323
452 306 430 324
412 308 391 322
413 308 393 322
415 308 394 322
417 308 396 323
428 308 408 324
432 308 411 324
434 308 413 325
436 308 414 324
437 308 416 325
439 308 417 325
441 308 419 325
443 308 421 325
445 308 424 324
447 308 425 325
450 308 427 325
452 308 429 325
454 308 431 325
456 308 433 325
404 310 385 322
410 310 389 323
412 310 391 324
413 310 392 324
428 310 407 326
432 310 410 326
434 310 412 326
436 310 413 326
437 310 415 326
439 310 417 326
441 310 419 326
445 310 421 327
448 310 425 327
450 310 426 327
452 310 428 327
454 310 430 327
456 310 432 328
402 312 383 324
410 312 389 325
412 312 391 325
415 312 394 325
417 312 396 325
428 312 406 327
430 312 408 328
432 312 410 328
434 312 411 328
436 312 413 328
437 312 415 328
439 312 417 328
443 312 419 329
445 312 421 329
447 312 423 328
448 312 425 328
450 312 426 329
452 312 428 329
454 312 430 329
456 312 432 330
408 314 387 326
410 314 389 327
415 314 394 326
417 314 396 327
419 314 398 327
428 314 406 329
430 314 407 329
432 314 409 330
436 314 412 330
437 314 414 330
439 314 416 330
443 314 418 330
445 314 420 330
447 314 422 330
448 314 424 330
450 314 426 330
452 314 427 330
454 314 429 331
408 316 387 328
410 316 389 328
415 316 394 328
417 316 396 328
419 316 397 329
421 316 399 329
424 316 401 330
428 316 405 331
430 316 407 331
432 316 408 331
434 316 410 331
436 316 412 331
437 316 414 332
439 316 416 332
443 316 418 332
445 316 420 332
447 316 422 332
448 316 424 332
450 316 425 332
452 316 427 332
456 316 431 332
408 317 387 329
410 317 389 330
412 317 391 330
413 317 393 329
417 317 395 330
419 317 396 331
421 317 398 331
424 317 401 332
426 317 403 332
428 317 405 333
430 317 407 333
432 317 408 333
434 317 410 332
436 317 412 333
437 317 413 333
439 317 415 334
443 317 418 334
447 317 421 334
448 317 423 333
450 317 425 334
456 317 430 334
458 317 431 334
459 317 432 334
465 317 441 331
417 319 394 332
419 319 396 333
423 319 399 333
426 319 402 334
428 319 404 334
430 319 406 335
432 319 407 335
434 319 410 334
436 319 412 334
439 319 413 335
441 319 416 335
445 319 419 335
447 319 421 335
448 319 422 335
450 319 424 335
456 319 429 335
458 319 431 336
459 319 432 336
465 319 441 334
408 321 385 326
423 321 398 335
424 321 400 335
426 321 402 336
428 321 404 336
430 321 405 336
434 321 409 336
436 321 411 336
437 321 412 336
441 321 415 337
443 321 417 337
445 321 419 337
447 321 420 337
448 321 422 337
450 321 423 337
454 321 427 337
456 321 428 337
458 321 430 338
459 321 432 338
408 323 385 328
424 323 400 337
426 323 401 338
428 323 403 338
432 323 407 338
434 323 408 338
437 323 411 339
439 323 413 339
441 323 415 339
443 323 416 338
445 323 418 338
447 323 419 339
448 323 421 339
454 323 426 339
456 323 428 339
458 323 430 339
459 323 431 339
461 323 433 339
404 325 380 327
410 325 386 332
413 325 389 332
417 325 393 336
421 325 396 337
423 325 397 337
428 325 402 340
430 325 405 339
432 325 406 340
434 325 407 340
437 325 411 340
439 325 412 340
441 325 414 340
443 325 416 340
445 325 417 340
447 325 419 340
450 325 422 341
454 325 425 341
456 325 427 341
458 325 429 341
461 325 432 340
404 327 380 329
413 327 388 334
415 327 390 335
417 327 392 336
423 327 397 338
424 327 398 339
426 327 400 339
428 327 402 342
430 327 404 341
432 327 405 341
434 327 407 342
436 327 409 342
439 327 412 342
441 327 413 342
443 327 415 342
445 327 417 342
448 327 420 342
450 327 421 342
452 327 423 342
454 327 425 342
456 327 427 342
458 327 428 342
459 327 430 342
461 327 432 342
415 328 389 336
423 328 396 340
424 328 398 340
426 328 400 341
430 328 403 343
432 328 405 343
434 328 407 343
436 328 408 343
439 328 411 343
443 328 415 344
445 328 416 343
452 328 423 344
454 328 424 344
456 328 426 344
458 328 428 344
459 328 430 344
461 328 432 344
463 328 434 344
465 328 435 344
404 330 379 332
406 330 381 333
408 330 382 333
413 330 387 337
417 330 391 339
419 330 392 339
421 330 394 340
424 330 397 342
426 330 399 343
430 330 403 344
432 330 404 345
434 330 406 345
437 330 409 345
441 330 412 345
443 330 414 345
445 330 416 345
448 330 419 345
450 330 420 345
452 330 422 346
454 330 424 346
456 330 426 346
459 330 430 345
463 330 432 346
402 332 377 331
406 332 380 334
408 332 382 334
413 332 387 338
419 332 392 341
421 332 394 342
423 332 395 343
430 332 401 344
432 332 404 346
436 332 407 346
439 332 410 347
441 332 412 347
443 332 413 347
445 332 415 347
448 332 418 346
450 332 420 347
452 332 422 347
454 332 423 347
456 332 426 347
461 332 430 347
463 332 432 347
406 334 379 334
408 334 381 336
413 334 386 340
415 334 388 341
417 334 390 341
426 334 398 345
428 334 399 345
430 334 401 346
432 334 403 346
434 334 405 348
436 334 406 348
437 334 408 348
439 334 409 348
441 334 411 348
443 334 413 348
448 334 418 348
450 334 419 349
452 334 421 349
461 334 429 349
463 334 431 349
406 336 378 336
408 336 380 336
415 336 387 342
419 336 390 343
421 336 392 343
424 336 395 346
426 336 397 346
428 336 399 347
430 336 401 348
432 336 402 348
437 336 407 350
439 336 409 350
441 336 411 350
443 336 412 350
447 336 415 351
450 336 419 350
452 336 421 350
461 336 429 351
406 338 378 337
408 338 380 338
410 338 381 339
412 338 383 339
419 338 390 344
421 338 391 345
424 338 395 347
426 338 397 348
428 338 398 348
430 338 400 349
432 338 402 350
434 338 404 351
436 338 405 351
437 338 407 352
439 338 408 352
441 338 410 352
445 338 413 352
447 338 415 352
406 340 379 340
410 340 381 340
412 340 383 341
415 340 386 344
419 340 389 346
421 340 391 346
423 340 393 347
426 340 396 349
428 340 398 350
430 340 399 350
432 340 401 352
434 340 403 352
436 340 404 353
437 340 406 353
439 340 408 353
441 340 410 353
443 340 411 354
445 340 414 354
412 341 382 342
413 341 384 343
419 341 389 347
421 341 391 348
423 341 392 349
424 341 394 350
430 341 399 352
432 341 401 354
434 341 402 355
436 341 404 354
437 341 406 355
439 341 408 355
441 341 410 355
443 341 411 355
454 341 425 354
413 343 383 345
424 343 393 351
430 343 399 354
432 343 400 355
436 343 403 356
437 343 405 356
439 343 408 357
408 345 390 350
413 345 396 354
432 345 400 357
434 345 402 357
436 345 403 358
437 345 405 358
