447 301 423 321
445 305 420 325
441 306 416 326
445 306 419 326
447 306 421 326
450 306 424 326
441 308 416 328
439 310 413 329
445 310 418 329
450 310 422 328
439 312 413 331
450 312 421 330
439 314 412 333
447 314 417 332
448 314 419 332
454 314 423 332
432 316 405 334
437 316 410 334
439 316 412 335
445 316 415 334
447 316 417 334
437 317 409 336
445 317 414 335
447 317 416 335
454 317 422 334
441 319 411 338
450 319 418 336
454 319 421 336
454 321 420 337
456 321 421 337
458 321 423 337
404 323 378 325
424 323 397 337
454 323 419 339
459 323 423 339
406 325 379 327
424 325 396 339
450 325 416 341
454 325 418 341
456 325 420 340
459 325 422 340
401 327 374 325
402 327 375 325
404 327 377 327
424 327 395 341
426 327 397 341
448 327 413 342
450 327 415 342
448 328 413 343
454 328 417 343
443 330 408 346
445 330 410 346
448 330 412 345
452 330 414 345
441 332 406 347
443 332 407 347
448 332 411 347
441 334 405 349
447 334 409 348
428 338 393 347
430 338 395 348
432 338 397 348
430 340 394 349
432 340 396 350
