436 301 409 302
441 301 412 306
447 301 423 321
450 301 429 308
452 303 429 324
445 305 420 325
452 305 426 325
454 305 430 326
441 306 416 326
445 306 419 326
447 306 421 326
450 306 424 326
452 306 425 326
395 308 385 300
441 308 416 328
428 310 382 306
439 310 413 329
445 310 418 329
447 310 404 321
448 310 406 322
450 310 422 328
454 310 425 329
456 310 426 329
439 312 413 331
450 312 421 330
452 312 409 323
454 312 424 330
456 312 426 331
424 314 377 304
439 314 412 333
447 314 417 332
448 314 419 332
450 314 421 317
452 314 422 317
454 314 423 332
428 316 382 309
432 316 405 334
437 316 410 334
439 316 412 335
445 316 415 334
447 316 417 334
450 316 419 321
458 316 428 333
408 317 376 305
430 317 387 309
437 317 409 336
445 317 414 335
447 317 416 335
454 317 422 334
456 317 424 335
430 319 387 311
436 319 392 310
439 319 410 322
441 319 411 338
450 319 418 336
454 319 421 336
461 319 426 336
434 321 404 323
454 321 420 337
456 321 421 337
458 321 423 337
461 321 425 337
404 323 378 325
424 323 397 337
430 323 386 319
436 323 405 325
443 323 411 326
447 323 414 327
454 323 419 339
459 323 423 339
461 323 425 339
406 325 379 327
424 325 396 339
443 325 410 328
445 325 412 328
447 325 413 325
450 325 416 341
454 325 418 341
456 325 420 340
459 325 422 340
461 325 424 341
465 325 427 339
401 327 374 325
402 327 375 325
404 327 377 327
424 327 395 341
426 327 397 341
441 327 408 329
443 327 410 329
448 327 413 342
450 327 415 342
456 327 419 342
459 327 421 342
421 328 378 330
441 328 408 331
443 328 409 331
448 328 413 343
454 328 417 343
456 328 419 343
459 328 421 344
443 330 408 346
445 330 410 346
448 330 412 345
452 330 414 345
454 330 417 345
408 332 377 316
410 332 379 317
436 332 402 331
441 332 406 347
443 332 407 347
447 332 411 332
448 332 411 347
406 334 373 315
441 334 405 349
445 334 409 333
447 334 409 348
406 336 373 317
408 336 375 318
413 336 381 323
415 336 382 324
437 336 402 335
439 336 403 335
408 338 374 319
410 338 376 320
428 338 393 347
430 338 395 348
432 338 397 348
437 338 401 337
404 340 372 319
430 340 394 349
432 340 396 350
437 340 400 338
406 341 373 321
417 345 380 330
421 345 384 333
434 345 383 339
417 347 380 331
419 347 382 332
419 349 381 334
421 349 383 335
424 351 387 342
421 352 383 341
424 352 386 344
