414 308 413 308
416 308 415 308
417 308 417 308
420 308 420 308
421 308 421 308
423 308 423 308
428 308 428 308
430 308 430 308
431 308 431 308
432 308 432 308
434 308 434 308
435 308 435 308
414 309 413 309
416 309 415 309
417 309 417 309
418 309 418 309
420 309 420 309
421 309 421 309
423 309 423 309
424 309 424 309
425 309 425 309
427 309 427 309
428 309 428 309
430 309 430 309
431 309 431 309
435 309 435 309
411 311 411 311
413 311 413 311
414 311 414 311
417 311 416 311
418 311 418 311
420 311 420 311
421 311 421 311
423 311 423 311
424 311 424 311
425 311 425 311
427 311 427 311
428 311 428 311
430 311 430 310
431 311 431 311
409 312 409 311
410 312 410 312
411 312 411 312
413 312 413 312
414 312 414 312
418 312 418 312
420 312 420 312
421 312 421 312
423 312 423 312
424 312 424 312
425 312 425 312
427 312 427 312
428 312 428 312
430 312 430 312
409 313 409 313
410 313 410 313
411 313 411 313
413 313 413 313
414 313 414 313
425 313 425 313
427 313 427 313
428 313 428 313
430 313 430 313
431 313 431 313
407 315 407 314
409 315 409 314
410 315 410 315
411 315 411 315
413 315 413 315
414 315 414 315
416 315 416 315
421 315 421 315
423 315 423 315
424 315 424 315
427 315 427 315
407 316 407 316
409 316 409 316
410 316 410 316
411 316 411 316
413 316 413 316
414 316 414 316
416 316 416 316
417 316 417 316
421 316 421 316
423 316 423 316
424 316 424 316
425 316 425 316
407 318 407 318
409 318 409 318
410 318 410 318
411 318 411 318
413 318 413 318
414 318 414 318
416 318 416 318
417 318 417 318
421 318 421 318
423 318 423 318
424 318 424 318
425 318 425 317
432 318 432 318
407 319 407 319
409 319 409 319
410 319 410 319
411 319 411 319
413 319 413 319
414 319 414 319
416 319 416 319
417 319 417 319
420 319 420 319
421 319 421 319
423 319 423 319
424 319 424 319
431 319 431 319
407 320 407 320
409 320 409 320
410 320 410 320
411 320 411 320
413 320 413 320
414 320 414 320
416 320 416 320
417 320 417 320
420 320 420 320
421 320 421 320
423 320 423 321
424 320 424 320
431 320 431 321
432 320 432 320
434 320 434 320
404 322 404 321
406 322 406 322
407 322 407 322
409 322 409 322
410 322 410 322
411 322 411 322
413 322 413 322
414 322 414 322
416 322 416 322
417 322 417 322
420 322 420 322
421 322 421 322
430 322 430 322
431 322 431 322
432 322 432 322
404 323 404 323
406 323 406 323
407 323 407 323
410 323 410 323
411 323 411 324
413 323 413 324
414 323 414 324
416 323 416 323
418 323 418 323
420 323 420 323
421 323 421 323
423 323 423 323
425 323 425 323
427 323 427 323
430 323 430 324
435 323 435 323
410 325 410 325
413 325 413 325
414 325 414 325
416 325 416 325
431 325 431 324
434 325 434 325
404 326 404 326
406 326 406 326
409 326 409 326
411 326 411 326
417 326 417 326
420 326 420 326
421 326 421 326
424 326 424 326
425 326 425 326
427 326 427 326
430 326 430 326
388 327 387 327
389 327 389 327
390 327 390 327
392 327 392 327
393 327 393 327
395 327 395 327
397 327 398 327
399 327 399 327
400 327 400 327
403 327 403 327
404 327 404 327
406 327 406 327
407 327 407 327
409 327 409 327
410 327 410 327
411 327 411 327
414 327 414 327
416 327 416 327
417 327 417 327
420 327 420 327
421 327 421 327
424 327 424 327
431 327 431 327
434 327 434 327
435 327 435 327
388 329 388 328
389 329 389 328
390 329 390 328
392 329 392 328
393 329 393 329
395 329 395 329
396 329 396 329
397 329 397 329
399 329 399 329
400 329 400 329
403 329 403 329
404 329 404 329
406 329 406 329
407 329 407 329
409 329 409 329
410 329 410 329
411 329 411 329
413 329 413 329
414 329 414 329
416 329 416 329
417 329 417 329
418 329 419 329
421 329 421 329
423 329 423 329
424 329 424 329
425 329 425 329
427 329 427 329
431 329 431 328
432 329 432 328
434 329 434 328
435 329 435 328
388 330 388 330
389 330 389 330
390 330 390 330
392 330 392 330
393 330 393 330
395 330 395 330
396 330 396 330
399 330 399 330
402 330 402 330
403 330 403 330
404 330 404 330
406 330 406 330
407 330 407 330
409 330 409 330
410 330 410 330
411 330 411 330
413 330 413 330
414 330 414 330
416 330 416 330
417 330 417 330
418 330 419 330
421 330 421 330
423 330 423 330
424 330 424 330
427 330 427 330
430 330 430 330
431 330 431 330
432 330 432 330
434 330 434 330
435 330 435 330
389 332 389 332
390 332 391 332
392 332 392 332
393 332 393 332
395 332 395 332
396 332 396 332
397 332 397 332
399 332 399 331
402 332 402 332
403 332 403 332
404 332 404 332
406 332 406 332
407 332 407 332
409 332 409 332
410 332 410 332
411 332 411 332
413 332 413 332
414 332 414 332
416 332 416 332
417 332 417 332
418 332 418 332
421 332 421 332
423 332 423 332
424 332 424 332
425 332 425 332
427 332 427 332
428 332 428 332
431 332 431 332
432 332 432 331
435 332 435 332
388 333 388 333
389 333 389 333
390 333 390 333
392 333 392 333
393 333 393 333
395 333 395 333
396 333 396 333
397 333 397 333
399 333 399 333
402 333 402 333
403 333 403 333
404 333 404 333
406 333 406 333
407 333 407 333
409 333 409 333
410 333 410 333
411 333 411 333
413 333 413 333
414 333 414 333
416 333 416 333
417 333 417 333
420 333 420 333
421 333 421 333
423 333 423 333
424 333 424 333
425 333 425 333
427 333 427 333
428 333 428 333
430 333 430 333
388 334 388 334
389 334 389 334
390 334 390 334
392 334 392 334
393 334 393 334
395 334 395 334
396 334 396 334
397 334 397 334
399 334 399 334
402 334 402 334
403 334 403 334
404 334 404 334
406 334 406 334
407 334 407 334
409 334 409 334
410 334 410 334
411 334 411 334
413 334 413 334
414 334 414 334
416 334 416 334
417 334 417 334
418 334 418 334
421 334 421 334
423 334 423 335
425 334 425 335
427 334 427 335
428 334 428 334
430 334 429 334
431 334 431 334
432 334 432 333
386 336 386 336
388 336 388 336
389 336 389 336
390 336 390 336
392 336 392 336
393 336 393 336
395 336 395 336
396 336 396 336
397 336 397 336
399 336 399 336
402 336 402 336
403 336 403 336
404 336 404 336
406 336 406 336
407 336 407 336
409 336 409 336
410 336 410 336
411 336 411 336
413 336 413 336
414 336 414 336
416 336 416 336
417 336 417 336
418 336 418 336
421 336 421 336
423 336 423 336
424 336 424 336
425 336 425 336
427 336 427 336
428 336 428 336
430 336 430 336
431 336 431 336
386 337 386 337
388 337 388 337
389 337 389 337
390 337 390 337
393 337 393 337
395 337 395 337
396 337 396 337
397 337 398 337
399 337 399 337
402 337 402 337
403 337 403 337
404 337 404 337
406 337 406 337
407 337 407 337
409 337 409 337
410 337 410 337
411 337 412 337
413 337 413 337
414 337 414 337
416 337 416 337
417 337 417 337
420 337 420 337
421 337 421 337
423 337 423 337
424 337 424 337
425 337 425 337
427 337 427 337
428 337 428 337
430 337 430 337
431 337 431 337
386 339 386 339
389 339 389 339
392 339 392 339
393 339 393 339
395 339 395 339
396 339 396 339
397 339 397 339
399 339 399 339
402 339 402 339
403 339 403 339
404 339 404 339
406 339 406 339
407 339 407 339
409 339 409 339
410 339 410 339
411 339 411 339
413 339 413 339
414 339 414 339
416 339 416 339
417 339 417 339
420 339 420 339
421 339 421 339
423 339 423 339
424 339 424 339
425 339 425 339
427 339 427 339
428 339 428 339
385 340 385 340
386 340 386 340
388 340 388 340
389 340 389 340
390 340 390 340
392 340 392 340
403 340 403 340
404 340 404 340
406 340 406 340
407 340 407 340
409 340 409 340
410 340 410 340
411 340 411 340
413 340 413 340
414 340 414 340
416 340 416 340
417 340 417 340
420 340 420 340
423 340 423 340
424 340 424 340
425 340 425 340
427 340 427 340
428 340 428 340
388 341 388 341
389 341 389 341
390 341 390 341
392 341 392 341
393 341 393 341
395 341 395 341
396 341 396 341
397 341 397 341
399 341 399 341
404 341 404 341
406 341 406 341
407 341 407 341
409 341 409 342
410 341 410 342
411 341 411 342
413 341 413 342
414 341 414 341
416 341 416 341
417 341 417 341
420 341 420 341
421 341 421 341
423 341 422 342
424 341 424 342
425 341 425 341
385 343 385 343
393 343 393 343
395 343 395 342
396 343 396 342
397 343 397 342
399 343 399 343
400 343 400 343
404 343 404 343
413 343 413 343
421 343 421 343
390 344 390 344
392 344 392 344
393 344 393 344
395 344 395 344
396 344 396 344
397 344 397 344
399 344 399 344
400 344 400 344
402 344 402 344
406 344 406 344
407 344 407 344
409 344 409 344
410 344 410 344
411 344 411 344
414 344 414 344
416 344 416 344
417 344 417 344
389 346 389 346
390 346 390 346
392 346 392 346
393 346 393 345
395 346 395 345
396 346 396 345
397 346 397 345
399 346 399 346
400 346 400 346
403 346 403 346
404 346 404 346
406 346 406 346
407 346 407 346
409 346 409 346
410 346 410 346
411 346 411 346
413 346 413 346
414 346 414 346
416 346 416 346
417 346 417 346
418 346 419 346
390 347 390 347
392 347 392 347
393 347 393 347
395 347 395 347
396 347 396 347
397 347 398 347
399 347 399 347
400 347 400 347
403 347 403 347
404 347 404 347
406 347 406 347
407 347 407 347
409 347 409 347
410 347 410 347
411 347 412 347
413 347 413 347
414 347 414 347
416 347 416 347
393 348 393 348
395 348 395 348
397 348 398 348
399 348 399 348
400 348 400 348
403 348 403 348
404 348 404 348
406 348 406 348
407 348 407 348
409 348 409 348
410 348 410 348
411 348 412 348
413 348 413 348
414 348 414 348
417 348 416 348
395 350 395 350
396 350 396 350
397 350 398 350
399 350 399 350
400 350 400 350
403 350 403 350
404 350 404 350
406 350 406 350
407 350 407 350
409 350 409 350
410 350 410 350
411 350 412 350
413 350 413 350
395 351 395 351
396 351 396 351
397 351 397 351
399 351 399 351
400 351 400 351
403 351 403 351
404 351 404 351
406 351 406 351
407 351 407 351
409 351 409 351
410 351 410 351
411 351 411 351
