423 309 423 309
425 309 426 308
428 309 428 309
420 311 420 311
421 311 421 311
430 311 430 310
420 312 420 312
425 312 425 312
427 312 427 312
428 312 428 312
430 312 430 312
431 312 431 312
417 313 417 313
425 313 425 313
427 313 427 313
428 313 428 313
430 313 430 313
431 313 431 313
416 315 416 315
417 315 417 315
420 315 420 315
421 315 421 315
423 315 423 315
427 315 427 314
428 315 428 315
414 316 414 316
416 316 416 316
417 316 417 316
418 316 418 316
420 316 420 316
421 316 421 316
423 316 423 316
425 316 425 316
409 318 409 318
410 318 410 318
411 318 412 318
413 318 413 318
417 318 417 318
418 318 418 318
420 318 420 318
421 318 421 318
423 318 423 318
407 319 407 319
409 319 409 319
410 319 410 319
411 319 411 319
413 319 413 319
418 319 418 319
420 319 420 319
423 319 423 319
427 320 427 320
410 322 410 322
411 322 411 322
413 322 413 322
416 322 416 322
418 322 418 322
420 322 420 322
421 322 421 322
423 322 423 322
427 322 427 321
407 323 407 323
409 323 409 323
410 323 410 323
411 323 411 323
413 323 413 323
416 323 416 323
417 323 417 323
418 323 418 323
420 323 420 323
421 323 421 323
423 323 423 323
425 323 425 323
434 323 434 323
406 325 406 325
407 325 407 325
409 325 409 325
410 325 410 325
411 325 411 325
413 325 413 325
417 325 417 325
418 325 418 325
420 325 420 325
421 325 421 325
423 325 423 325
425 325 425 324
428 325 428 324
406 326 406 326
407 326 407 326
409 326 409 326
410 326 410 326
411 326 411 326
413 326 413 326
416 326 416 326
417 326 417 326
418 326 418 326
420 326 420 326
421 326 421 326
423 326 423 326
425 326 425 326
428 326 428 326
407 327 407 327
410 327 410 328
411 327 411 328
413 327 413 328
416 327 416 327
417 327 417 327
420 327 420 327
424 327 424 327
425 327 425 327
427 327 427 327
428 327 428 328
430 327 430 328
396 329 396 329
399 329 399 329
400 329 400 329
402 329 402 329
403 329 403 329
404 329 404 329
411 329 411 329
413 329 413 329
421 329 421 329
425 329 425 329
427 329 427 329
428 329 428 329
430 329 430 329
434 329 434 329
435 329 435 329
395 330 395 330
397 330 397 330
399 330 399 330
400 330 400 330
402 330 402 330
403 330 403 330
404 330 404 330
409 330 409 330
410 330 410 330
416 330 416 330
417 330 417 330
420 330 420 330
421 330 421 330
423 330 423 330
434 330 434 331
435 330 435 331
393 332 393 332
395 332 395 332
397 332 397 332
399 332 399 332
400 332 400 332
402 332 402 332
403 332 403 332
404 332 404 332
407 332 407 332
409 332 409 332
410 332 410 332
411 332 411 332
413 332 413 332
418 332 418 332
420 332 420 332
421 332 421 332
423 332 423 332
425 332 425 332
427 332 427 332
428 332 428 332
435 332 435 333
390 333 390 333
392 333 392 333
393 333 393 333
395 333 395 333
397 333 397 333
399 333 399 333
400 333 400 333
402 333 402 333
403 333 403 333
404 333 404 333
407 333 407 333
409 333 409 333
410 333 410 333
411 333 411 333
413 333 413 333
416 333 416 333
417 333 417 333
418 333 418 333
420 333 420 333
421 333 421 333
423 333 423 333
425 333 425 333
427 333 427 333
428 333 428 333
430 333 430 333
431 333 431 333
389 334 389 334
390 334 390 334
392 334 392 334
393 334 393 334
395 334 395 335
396 334 396 334
399 334 399 334
400 334 400 334
402 334 402 334
403 334 403 334
404 334 404 334
407 334 407 334
409 334 409 334
410 334 410 334
411 334 411 334
413 334 413 334
417 334 417 334
418 334 418 334
420 334 420 334
421 334 421 334
423 334 423 335
425 334 425 334
427 334 427 335
428 334 428 335
430 334 430 334
431 334 431 334
395 336 395 336
397 336 397 336
399 336 399 336
400 336 400 336
402 336 402 336
404 336 404 336
407 336 407 336
409 336 409 336
410 336 410 336
411 336 411 336
416 336 416 336
417 336 417 336
418 336 418 336
420 336 420 336
421 336 421 336
423 336 423 336
425 336 425 336
427 336 427 336
430 336 430 336
431 336 432 336
390 337 390 337
392 337 392 337
393 337 393 337
407 337 407 337
409 337 409 337
410 337 410 337
421 337 421 337
424 337 424 337
428 337 428 336
388 339 388 339
389 339 389 339
390 339 390 339
392 339 392 339
393 339 393 338
395 339 395 338
397 339 397 338
399 339 399 339
400 339 400 339
402 339 402 339
403 339 403 339
404 339 405 339
413 339 413 339
416 339 416 339
417 339 417 339
418 339 419 339
420 339 420 339
425 339 425 339
427 339 427 338
428 339 428 338
385 340 385 340
388 340 388 340
389 340 389 340
390 340 390 340
392 340 392 340
393 340 393 340
395 340 395 340
397 340 397 340
399 340 399 340
400 340 400 340
402 340 402 340
403 340 403 340
406 340 406 340
407 340 407 340
409 340 409 340
410 340 410 340
411 340 411 340
413 340 413 340
416 340 416 340
417 340 417 340
418 340 418 340
420 340 420 340
421 340 421 340
423 340 423 340
425 340 425 340
427 340 427 340
385 341 385 341
386 341 386 341
389 341 389 341
390 341 390 341
392 341 392 341
393 341 393 341
395 341 395 341
397 341 397 341
399 341 399 341
400 341 400 341
402 341 402 341
403 341 403 341
404 341 404 341
407 341 407 341
409 341 409 341
410 341 410 342
411 341 411 342
413 341 413 341
416 341 416 341
417 341 417 341
418 341 418 341
420 341 420 341
421 341 421 341
423 341 423 341
385 343 385 343
388 343 388 343
389 343 389 343
392 343 392 343
393 343 393 343
395 343 395 343
397 343 397 343
399 343 399 343
400 343 400 343
402 343 402 343
403 343 403 343
404 343 404 343
407 343 407 343
409 343 409 343
410 343 410 343
411 343 412 343
413 343 413 343
416 343 416 343
417 343 417 343
418 343 418 343
420 343 420 343
421 343 421 343
386 344 386 344
390 344 390 344
392 344 392 344
393 344 393 344
397 344 397 344
400 344 400 344
402 344 402 344
403 344 403 344
406 344 406 344
407 344 407 344
409 344 409 344
410 344 410 344
411 344 412 344
413 344 413 344
416 344 416 344
417 344 417 344
418 344 418 344
420 344 420 344
421 344 421 344
390 346 390 346
393 346 393 346
395 346 395 345
399 346 399 346
402 346 402 346
404 346 404 346
406 346 406 346
407 346 407 346
409 346 409 346
410 346 410 346
416 346 416 346
418 346 418 346
392 347 392 347
397 347 397 347
413 347 413 347
393 348 393 349
400 348 400 348
402 348 402 348
403 348 403 348
406 348 406 348
407 348 407 348
409 348 409 348
410 348 410 348
411 348 412 348
417 348 417 348
399 350 399 350
400 350 400 350
402 350 402 350
403 350 403 350
406 350 406 350
407 350 407 350
409 350 409 350
410 350 410 350
411 350 411 350
413 350 413 350
395 351 394 351
396 351 396 351
399 351 399 351
400 351 400 351
402 351 402 351
403 351 403 351
407 351 407 351
409 351 409 351
410 351 410 351
411 351 411 351
