415 314 414 315
416 314 415 315
414 316 412 317
415 316 414 316
416 316 415 317
418 316 416 317
420 316 419 317
424 316 422 317
425 316 423 317
412 317 410 318
414 317 412 318
415 317 414 318
416 317 415 318
418 317 416 318
420 317 419 318
421 317 420 318
424 317 422 318
425 317 423 318
427 317 425 318
411 318 409 320
412 318 410 320
414 318 412 319
415 318 414 319
416 318 414 319
420 318 419 319
421 318 420 320
425 318 423 319
409 319 372 313
411 319 408 321
412 319 410 321
414 319 412 321
416 319 414 321
420 319 418 321
430 319 428 320
432 319 432 320
415 321 413 322
424 321 422 322
427 321 425 322
429 321 427 322
433 321 433 322
412 322 410 324
414 322 412 323
415 322 413 323
416 322 414 323
419 322 417 323
420 322 418 323
421 322 420 323
424 322 422 324
425 322 423 324
427 322 425 324
430 322 428 324
435 322 433 325
410 323 408 324
412 323 410 325
414 323 412 325
415 323 413 325
416 323 414 325
419 323 417 325
420 323 419 324
421 323 420 325
424 323 422 325
425 323 423 325
427 323 425 325
428 323 426 325
407 324 405 326
419 324 417 326
420 324 418 326
423 324 420 327
424 324 422 326
425 324 423 326
409 326 407 327
410 326 408 327
411 326 409 327
414 326 412 327
415 326 413 327
424 326 421 328
427 326 425 328
429 326 427 328
407 327 405 328
409 327 407 328
410 327 408 328
412 327 410 328
414 327 412 328
415 327 413 329
416 327 414 328
419 327 417 328
420 327 419 328
421 327 420 328
425 327 423 329
406 328 403 330
407 328 405 330
409 328 407 330
410 328 408 329
412 328 410 330
414 328 412 330
415 328 413 330
416 328 414 330
419 328 417 330
420 328 418 330
421 328 420 330
424 328 422 330
425 328 423 330
427 328 424 330
429 328 427 331
437 328 435 330
393 330 394 329
400 330 398 330
402 330 400 330
403 330 402 330
407 330 405 331
409 330 407 331
410 330 408 331
412 330 410 331
414 330 412 331
415 330 413 331
418 330 415 331
420 330 418 331
421 330 420 331
424 330 422 331
425 330 423 331
427 330 424 331
437 330 435 332
397 331 395 331
398 331 396 332
401 331 399 332
402 331 400 332
403 331 402 332
405 331 403 332
415 331 413 333
424 331 422 333
425 331 423 333
427 331 425 333
430 331 430 332
432 331 432 331
433 331 431 330
437 331 434 333
397 332 395 333
398 332 396 333
401 332 399 333
402 332 400 333
403 332 402 333
405 332 403 333
407 332 405 333
409 332 407 333
410 332 408 333
411 332 409 333
414 332 412 333
416 332 415 333
418 332 416 333
420 332 418 334
421 332 420 334
396 333 394 333
398 333 397 335
400 333 398 335
402 333 400 335
403 333 402 335
405 333 403 335
407 333 405 335
409 333 407 334
410 333 408 334
411 333 409 334
414 333 412 335
415 333 413 335
416 333 414 335
419 333 417 335
420 333 418 335
421 333 419 335
424 333 422 335
425 333 423 335
427 333 425 335
429 333 427 335
430 333 428 334
396 335 394 335
397 335 395 335
398 335 397 336
402 335 400 336
403 335 402 336
409 335 406 336
410 335 408 336
412 335 410 336
414 335 412 336
415 335 413 336
416 335 414 336
419 335 417 336
420 335 418 336
421 335 419 336
424 335 422 337
425 335 423 337
427 335 424 337
429 335 427 336
430 335 428 336
432 335 430 336
396 336 394 336
397 336 395 337
407 336 405 338
409 336 406 338
410 336 408 338
412 336 410 338
414 336 412 338
415 336 413 338
416 336 414 338
419 336 417 337
420 336 418 338
421 336 419 338
424 336 422 338
425 336 423 338
427 336 424 338
429 336 427 337
430 336 428 338
432 336 431 336
396 337 394 338
397 337 395 338
398 337 396 339
402 337 400 338
403 337 402 338
407 337 405 339
414 337 412 339
415 337 413 339
425 337 423 339
396 339 394 340
397 339 395 340
398 339 396 340
401 339 399 340
402 339 400 340
403 339 402 340
405 339 403 340
409 339 407 340
410 339 408 340
411 339 409 340
418 339 415 340
419 339 417 340
420 339 418 340
421 339 419 340
427 339 424 340
429 339 427 340
393 340 390 341
396 340 393 341
397 340 395 341
398 340 396 341
401 340 399 341
402 340 401 341
403 340 402 341
405 340 403 341
407 340 405 341
409 340 407 341
410 340 408 341
411 340 409 341
414 340 412 341
415 340 413 341
416 340 414 342
419 340 416 342
420 340 418 342
421 340 419 342
425 340 423 341
427 340 425 341
429 340 428 340
395 341 392 342
396 341 393 342
398 341 396 342
401 341 399 342
405 341 403 342
407 341 405 342
409 341 407 342
414 341 412 343
415 341 413 343
418 341 415 343
419 341 416 343
423 341 420 343
424 341 422 343
397 342 395 344
402 342 400 343
410 342 408 343
411 342 409 343
421 342 418 345
423 342 420 345
425 342 423 343
393 344 391 345
401 344 399 345
402 344 400 345
403 344 402 345
405 344 403 345
407 344 405 345
409 344 407 345
410 344 408 345
411 344 409 345
414 344 412 345
415 344 413 345
416 344 415 345
418 344 417 345
421 344 418 346
393 345 391 346
396 345 394 346
401 345 399 346
402 345 400 346
403 345 402 346
405 345 403 346
407 345 405 346
409 345 407 346
410 345 408 346
411 345 409 346
415 345 413 346
416 345 415 346
420 345 416 348
395 346 392 348
398 346 396 348
402 346 400 348
403 346 401 348
406 346 404 348
407 346 405 348
409 346 407 347
410 346 408 347
412 346 410 348
414 346 412 348
396 348 394 350
397 348 395 350
398 348 396 350
401 348 399 349
403 348 401 349
406 348 403 350
407 348 405 349
409 348 406 349
410 348 408 349
412 348 410 349
415 348 412 350
398 349 396 351
401 349 399 351
402 349 400 351
403 349 401 351
409 349 406 351
411 349 408 351
412 349 410 351
415 349 411 351
