427 311 427 308
425 313 422 319
432 313 428 319
434 313 430 309
408 315 394 310
410 315 396 310
422 315 419 321
425 315 422 321
427 315 423 320
431 315 426 320
432 315 428 320
408 317 394 312
420 317 417 323
422 317 418 322
429 317 424 321
431 317 425 322
380 318 375 304
384 318 377 304
385 318 379 304
420 318 417 324
422 318 418 324
425 318 420 323
427 318 422 323
429 318 424 323
384 320 375 306
424 320 419 325
427 320 421 325
431 320 425 324
420 322 416 326
422 322 417 326
424 322 419 326
427 322 421 326
429 322 423 326
431 322 425 325
405 324 378 303
420 324 416 328
422 324 417 328
424 324 419 328
429 324 423 327
432 324 425 327
434 324 427 327
436 324 428 326
408 325 399 317
410 325 401 317
418 325 414 330
420 325 415 329
422 325 417 329
425 325 404 321
427 325 421 328
431 325 423 328
432 325 425 328
434 325 426 329
436 325 428 328
413 327 409 332
418 327 414 331
420 327 415 331
427 327 407 323
431 327 423 330
380 329 376 325
382 329 378 325
412 329 407 334
418 329 413 333
424 329 417 332
425 329 419 332
432 329 424 331
434 329 426 331
378 331 372 324
380 331 376 326
382 331 378 327
384 331 380 327
410 331 405 335
413 331 405 319
417 331 411 334
422 331 415 334
424 331 417 334
425 331 419 333
431 331 422 332
432 331 424 333
434 331 426 333
378 332 372 325
382 332 378 328
384 332 379 328
389 332 385 332
391 332 387 333
399 332 396 338
410 332 402 320
415 332 409 336
417 332 411 336
422 332 415 335
424 332 416 335
429 332 420 334
431 332 422 334
432 332 423 334
378 334 372 327
380 334 374 327
384 334 379 330
401 334 398 339
405 334 383 312
406 334 385 312
415 334 409 338
417 334 410 338
422 334 414 336
427 334 419 335
429 334 420 335
431 334 422 335
432 334 423 335
436 334 425 334
380 336 374 329
382 336 376 330
384 336 378 331
389 336 384 334
399 336 396 340
401 336 397 340
406 336 384 314
417 336 411 324
418 336 412 324
424 336 416 337
427 336 418 337
429 336 420 337
436 336 425 336
441 336 431 332
443 336 433 323
382 338 375 331
384 338 377 332
385 338 379 317
389 338 383 336
399 338 395 341
401 338 397 342
427 338 418 339
429 338 419 339
432 338 422 338
434 338 423 338
436 338 425 338
380 339 373 331
384 339 377 333
385 339 379 319
389 339 383 337
399 339 395 343
410 339 388 328
417 339 410 327
425 339 416 340
432 339 421 339
434 339 423 339
436 339 424 339
439 339 427 338
382 341 375 333
384 341 376 335
385 341 379 335
387 341 380 322
391 341 383 323
398 341 392 342
399 341 394 342
415 341 408 343
420 341 412 326
422 341 413 326
427 341 417 341
431 341 419 341
432 341 421 340
441 341 428 338
382 343 375 335
391 343 383 324
398 343 392 344
410 343 390 332
412 343 404 344
413 343 406 345
415 343 407 344
418 343 410 344
420 343 412 327
422 343 413 327
424 343 400 337
425 343 401 337
427 343 416 343
429 343 418 343
432 343 420 342
434 343 422 342
396 344 390 344
412 344 404 346
413 344 406 346
418 344 409 345
420 344 411 329
424 344 400 339
425 344 401 338
427 344 416 344
410 346 402 348
412 346 404 348
413 346 405 348
417 346 407 347
418 346 409 347
420 346 411 331
424 346 413 345
425 346 415 346
427 346 403 341
391 348 382 328
410 348 402 349
412 348 403 349
417 348 407 349
420 348 411 333
424 348 413 347
392 350 383 339
394 350 386 340
396 350 388 339
398 350 390 339
403 350 396 350
405 350 398 350
415 350 405 350
417 350 407 350
392 351 385 341
396 351 388 340
398 351 390 341
408 351 400 351
415 351 405 337
417 362 405 351
418 362 406 351
