410 311 410 314
412 311 413 312
413 311 415 312
417 311 418 313
418 311 419 313
422 311 422 313
424 311 423 313
425 311 425 313
427 311 426 313
429 311 428 312
432 311 431 312
436 311 435 312
410 313 410 315
412 313 412 315
413 313 413 315
415 313 415 315
418 313 418 315
420 313 420 315
422 313 422 315
424 313 423 315
425 313 425 315
427 313 426 315
429 313 428 314
434 313 433 314
408 315 408 317
410 315 410 317
412 315 412 317
413 315 413 317
415 315 415 317
417 315 417 317
418 315 418 317
420 315 420 317
422 315 422 317
424 315 423 317
425 315 424 317
427 315 426 317
429 315 428 316
432 315 431 316
434 315 433 316
408 317 408 319
410 317 410 319
412 317 412 319
413 317 413 319
415 317 415 319
418 317 418 319
420 317 420 319
422 317 421 319
424 317 423 318
425 317 424 318
429 317 428 318
382 318 383 321
384 318 384 321
385 318 386 321
387 318 387 321
389 318 389 321
391 318 391 321
392 318 392 321
394 318 394 321
396 318 396 321
406 318 406 320
408 318 408 320
410 318 410 320
412 318 412 321
413 318 413 321
417 318 416 320
420 318 419 320
422 318 421 321
424 318 423 320
425 318 424 320
427 318 426 320
429 318 428 319
385 320 386 322
387 320 387 323
389 320 389 323
391 320 391 323
392 320 392 322
394 320 394 322
396 320 396 323
406 320 406 322
408 320 408 322
410 320 410 322
412 320 411 322
413 320 413 322
418 320 418 322
420 320 419 322
422 320 421 322
424 320 423 322
425 320 424 322
432 320 430 321
385 322 386 324
387 322 387 324
389 322 389 324
391 322 391 324
392 322 392 324
394 322 394 324
396 322 396 324
406 322 406 324
408 322 408 324
410 322 410 324
412 322 411 324
413 322 413 324
415 322 414 324
417 322 416 324
418 322 417 324
420 322 419 324
422 322 421 324
427 322 425 324
429 322 427 324
432 322 430 323
434 322 432 322
385 324 386 326
387 324 387 326
389 324 389 326
391 324 391 326
392 324 392 326
394 324 394 325
396 324 396 326
398 324 398 326
405 324 404 326
406 324 406 325
408 324 408 326
410 324 409 326
412 324 411 326
413 324 412 326
418 324 417 325
420 324 419 325
425 324 423 325
431 324 428 325
432 324 430 324
434 324 432 324
378 325 377 324
380 325 379 324
384 325 384 327
385 325 386 327
387 325 387 327
389 325 389 327
391 325 391 327
392 325 392 327
394 325 394 327
396 325 396 327
398 325 398 327
399 325 399 327
401 325 401 327
403 325 403 327
405 325 404 327
406 325 406 327
408 325 408 327
410 325 409 327
412 325 411 327
413 325 412 327
415 325 414 327
418 325 417 327
422 325 420 327
424 325 422 327
429 325 427 326
432 325 430 326
434 325 432 326
378 327 377 325
380 327 379 326
382 327 381 326
387 327 387 329
389 327 389 329
391 327 391 329
392 327 392 329
396 327 396 329
398 327 398 329
399 327 399 329
401 327 401 329
403 327 403 329
405 327 404 329
406 327 406 329
408 327 407 329
410 327 409 329
412 327 411 329
413 327 412 329
415 327 414 329
417 327 416 329
420 327 418 329
422 327 420 329
424 327 422 328
425 327 424 328
427 327 425 328
429 327 427 328
431 327 428 328
432 327 430 328
434 327 431 327
436 327 433 327
378 329 377 327
380 329 379 327
382 329 381 327
384 329 383 328
389 329 389 330
391 329 391 330
392 329 392 330
394 329 394 330
396 329 396 331
398 329 398 331
399 329 399 331
401 329 401 331
403 329 403 331
405 329 404 331
406 329 406 331
408 329 407 331
410 329 409 331
413 329 412 331
415 329 413 331
417 329 415 330
418 329 417 330
420 329 418 330
422 329 420 330
424 329 422 330
425 329 423 330
427 329 425 330
429 329 427 330
431 329 428 330
432 329 430 330
434 329 431 329
436 329 433 329
382 331 381 329
384 331 383 329
385 331 384 329
387 331 387 331
394 331 394 332
396 331 396 333
398 331 398 333
401 331 401 333
403 331 402 332
405 331 404 332
406 331 406 332
408 331 407 333
412 331 410 332
413 331 411 332
415 331 413 332
417 331 415 332
418 331 417 332
420 331 418 332
422 331 420 332
425 331 423 332
427 331 425 332
429 331 426 332
431 331 428 332
432 331 430 331
434 331 431 331
436 331 433 331
378 332 377 330
384 332 383 331
385 332 384 331
389 332 389 333
391 332 391 333
392 332 392 333
398 332 398 335
399 332 399 335
401 332 401 335
403 332 402 334
405 332 404 334
406 332 405 334
408 332 407 334
412 332 409 334
413 332 411 334
415 332 413 334
417 332 415 334
418 332 417 334
420 332 418 334
424 332 422 333
425 332 423 333
427 332 425 333
429 332 426 333
431 332 428 333
432 332 429 333
434 332 431 333
436 332 433 333
378 334 377 331
382 334 381 332
384 334 382 332
385 334 384 333
387 334 386 333
389 334 387 333
391 334 390 334
392 334 392 335
396 334 395 335
399 334 399 336
405 334 404 336
412 334 410 336
413 334 411 336
415 334 413 336
417 334 415 336
418 334 417 335
422 334 420 335
424 334 422 335
425 334 423 335
427 334 424 335
429 334 426 335
431 334 428 335
432 334 429 334
434 334 431 335
436 334 433 334
443 334 439 329
445 334 442 328
378 336 377 333
380 336 378 333
382 336 381 334
384 336 382 334
385 336 384 334
387 336 385 335
391 336 390 336
392 336 391 336
394 336 393 336
396 336 395 337
398 336 397 337
399 336 399 337
405 336 404 337
408 336 407 337
410 336 409 337
412 336 410 337
413 336 412 337
415 336 413 337
417 336 415 337
420 336 418 336
422 336 420 337
424 336 421 336
425 336 423 336
427 336 424 337
429 336 426 337
431 336 428 336
432 336 429 336
434 336 431 337
436 336 433 336
438 336 434 336
441 336 441 336
445 336 442 331
380 338 378 334
382 338 380 335
384 338 382 336
385 338 383 336
387 338 385 336
389 338 387 336
392 338 391 338
394 338 393 338
396 338 395 338
398 338 397 338
401 338 400 339
403 338 402 339
406 338 405 339
408 338 407 339
410 338 408 339
412 338 410 339
413 338 411 339
418 338 416 338
420 338 418 338
422 338 420 338
424 338 421 338
425 338 423 338
427 338 424 338
429 338 426 338
431 338 428 338
432 338 429 338
434 338 431 338
438 338 434 338
445 338 442 333
380 339 377 336
382 339 380 337
384 339 382 337
385 339 383 337
387 339 385 338
389 339 387 338
391 339 389 338
392 339 391 339
394 339 393 339
396 339 394 339
398 339 396 340
403 339 401 340
406 339 405 340
408 339 406 340
410 339 408 340
412 339 410 340
413 339 411 340
415 339 413 340
417 339 415 340
418 339 416 340
420 339 418 340
422 339 419 340
424 339 421 340
425 339 423 340
427 339 424 340
429 339 426 340
431 339 428 340
432 339 429 339
436 339 432 339
438 339 434 339
439 339 435 339
445 339 442 336
384 341 382 339
385 341 383 339
389 341 387 340
391 341 389 340
394 341 393 341
396 341 394 341
398 341 396 341
403 341 401 342
405 341 403 342
406 341 405 342
408 341 406 342
413 341 411 342
415 341 413 342
417 341 415 342
418 341 416 341
422 341 419 341
424 341 421 341
425 341 422 341
427 341 424 341
429 341 426 341
432 341 429 341
434 341 430 341
436 341 432 341
438 341 434 341
439 341 435 341
441 341 437 341
445 341 442 338
385 343 383 341
387 343 385 341
389 343 387 341
391 343 389 342
392 343 390 342
394 343 392 342
396 343 394 343
398 343 396 343
399 343 398 343
401 343 400 343
403 343 401 344
410 343 408 344
412 343 409 344
415 343 413 343
417 343 414 343
418 343 416 343
420 343 417 342
422 343 419 343
424 343 421 343
425 343 422 343
429 343 426 343
431 343 427 343
432 343 429 343
434 343 430 343
436 343 432 343
438 343 434 343
439 343 435 343
441 343 437 343
385 344 383 342
389 344 387 343
391 344 389 343
392 344 390 343
394 344 392 344
396 344 394 344
398 344 396 344
399 344 397 344
401 344 399 346
406 344 404 345
408 344 406 345
410 344 408 345
412 344 409 345
413 344 411 345
415 344 413 345
417 344 414 345
418 344 416 345
422 344 419 344
424 344 421 345
425 344 422 345
427 344 424 344
431 344 427 345
432 344 429 345
434 344 430 344
438 344 433 344
439 344 435 344
441 344 437 344
443 344 439 345
384 346 382 344
385 346 383 343
391 346 389 345
392 346 390 345
394 346 392 345
396 346 394 346
398 346 396 346
399 346 397 346
403 346 401 346
406 346 404 347
408 346 406 347
410 346 408 347
412 346 409 347
413 346 411 347
415 346 412 347
417 346 414 347
418 346 416 346
420 346 417 346
424 346 420 346
425 346 422 346
427 346 424 346
429 346 425 346
431 346 427 346
432 346 429 346
438 346 433 346
439 346 435 346
445 346 440 345
387 348 384 345
391 348 388 346
392 348 390 346
394 348 391 347
396 348 394 347
398 348 395 348
399 348 397 348
401 348 399 348
403 348 401 348
405 348 402 348
406 348 404 348
408 348 406 348
410 348 407 348
412 348 409 348
413 348 411 348
417 348 414 348
418 348 416 348
422 348 418 348
424 348 420 348
427 348 423 348
429 348 425 348
438 348 432 347
389 350 386 346
391 350 388 348
392 350 389 348
394 350 391 348
396 350 394 349
398 350 395 349
399 350 397 350
401 350 399 350
403 350 401 350
405 350 402 350
408 350 406 350
410 350 407 350
412 350 409 350
413 350 411 350
415 350 412 350
417 350 414 350
418 350 416 350
422 350 420 349
438 350 432 348
439 350 434 348
392 351 389 350
394 351 391 350
396 351 393 350
398 351 395 351
399 351 397 351
401 351 399 351
403 351 401 351
405 351 402 352
406 351 404 352
408 351 406 352
410 351 407 352
412 351 409 352
413 351 411 352
415 351 412 351
417 351 414 351
418 351 416 351
422 351 421 350
424 351 423 349
425 351 425 350
427 351 427 350
434 351 430 349
392 353 391 352
398 353 395 352
399 353 397 352
401 353 399 353
403 353 401 353
405 353 402 353
406 353 404 353
408 353 405 353
410 353 407 353
412 353 409 353
413 353 411 353
415 353 413 353
422 353 422 351
424 353 423 352
425 353 424 351
427 353 427 351
399 355 397 354
401 355 399 354
405 355 402 355
406 355 404 355
408 355 405 355
410 355 407 355
412 355 409 355
413 355 411 355
415 355 413 354
401 357 399 356
403 357 400 357
405 357 402 357
406 357 404 357
410 357 407 357
412 357 408 357
413 357 411 356
417 357 416 355
418 357 418 355
422 357 421 353
424 357 423 353
425 357 425 353
427 357 427 353
408 358 405 358
410 358 407 358
415 358 415 356
418 358 418 356
420 358 420 356
422 358 421 354
424 358 423 354
425 358 425 355
401 360 400 358
403 360 401 358
413 360 411 358
420 360 418 358
424 360 423 356
406 362 403 359
408 362 404 359
412 362 410 359
413 362 411 359
415 362 413 359
417 362 415 359
418 362 416 359
422 362 418 359
