411 314 411 314
412 314 412 314
413 314 413 314
414 314 415 314
416 314 416 314
417 314 417 314
418 314 418 314
420 314 420 314
421 314 421 314
422 314 422 314
423 314 423 314
426 314 426 314
431 314 431 314
411 315 411 315
412 315 412 315
413 315 413 315
414 315 414 315
416 315 416 315
417 315 417 315
418 315 418 315
420 315 420 315
421 315 421 315
422 315 422 315
423 315 423 315
426 315 426 315
427 315 427 315
428 315 428 315
411 317 411 317
412 317 412 317
413 317 413 317
414 317 415 317
416 317 416 317
417 317 417 317
418 317 418 317
420 317 420 317
421 317 421 317
422 317 422 317
423 317 423 317
426 317 426 317
427 317 427 317
432 317 433 316
435 317 436 316
411 318 411 318
412 318 412 318
413 318 413 318
414 318 414 318
416 318 416 318
417 318 417 318
418 318 418 318
420 318 420 318
421 318 421 318
422 318 422 318
423 318 423 318
425 318 425 318
409 319 409 319
411 319 411 319
412 319 412 319
414 319 414 319
416 319 416 319
417 319 417 319
418 319 418 319
420 319 420 319
421 319 421 319
422 319 422 319
423 319 423 319
425 319 425 319
431 319 431 319
433 319 434 320
409 320 410 320
412 320 412 320
414 320 414 321
416 320 416 321
417 320 417 320
418 320 418 320
420 320 420 320
421 320 421 320
422 320 422 320
423 320 423 320
431 320 431 320
433 320 434 322
435 320 435 321
409 322 410 322
412 322 412 322
416 322 416 322
417 322 417 322
418 322 418 322
420 322 420 322
421 322 421 322
422 322 422 322
423 322 423 322
426 322 426 322
428 322 428 322
430 322 430 322
433 322 433 322
407 323 407 323
411 323 411 323
417 323 417 323
418 323 418 323
420 323 420 323
421 323 421 323
422 323 422 323
423 323 423 323
428 323 428 323
430 323 430 323
406 324 406 324
407 324 407 324
408 324 408 324
409 324 410 324
411 324 411 324
414 324 415 324
417 324 417 324
418 324 418 324
420 324 420 324
421 324 421 324
422 324 422 324
423 324 423 324
426 324 426 324
428 324 428 324
430 324 430 325
432 324 432 324
436 324 437 325
406 325 406 325
407 325 407 325
409 325 409 325
411 325 411 325
412 325 412 325
414 325 415 325
416 325 416 325
417 325 417 325
418 325 418 325
420 325 420 325
421 325 421 325
422 325 422 325
423 325 423 325
426 325 426 325
427 325 427 326
428 325 428 326
408 327 408 327
411 327 411 327
414 327 415 327
416 327 416 327
417 327 417 327
418 327 418 327
420 327 420 327
421 327 421 327
422 327 422 327
423 327 423 327
426 327 426 327
432 327 432 326
406 328 406 328
407 328 407 328
408 328 408 328
409 328 409 328
411 328 411 328
413 328 413 328
414 328 414 328
416 328 416 328
417 328 417 328
418 328 418 328
421 328 421 328
422 328 422 328
423 328 423 328
426 328 426 328
427 328 427 327
428 328 428 327
430 328 429 327
433 328 433 327
435 328 434 327
406 329 406 329
407 329 407 329
408 329 408 329
409 329 409 329
411 329 411 329
412 329 412 329
416 329 416 329
417 329 417 329
420 329 419 329
421 329 421 329
422 329 422 329
423 329 423 329
427 329 427 328
428 329 428 328
430 329 429 328
433 329 433 328
436 329 437 328
393 330 393 330
394 330 394 331
396 330 396 331
397 330 397 330
398 330 398 330
399 330 399 331
401 330 401 331
402 330 402 331
403 330 403 331
406 330 406 330
407 330 407 331
408 330 408 330
409 330 410 330
411 330 411 331
412 330 412 330
413 330 413 331
417 330 417 330
418 330 418 331
420 330 420 330
421 330 421 331
422 330 422 331
423 330 423 330
427 330 427 330
428 330 429 331
433 330 434 330
436 330 437 329
393 332 393 332
394 332 394 332
396 332 396 332
397 332 397 332
398 332 398 332
399 332 399 332
401 332 401 332
402 332 402 332
403 332 403 332
404 332 404 332
406 332 406 332
407 332 407 332
408 332 408 332
409 332 410 332
411 332 411 332
412 332 412 332
417 332 417 332
418 332 418 332
421 332 421 332
422 332 422 332
423 332 423 332
427 332 427 331
428 332 429 332
433 332 434 331
435 332 435 331
436 332 437 331
393 333 393 333
394 333 394 333
396 333 396 333
397 333 397 333
398 333 398 333
401 333 401 333
402 333 402 333
403 333 403 333
404 333 404 333
406 333 406 333
407 333 407 333
408 333 408 333
409 333 410 333
411 333 411 333
412 333 412 333
413 333 413 333
418 333 418 333
420 333 420 333
421 333 421 333
423 333 423 333
427 333 427 333
428 333 428 333
430 333 430 333
433 333 433 333
435 333 435 333
393 334 393 334
394 334 394 334
396 334 396 334
397 334 397 334
401 334 401 334
402 334 402 334
403 334 403 334
404 334 404 334
406 334 406 334
407 334 407 334
408 334 408 334
409 334 410 334
411 334 411 334
412 334 412 334
413 334 413 334
416 334 416 334
417 334 417 334
418 334 418 334
420 334 420 334
421 334 421 334
423 334 423 334
426 334 426 334
427 334 427 334
428 334 428 334
431 334 431 334
393 336 393 336
394 336 394 335
396 336 396 336
397 336 397 335
402 336 402 336
403 336 403 336
404 336 404 336
406 336 406 336
407 336 407 336
408 336 408 335
409 336 409 336
411 336 411 335
416 336 416 335
417 336 417 336
423 336 423 335
425 336 425 336
426 336 426 336
427 336 427 336
428 336 428 336
430 336 430 336
431 336 431 336
393 337 393 337
398 337 398 336
399 337 399 336
401 337 401 336
403 337 403 337
404 337 404 337
406 337 406 337
407 337 407 337
408 337 408 337
409 337 409 337
412 337 412 337
414 337 415 336
416 337 416 337
417 337 417 337
421 337 421 337
423 337 423 337
425 337 425 337
426 337 426 337
428 337 428 337
431 337 431 337
432 337 433 335
393 338 393 338
394 338 394 338
396 338 396 338
397 338 397 338
398 338 398 338
399 338 399 338
401 338 401 338
402 338 402 338
403 338 403 338
408 338 408 338
409 338 409 338
411 338 411 338
414 338 415 338
416 338 416 338
417 338 417 338
418 338 418 338
421 338 421 338
423 338 423 338
427 338 427 338
428 338 428 338
430 338 430 338
393 339 393 339
394 339 394 339
396 339 396 339
397 339 397 339
398 339 398 339
399 339 399 339
401 339 401 339
402 339 402 339
404 339 404 339
406 339 406 339
407 339 407 339
408 339 408 339
409 339 409 339
411 339 411 339
413 339 413 340
414 339 415 339
416 339 416 339
417 339 417 339
418 339 418 339
421 339 421 339
423 339 423 339
425 339 424 339
426 339 426 339
427 339 427 339
393 341 393 341
394 341 394 341
397 341 397 341
398 341 398 341
399 341 399 341
401 341 401 341
403 341 403 341
404 341 404 341
407 341 407 341
408 341 408 341
409 341 409 341
411 341 411 341
412 341 412 341
413 341 413 341
414 341 415 341
416 341 416 341
420 341 420 341
426 341 426 341
393 342 393 342
394 342 394 342
396 342 396 342
397 342 397 342
398 342 398 342
399 342 399 342
402 342 402 342
404 342 404 342
406 342 406 342
407 342 407 342
409 342 409 342
411 342 411 342
412 342 412 342
413 342 413 342
414 342 415 342
416 342 416 342
418 342 418 342
421 342 421 342
422 342 422 342
423 342 423 342
393 343 393 343
394 343 394 343
396 343 396 343
401 343 401 343
403 343 403 343
404 343 404 343
406 343 406 343
407 343 407 343
408 343 408 343
409 343 409 343
411 343 411 343
412 343 412 343
413 343 413 343
414 343 415 343
418 343 418 343
420 343 420 343
393 344 393 344
394 344 394 344
397 344 397 344
398 344 398 343
399 344 399 344
401 344 401 344
402 344 402 344
403 344 403 344
404 344 404 344
406 344 406 344
407 344 407 344
408 344 408 344
412 344 412 345
413 344 413 345
414 344 414 344
396 346 395 346
398 346 398 345
401 346 401 346
402 346 402 346
406 346 406 346
407 346 407 346
409 346 409 346
411 346 411 346
412 346 412 346
413 346 413 346
418 346 418 346
394 347 394 347
396 347 395 347
397 347 397 347
398 347 398 347
401 347 401 347
402 347 402 347
403 347 403 347
404 347 404 347
407 347 407 347
408 347 408 347
409 347 409 347
411 347 411 347
413 347 413 347
414 347 415 347
418 347 418 347
396 348 396 348
397 348 397 348
398 348 398 348
399 348 399 349
403 348 403 348
404 348 404 348
406 348 406 348
408 348 408 348
411 348 411 348
412 348 412 348
401 349 401 349
402 349 402 349
403 349 403 349
404 349 404 349
406 349 406 349
407 349 407 349
408 349 408 349
409 349 409 349
411 349 411 349
412 349 412 349
413 349 413 349
