415 314 414 315
416 314 415 315
415 316 413 317
416 316 415 317
420 316 419 317
424 316 422 317
425 316 423 317
414 317 412 318
415 317 413 318
416 317 415 318
418 317 416 318
420 317 419 318
421 317 420 318
423 317 421 318
425 317 423 318
427 317 424 318
409 318 372 311
412 318 410 320
414 318 412 319
415 318 414 319
416 318 414 320
420 318 419 320
421 318 420 320
424 318 422 320
425 318 423 320
427 318 424 320
409 319 372 313
411 319 408 321
412 319 410 321
414 319 412 321
415 319 413 321
416 319 414 321
420 319 418 321
425 319 423 321
427 319 424 321
412 321 410 322
414 321 412 323
415 321 413 323
434 321 431 322
435 321 433 322
414 322 412 325
415 322 413 325
416 322 414 323
419 322 417 323
420 322 418 323
421 322 420 323
423 322 421 323
425 322 423 324
427 322 425 324
410 323 408 324
414 323 412 326
415 323 413 326
416 323 414 325
419 323 417 325
420 323 419 324
421 323 420 325
424 323 422 325
425 323 423 325
427 323 425 325
428 323 426 325
419 324 417 326
420 324 418 326
423 324 420 327
424 324 422 327
425 324 423 326
427 324 425 326
432 324 428 325
410 326 408 327
411 326 409 327
432 326 428 326
407 327 405 328
409 327 407 328
411 327 409 328
414 327 412 328
415 327 413 328
416 327 415 328
419 327 417 328
421 327 420 328
423 327 421 328
425 327 423 329
427 327 425 329
428 327 426 328
433 327 432 326
406 328 403 330
407 328 405 330
409 328 407 330
410 328 408 329
411 328 409 330
414 328 412 330
415 328 413 330
416 328 415 330
419 328 416 330
420 328 418 330
421 328 420 330
423 328 421 330
425 328 423 330
427 328 425 330
428 328 426 330
432 328 430 328
433 328 431 328
393 330 393 329
402 330 400 330
403 330 402 331
407 330 405 331
410 330 408 331
411 330 409 331
414 330 412 331
415 330 413 331
420 330 418 331
421 330 420 331
424 330 422 331
425 330 423 331
427 330 425 331
428 330 426 331
430 330 429 330
432 330 431 330
437 330 435 332
396 331 393 331
397 331 395 331
398 331 396 332
402 331 400 332
414 331 412 333
415 331 413 333
420 331 418 333
421 331 419 333
424 331 422 333
425 331 423 333
427 331 425 333
430 331 430 331
432 331 432 331
397 332 395 333
398 332 396 333
400 332 398 333
402 332 400 333
403 332 402 333
409 332 407 333
410 332 408 333
411 332 409 333
416 332 415 333
418 332 416 333
430 332 430 333
432 332 432 333
397 333 395 335
398 333 396 335
400 333 398 335
402 333 400 335
403 333 402 335
405 333 403 335
407 333 405 335
409 333 407 335
410 333 408 334
411 333 409 335
414 333 412 335
415 333 413 335
416 333 414 335
419 333 417 335
420 333 418 335
421 333 419 335
424 333 422 335
425 333 423 335
427 333 425 335
433 333 433 334
396 335 394 335
398 335 397 336
400 335 398 336
402 335 400 336
403 335 402 336
409 335 406 336
410 335 408 336
411 335 409 336
414 335 412 336
415 335 413 336
416 335 414 336
419 335 417 336
420 335 418 336
421 335 419 336
424 335 422 337
425 335 423 336
427 335 425 336
428 335 426 336
432 335 432 335
433 335 433 335
396 336 394 336
397 336 395 337
398 336 396 337
402 336 400 337
403 336 402 337
409 336 406 338
410 336 408 338
411 336 409 338
414 336 412 338
415 336 413 338
416 336 414 338
419 336 417 338
420 336 418 338
421 336 419 338
424 336 422 338
425 336 423 338
427 336 425 338
432 336 432 336
396 337 394 338
397 337 395 338
400 337 398 338
407 337 404 339
409 337 406 339
414 337 411 339
415 337 413 339
425 337 423 339
430 337 429 338
395 339 378 329
396 339 394 339
397 339 395 339
398 339 396 340
402 339 400 340
403 339 402 340
405 339 403 340
410 339 408 340
411 339 409 340
416 339 414 340
419 339 417 340
420 339 418 340
421 339 419 340
427 339 425 340
428 339 426 340
393 340 391 341
396 340 393 341
397 340 395 341
398 340 396 341
401 340 399 341
402 340 400 341
403 340 402 341
405 340 403 341
407 340 405 341
409 340 407 341
410 340 408 341
411 340 409 341
415 340 413 341
416 340 414 341
419 340 416 342
420 340 418 342
421 340 419 342
425 340 423 342
427 340 425 341
428 340 426 341
393 341 391 342
398 341 396 342
401 341 399 342
402 341 400 342
403 341 402 342
405 341 403 342
407 341 405 342
409 341 407 342
410 341 408 342
414 341 412 343
416 341 414 343
419 341 416 343
421 341 419 343
397 342 395 345
401 342 399 344
402 342 400 344
411 342 409 343
415 342 413 343
419 342 416 344
421 342 418 345
423 342 419 345
393 344 391 345
396 344 393 345
400 344 397 346
401 344 399 346
403 344 402 345
405 344 403 345
406 344 404 345
409 344 407 345
410 344 408 345
411 344 409 345
414 344 412 345
415 344 413 345
416 344 415 345
421 344 418 346
393 345 391 346
396 345 394 346
403 345 402 346
405 345 403 346
407 345 405 346
409 345 407 346
410 345 408 346
411 345 409 346
415 345 413 346
416 345 415 346
393 346 391 348
402 346 400 347
403 346 401 348
405 346 403 348
407 346 405 348
409 346 407 347
410 346 408 347
411 346 409 348
396 348 393 348
405 348 403 349
414 348 413 348
416 348 416 348
396 349 393 349
407 349 405 350
409 349 407 350
410 349 408 350
411 349 410 350
412 349 411 350
414 349 413 349
398 350 396 351
400 350 398 351
402 350 400 351
403 350 402 351
405 350 403 351
406 350 404 351
409 350 407 351
410 350 408 351
411 350 409 351
414 350 411 351
