419 303 409 310
421 303 412 310
423 303 413 309
425 303 415 309
427 303 417 310
429 303 419 310
430 303 421 310
432 303 423 310
434 303 425 310
436 303 427 310
438 303 429 310
440 303 431 310
441 303 432 310
443 303 434 310
445 303 438 310
419 305 409 312
421 305 412 312
423 305 413 311
425 305 415 311
427 305 417 311
429 305 419 312
430 305 421 312
432 305 423 312
434 305 425 312
436 305 427 312
438 305 429 312
440 305 431 312
441 305 432 312
443 305 434 312
419 307 409 314
421 307 411 314
423 307 413 313
425 307 415 313
427 307 417 313
429 307 419 314
430 307 421 314
432 307 423 314
434 307 425 314
436 307 427 314
438 307 428 314
440 307 430 314
441 307 432 314
443 307 434 314
445 307 436 314
395 309 385 314
397 309 387 314
399 309 389 314
401 309 391 314
405 309 395 314
408 309 397 314
417 309 407 315
419 309 409 315
421 309 411 316
423 309 413 315
425 309 415 315
427 309 417 315
429 309 419 315
430 309 421 316
432 309 423 316
434 309 425 316
436 309 427 316
438 309 428 316
440 309 430 316
441 309 432 316
443 309 434 316
445 309 436 316
395 310 385 316
397 310 387 316
399 310 389 316
401 310 391 316
403 310 393 316
405 310 395 316
406 310 396 316
417 310 407 317
419 310 409 317
421 310 411 317
423 310 413 317
425 310 415 317
427 310 417 317
429 310 419 317
430 310 420 317
434 310 425 317
436 310 427 317
438 310 429 317
440 310 430 317
441 310 432 317
443 310 434 318
445 310 436 318
447 310 437 318
388 312 379 317
390 312 380 317
392 312 382 317
397 312 387 318
399 312 389 318
401 312 391 318
403 312 393 318
405 312 395 318
406 312 396 318
417 312 407 319
419 312 409 319
421 312 411 319
423 312 413 319
425 312 415 319
427 312 417 319
429 312 418 319
430 312 420 319
432 312 423 319
434 312 425 319
436 312 426 319
438 312 429 319
440 312 431 319
441 312 432 319
443 312 434 319
445 312 436 320
447 312 437 320
388 314 379 319
390 314 381 318
392 314 382 319
394 314 384 319
397 314 387 320
399 314 389 320
401 314 391 320
403 314 393 320
405 314 395 320
406 314 396 320
417 314 407 320
419 314 409 321
421 314 411 321
423 314 413 321
425 314 415 321
427 314 417 321
429 314 418 321
430 314 420 321
434 314 424 321
436 314 425 322
438 314 429 321
440 314 431 321
441 314 432 321
443 314 434 321
445 314 435 322
447 314 437 322
449 314 440 323
388 316 379 320
390 316 381 320
392 316 382 321
394 316 384 321
395 316 385 321
397 316 387 322
399 316 389 322
401 316 390 322
403 316 392 322
405 316 394 322
410 316 399 322
412 316 401 322
414 316 403 322
416 316 405 322
417 316 407 323
419 316 409 323
421 316 411 323
423 316 413 323
425 316 415 323
427 316 417 323
429 316 418 323
430 316 420 323
432 316 422 323
434 316 424 323
436 316 426 324
438 316 428 323
440 316 430 323
441 316 432 323
443 316 434 323
445 316 435 323
447 316 437 323
388 318 379 322
390 318 381 322
392 318 382 322
394 318 384 323
395 318 385 323
397 318 387 323
399 318 389 324
401 318 390 324
403 318 392 324
405 318 394 324
406 318 396 324
408 318 398 324
410 318 399 324
412 318 401 324
414 318 403 325
416 318 405 325
417 318 407 325
421 318 411 325
423 318 413 325
425 318 415 325
427 318 417 325
429 318 419 325
430 318 420 325
432 318 422 325
434 318 424 325
436 318 426 325
438 318 428 325
440 318 430 325
441 318 432 325
443 318 433 325
445 318 435 325
447 318 437 325
449 318 439 325
451 318 441 326
388 320 379 324
390 320 380 324
392 320 382 324
394 320 384 324
395 320 386 325
397 320 387 325
399 320 389 326
401 320 391 325
403 320 392 325
405 320 394 326
406 320 396 326
408 320 397 325
410 320 399 326
412 320 401 326
414 320 403 327
416 320 405 327
417 320 407 327
419 320 409 327
421 320 411 326
423 320 413 326
425 320 414 327
427 320 416 327
429 320 418 327
430 320 420 326
432 320 422 327
434 320 424 327
436 320 426 327
438 320 428 327
440 320 429 327
441 320 431 327
443 320 433 327
445 320 435 327
447 320 437 327
449 320 439 327
451 320 441 327
388 321 379 325
390 321 380 326
392 321 382 326
394 321 384 326
395 321 385 326
397 321 387 327
399 321 389 327
401 321 391 327
403 321 393 327
405 321 394 327
406 321 396 327
408 321 397 327
410 321 400 328
412 321 401 328
414 321 403 328
416 321 405 328
417 321 407 328
419 321 409 329
421 321 410 328
425 321 414 329
427 321 416 329
429 321 418 329
430 321 420 328
432 321 422 328
434 321 424 328
440 321 429 329
441 321 431 329
443 321 433 329
445 321 435 329
447 321 437 329
449 321 439 329
451 321 441 329
454 321 443 327
388 323 379 327
390 323 380 327
392 323 382 328
394 323 384 328
395 323 385 328
397 323 387 328
399 323 389 329
401 323 391 329
403 323 393 329
405 323 394 329
406 323 396 329
408 323 397 329
410 323 399 330
412 323 401 330
414 323 403 330
416 323 405 330
417 323 406 330
419 323 408 330
421 323 410 330
423 323 412 331
425 323 414 331
427 323 416 331
429 323 418 331
430 323 420 330
432 323 421 330
434 323 424 330
436 323 425 331
438 323 427 331
440 323 429 331
441 323 431 331
443 323 433 331
445 323 435 331
447 323 437 331
449 323 439 331
454 323 443 330
388 325 379 329
390 325 380 329
392 325 382 329
394 325 384 330
395 325 385 329
397 325 387 330
399 325 389 330
401 325 391 330
403 325 392 331
405 325 394 331
406 325 396 331
408 325 397 331
412 325 401 332
414 325 403 332
416 325 405 332
417 325 406 332
419 325 408 332
421 325 410 332
423 325 412 332
425 325 414 332
427 325 416 332
429 325 418 332
430 325 419 332
432 325 421 333
434 325 423 332
436 325 425 333
438 325 427 333
440 325 429 333
441 325 431 333
449 325 439 332
451 325 441 333
452 325 442 333
454 325 444 333
458 325 446 331
388 327 378 331
390 327 380 331
392 327 382 331
394 327 384 331
395 327 385 331
397 327 387 332
399 327 389 332
401 327 391 332
403 327 393 332
405 327 394 333
406 327 395 333
408 327 397 333
410 327 399 333
412 327 401 334
414 327 403 334
416 327 405 334
417 327 407 334
419 327 408 334
421 327 410 334
423 327 412 334
425 327 414 334
427 327 416 334
429 327 417 334
430 327 419 334
432 327 421 334
434 327 423 334
436 327 425 334
438 327 427 334
440 327 428 334
441 327 430 335
443 327 432 335
445 327 435 334
449 327 438 334
451 327 440 334
452 327 441 334
454 327 444 335
456 327 446 335
458 327 446 332
390 329 380 333
392 329 382 333
394 329 384 333
395 329 385 333
397 329 387 334
399 329 389 334
401 329 391 334
403 329 392 334
405 329 394 334
406 329 396 335
408 329 397 335
410 329 399 335
412 329 401 335
414 329 403 336
416 329 405 336
417 329 406 336
419 329 408 336
421 329 410 336
423 329 412 336
425 329 414 336
427 329 416 336
429 329 418 336
430 329 419 336
432 329 421 336
434 329 423 336
436 329 425 336
438 329 427 336
440 329 428 336
441 329 431 336
443 329 432 336
445 329 435 336
451 329 440 336
454 329 443 336
458 329 447 336
390 331 379 335
394 331 384 335
395 331 385 335
397 331 387 335
399 331 389 336
401 331 391 336
403 331 393 336
405 331 394 336
406 331 396 336
408 331 397 337
410 331 399 337
414 331 403 337
416 331 405 338
417 331 406 338
419 331 408 338
421 331 410 338
423 331 412 338
425 331 414 338
427 331 416 338
429 331 417 338
430 331 419 338
432 331 421 338
434 331 423 338
436 331 425 338
440 331 429 338
441 331 430 338
447 331 436 338
449 331 438 338
451 331 440 338
452 331 442 338
454 331 444 338
456 331 446 338
392 332 381 337
394 332 384 337
395 332 385 337
397 332 387 337
399 332 389 337
401 332 390 338
403 332 393 338
405 332 394 338
406 332 396 338
408 332 398 338
410 332 399 338
412 332 401 339
416 332 405 339
417 332 406 339
419 332 408 339
421 332 410 339
423 332 412 339
425 332 413 340
427 332 416 339
429 332 418 339
430 332 419 339
432 332 421 339
434 332 423 340
436 332 425 340
438 332 427 339
441 332 430 340
443 332 432 339
445 332 434 340
447 332 435 340
449 332 437 340
451 332 440 340
452 332 442 340
454 332 444 340
458 332 447 340
392 334 382 338
394 334 383 338
395 334 385 339
397 334 387 339
399 334 389 339
401 334 391 339
403 334 392 339
405 334 394 339
406 334 396 340
408 334 397 340
410 334 399 340
412 334 401 340
414 334 403 340
416 334 405 341
417 334 406 341
419 334 408 342
421 334 410 341
423 334 412 341
425 334 413 341
427 334 415 341
429 334 417 341
430 334 419 341
432 334 421 341
434 334 423 341
436 334 425 342
438 334 427 342
440 334 428 341
441 334 430 342
443 334 432 342
445 334 434 342
447 334 435 342
449 334 437 342
458 334 446 342
392 336 382 340
394 336 383 340
395 336 385 340
397 336 387 340
399 336 389 341
401 336 391 341
403 336 392 341
405 336 394 341
406 336 395 341
408 336 397 342
410 336 399 342
412 336 401 342
414 336 403 342
417 336 406 343
419 336 408 344
421 336 410 344
423 336 411 343
425 336 413 343
427 336 415 343
429 336 417 343
430 336 419 343
432 336 421 343
434 336 423 343
436 336 425 343
438 336 426 343
440 336 428 344
441 336 430 344
449 336 437 344
452 336 442 344
458 336 446 343
395 338 385 342
397 338 387 342
399 338 388 342
401 338 390 342
403 338 392 343
405 338 394 343
406 338 395 343
408 338 397 344
410 338 399 344
412 338 401 344
414 338 402 344
416 338 404 344
417 338 406 345
419 338 407 345
423 338 411 345
425 338 413 345
427 338 415 345
429 338 417 345
430 338 418 345
432 338 420 345
434 338 422 345
436 338 424 345
438 338 426 345
440 338 428 345
443 338 432 345
445 338 434 345
454 338 444 345
458 338 446 345
395 340 385 344
397 340 387 344
399 340 389 344
401 340 391 344
403 340 392 344
405 340 394 345
406 340 395 345
408 340 397 345
410 340 399 346
412 340 401 346
414 340 402 346
416 340 404 346
421 340 409 346
423 340 411 347
425 340 413 347
427 340 415 347
429 340 417 347
430 340 418 347
432 340 420 347
434 340 422 347
436 340 424 347
438 340 426 347
440 340 428 347
441 340 431 346
449 340 437 346
452 340 442 347
454 340 444 347
395 342 385 346
397 342 387 346
399 342 389 346
401 342 390 346
403 342 392 346
405 342 394 346
406 342 395 347
408 342 397 347
410 342 399 347
412 342 401 347
414 342 402 347
416 342 404 347
417 342 406 348
419 342 407 348
421 342 409 348
423 342 411 349
425 342 413 349
427 342 415 349
429 342 417 349
430 342 418 349
432 342 420 349
434 342 422 349
436 342 425 349
438 342 426 349
440 342 428 349
441 342 430 350
397 344 387 348
399 344 389 348
401 344 390 348
403 344 392 348
405 344 394 348
406 344 395 348
408 344 397 349
410 344 399 349
412 344 401 349
414 344 402 349
416 344 404 349
419 344 407 350
423 344 411 350
425 344 413 350
427 344 415 350
429 344 416 351
430 344 418 351
432 344 420 351
434 344 422 351
436 344 424 351
438 344 426 351
440 344 428 351
397 345 387 349
399 345 389 349
401 345 390 349
403 345 392 350
405 345 394 350
406 345 395 350
408 345 397 351
410 345 399 351
412 345 400 351
414 345 402 351
416 345 404 351
417 345 405 351
419 345 407 352
421 345 409 352
423 345 411 352
425 345 413 352
427 345 415 352
429 345 416 352
430 345 418 352
432 345 420 352
434 345 422 352
436 345 424 352
397 347 386 351
399 347 388 351
401 347 390 351
403 347 392 351
405 347 394 352
406 347 395 352
408 347 397 352
410 347 399 353
412 347 400 353
414 347 402 353
416 347 404 353
417 347 406 353
419 347 407 353
421 347 409 354
423 347 411 354
425 347 413 354
427 347 414 354
429 347 416 354
430 347 418 354
432 347 420 354
401 349 390 353
403 349 392 353
405 349 394 353
406 349 395 354
408 349 397 354
410 349 398 354
412 349 400 354
414 349 402 355
416 349 404 355
419 349 407 355
421 349 409 356
423 349 411 356
425 349 412 356
427 349 414 356
429 349 416 356
436 349 422 356
403 351 392 355
405 351 393 355
406 351 395 356
410 351 398 356
414 351 402 356
423 351 411 358
427 351 414 357
432 351 420 358
436 351 423 358
403 353 392 357
405 353 393 357
406 353 395 357
408 353 397 357
436 353 422 360
412 355 399 359
414 355 401 359
417 355 404 359
419 355 408 360
403 356 399 360
405 356 393 360
406 356 395 359
408 356 397 360
414 356 400 361
416 356 402 361
417 356 404 361
