419 303 409 313
423 303 412 314
425 303 414 314
427 303 415 314
430 303 420 316
432 303 421 317
434 303 423 316
436 303 424 317
440 303 427 314
441 303 429 313
443 303 431 313
445 303 434 313
421 305 411 319
423 305 412 315
425 305 414 316
427 305 416 317
429 305 417 317
430 305 419 318
432 305 421 319
434 305 422 318
436 305 424 319
440 305 427 318
441 305 428 318
443 305 430 318
419 307 409 321
421 307 411 321
425 307 414 318
427 307 415 318
429 307 417 319
430 307 419 320
432 307 420 320
434 307 422 320
436 307 424 320
440 307 426 320
441 307 428 320
443 307 430 320
399 309 389 321
403 309 393 321
405 309 395 321
408 309 397 322
419 309 409 323
421 309 410 323
425 309 413 322
427 309 415 322
429 309 417 322
430 309 418 322
432 309 419 322
434 309 421 322
436 309 423 322
440 309 425 322
441 309 428 322
443 309 429 322
445 309 431 322
401 310 391 323
403 310 393 323
405 310 394 323
417 310 406 322
419 310 408 324
421 310 410 324
423 310 411 324
427 310 414 324
429 310 416 324
430 310 417 323
432 310 419 324
434 310 421 324
436 310 423 323
441 310 427 323
443 310 429 324
445 310 430 324
395 312 385 323
397 312 387 323
399 312 389 324
401 312 391 324
406 312 396 326
417 312 406 324
419 312 407 325
423 312 411 325
427 312 414 326
430 312 417 325
432 312 419 325
434 312 421 325
438 312 423 326
440 312 425 325
441 312 427 325
443 312 428 325
445 312 430 326
397 314 387 325
399 314 389 326
401 314 391 326
403 314 393 325
405 314 394 325
408 314 398 326
417 314 405 327
421 314 409 327
423 314 411 327
427 314 413 328
429 314 415 328
430 314 417 326
432 314 418 327
436 314 420 328
438 314 422 328
440 314 425 327
441 314 426 327
443 314 427 327
403 316 392 327
405 316 394 327
406 316 395 327
408 316 398 327
412 316 400 327
414 316 401 327
416 316 403 329
417 316 405 329
419 316 407 329
421 316 408 329
423 316 410 329
427 316 413 329
429 316 414 329
430 316 416 328
432 316 418 329
436 316 420 329
438 316 422 329
440 316 424 329
441 316 425 329
443 316 427 329
447 316 430 329
397 318 387 329
403 318 392 328
405 318 393 329
406 318 395 329
408 318 397 330
412 318 399 329
414 318 401 329
416 318 403 331
417 318 404 331
421 318 408 331
423 318 409 331
427 318 413 331
430 318 416 330
434 318 418 330
436 318 420 331
438 318 421 331
440 318 423 331
441 318 425 331
443 318 427 331
449 318 431 330
452 318 435 323
403 320 392 330
406 320 394 331
408 320 396 331
412 320 399 331
416 320 402 332
417 320 404 333
419 320 406 332
421 320 407 333
423 320 409 332
427 320 411 333
429 320 414 332
430 320 415 332
434 320 418 332
436 320 419 333
438 320 421 333
440 320 423 332
441 320 424 332
445 320 427 332
449 320 431 332
388 321 378 329
414 321 400 332
416 321 402 334
417 321 403 334
421 321 407 334
427 321 411 335
429 321 414 334
430 321 415 334
434 321 418 334
436 321 419 334
440 321 422 334
441 321 424 334
445 321 427 334
447 321 428 334
449 321 430 334
451 321 432 334
408 323 394 333
410 323 396 333
412 323 398 334
414 323 399 334
416 323 401 336
417 323 403 336
419 323 405 336
425 323 409 336
429 323 413 335
432 323 415 336
434 323 417 336
436 323 419 336
438 323 420 335
441 323 423 335
443 323 425 335
445 323 426 336
447 323 428 335
449 323 430 335
451 323 431 336
456 323 440 338
388 325 377 334
399 325 385 327
408 325 394 334
410 325 396 335
412 325 397 335
414 325 399 336
419 325 404 338
423 325 407 338
425 325 409 337
427 325 410 338
429 325 412 337
432 325 415 338
434 325 416 338
436 325 418 338
440 325 421 337
441 325 423 337
443 325 424 337
445 325 426 337
447 325 427 337
449 325 429 337
454 325 433 337
416 327 400 338
419 327 404 339
423 327 407 339
425 327 408 339
427 327 410 339
429 327 411 339
432 327 414 339
434 327 416 340
436 327 417 340
440 327 420 339
441 327 422 339
443 327 424 339
447 327 427 339
449 327 429 339
452 327 431 338
454 327 433 338
456 327 434 338
405 329 389 333
414 329 398 338
416 329 399 337
417 329 401 340
421 329 404 341
423 329 406 341
425 329 407 341
430 329 412 341
432 329 414 341
434 329 415 341
436 329 417 341
440 329 420 341
441 329 421 341
443 329 423 341
445 329 425 341
447 329 426 341
452 329 431 340
454 329 432 340
456 329 434 340
399 331 384 334
414 331 397 339
416 331 399 339
419 331 402 342
421 331 404 343
423 331 405 343
425 331 407 343
427 331 409 342
430 331 412 342
432 331 413 343
434 331 415 343
440 331 419 342
441 331 421 342
445 331 424 342
447 331 426 342
452 331 431 342
454 331 432 342
456 331 434 342
458 331 435 342
414 332 397 341
416 332 399 342
417 332 400 342
421 332 403 344
423 332 405 344
427 332 408 344
430 332 411 344
432 332 413 344
438 332 417 344
440 332 419 344
443 332 422 343
445 332 424 344
447 332 426 344
451 332 428 344
452 332 430 344
454 332 432 343
456 332 434 343
458 332 435 344
408 334 391 339
412 334 395 342
414 334 396 342
416 334 398 343
417 334 400 344
419 334 401 344
425 334 406 346
427 334 408 345
430 334 411 346
432 334 412 346
434 334 414 345
436 334 416 345
440 334 418 345
441 334 420 345
443 334 422 345
445 334 423 345
447 334 425 346
452 334 430 345
454 334 431 345
456 334 433 346
458 334 435 346
403 336 385 339
405 336 387 339
414 336 396 344
416 336 397 344
417 336 399 345
419 336 401 346
421 336 402 346
423 336 404 347
425 336 406 347
429 336 409 347
430 336 410 347
434 336 413 347
438 336 416 347
440 336 418 347
441 336 420 347
443 336 421 347
447 336 425 347
452 336 429 347
454 336 431 347
397 338 379 335
399 338 381 336
405 338 387 341
406 338 388 341
410 338 392 343
417 338 398 346
419 338 400 347
421 338 402 348
423 338 403 348
427 338 407 349
429 338 408 349
430 338 409 349
432 338 411 349
434 338 413 349
438 338 416 349
454 338 433 347
399 340 380 337
401 340 382 338
405 340 386 342
406 340 388 343
408 340 389 343
412 340 393 345
414 340 395 347
416 340 396 347
419 340 400 348
421 340 402 350
423 340 403 350
427 340 406 350
429 340 408 351
432 340 411 350
434 340 413 350
438 340 416 350
440 340 418 350
394 342 381 342
401 342 382 339
406 342 387 344
410 342 390 345
412 342 392 346
414 342 394 348
416 342 396 348
419 342 399 349
421 342 401 352
425 342 404 352
427 342 406 352
429 342 407 352
430 342 409 352
432 342 411 352
434 342 412 352
438 342 415 353
399 344 379 339
401 344 381 341
405 344 384 342
410 344 390 346
412 344 391 347
414 344 393 348
417 344 397 350
419 344 398 350
423 344 402 354
425 344 403 354
427 344 405 353
429 344 407 354
430 344 409 354
432 344 410 354
434 344 412 354
403 345 382 343
414 345 393 349
419 345 398 352
421 345 400 353
423 345 401 355
425 345 403 355
427 345 405 355
430 345 408 356
397 347 390 352
399 347 392 352
410 347 389 349
425 347 403 357
427 347 404 357
430 347 407 357
432 347 425 350
443 347 430 351
432 349 424 351
440 349 428 352
416 355 415 357
416 356 415 358
