419 303 392 295
441 303 429 307
443 303 430 308
419 305 391 297
419 307 401 300
441 307 424 323
388 309 375 304
421 309 385 303
436 309 417 308
443 309 422 309
417 310 381 304
441 310 423 326
443 310 422 311
434 312 398 303
436 312 418 328
432 314 411 314
434 314 412 314
443 314 423 313
445 314 424 314
416 316 377 304
419 316 381 305
423 316 388 306
432 316 410 315
434 316 412 316
441 316 420 316
443 316 422 315
445 316 423 330
416 318 378 307
425 318 390 308
438 318 417 332
440 318 418 317
441 318 419 318
443 318 421 319
445 318 423 319
447 318 424 318
449 318 428 316
419 320 386 308
421 320 388 309
432 320 411 334
438 320 416 334
440 320 417 319
441 320 418 320
443 320 420 321
445 320 422 321
447 320 423 333
449 320 424 334
454 320 433 320
417 321 383 311
421 321 387 310
432 321 411 336
436 321 414 335
438 321 416 336
447 321 422 335
449 321 423 335
414 323 397 338
417 323 382 312
421 323 387 311
427 323 391 311
445 323 420 336
388 325 372 319
392 325 375 322
394 325 377 323
423 325 389 312
427 325 391 313
434 325 412 324
440 325 415 338
441 325 417 338
447 325 421 337
451 325 423 337
454 325 425 336
456 325 427 337
395 327 378 326
417 327 380 314
434 327 411 326
441 327 416 339
445 327 419 339
454 327 425 338
419 329 381 316
429 329 406 328
432 329 408 329
434 329 410 328
436 329 411 328
440 329 415 325
445 329 418 341
449 329 421 339
451 329 422 340
454 329 424 340
392 331 373 324
438 331 412 326
443 331 416 342
445 331 417 342
449 331 420 341
452 331 422 341
454 331 424 342
416 332 425 330
432 332 407 345
434 332 409 345
436 332 410 342
438 332 410 344
443 332 415 343
445 332 417 344
449 332 419 343
432 334 406 346
443 334 414 345
438 336 410 332
445 336 416 346
397 338 373 316
399 338 375 317
432 338 404 333
436 338 409 333
438 338 410 334
399 340 375 318
423 340 381 329
434 340 405 336
436 340 408 335
423 342 397 349
429 342 401 337
430 342 403 337
434 342 404 338
408 344 383 336
410 344 385 337
412 344 386 338
427 344 383 331
429 344 401 339
430 344 402 339
408 345 382 338
410 345 383 339
430 347 391 342
430 349 390 343
