419 303 408 311
421 303 411 312
423 303 412 311
427 303 417 312
429 303 419 313
430 303 420 313
432 303 422 312
434 303 424 312
436 303 426 312
438 303 428 313
440 303 430 312
441 303 431 313
443 303 433 310
445 303 435 311
419 305 409 314
421 305 411 314
423 305 413 314
425 305 415 314
427 305 417 314
429 305 419 314
430 305 420 314
432 305 422 315
434 305 424 315
436 305 426 314
438 305 428 314
440 305 430 315
441 305 431 315
443 305 433 314
419 307 409 316
421 307 411 316
423 307 413 316
429 307 418 316
430 307 420 317
432 307 422 317
434 307 424 317
436 307 426 317
438 307 427 316
440 307 429 316
441 307 431 317
443 307 432 316
399 309 389 316
401 309 391 316
403 309 394 317
405 309 395 317
408 309 397 317
417 309 407 318
419 309 409 318
421 309 411 318
423 309 413 318
425 309 414 318
427 309 416 318
429 309 418 318
430 309 420 318
432 309 422 318
434 309 423 318
436 309 425 319
438 309 427 318
440 309 429 318
441 309 431 319
443 309 432 318
445 309 434 319
399 310 389 318
401 310 391 318
403 310 393 318
405 310 394 320
406 310 396 320
417 310 407 319
419 310 409 320
421 310 411 320
423 310 412 320
425 310 414 320
427 310 416 320
429 310 418 320
430 310 419 320
432 310 421 320
434 310 423 320
436 310 425 320
440 310 428 320
441 310 430 320
443 310 432 320
445 310 434 320
447 310 436 320
401 312 391 320
403 312 393 320
405 312 394 321
406 312 396 321
408 312 397 321
417 312 407 321
419 312 408 321
421 312 410 322
423 312 412 322
425 312 414 322
427 312 416 322
429 312 417 322
430 312 419 322
432 312 421 322
434 312 423 322
440 312 428 322
443 312 432 322
445 312 434 322
447 312 436 322
401 314 391 322
403 314 393 322
408 314 397 322
417 314 406 323
419 314 408 323
421 314 410 324
423 314 412 324
425 314 414 324
427 314 416 324
429 314 417 324
430 314 419 324
432 314 421 324
434 314 423 324
436 314 425 323
438 314 427 323
440 314 429 323
441 314 430 324
443 314 432 324
445 314 434 324
447 314 436 324
403 316 392 324
405 316 394 324
406 316 395 324
408 316 397 324
412 316 400 324
414 316 402 324
416 316 403 325
417 316 406 325
419 316 408 325
421 316 410 325
423 316 412 325
425 316 413 325
427 316 416 325
429 316 417 325
430 316 419 325
432 316 421 325
436 316 425 325
438 316 427 325
440 316 428 325
441 316 430 326
443 316 431 326
445 316 433 326
447 316 435 326
390 318 380 321
395 318 385 325
397 318 386 325
403 318 392 325
405 318 393 326
406 318 395 326
408 318 397 326
412 318 400 326
414 318 402 326
416 318 404 327
417 318 406 327
419 318 408 327
421 318 409 327
423 318 411 327
425 318 413 327
427 318 415 327
429 318 417 327
430 318 419 327
434 318 422 328
436 318 425 327
438 318 426 327
443 318 431 328
445 318 433 328
447 318 435 328
390 320 379 323
392 320 381 323
397 320 386 327
399 320 388 327
401 320 390 327
403 320 392 327
405 320 393 327
406 320 395 328
412 320 400 328
416 320 404 329
417 320 406 329
419 320 408 329
421 320 409 329
423 320 411 329
425 320 413 329
427 320 415 329
429 320 417 329
432 320 420 329
436 320 423 330
438 320 425 330
443 320 430 329
445 320 433 329
447 320 434 329
449 320 436 329
451 320 438 330
390 321 379 324
392 321 381 324
397 321 387 328
399 321 388 328
401 321 390 328
403 321 392 328
405 321 393 329
406 321 395 329
408 321 396 329
412 321 400 330
416 321 404 331
417 321 406 331
419 321 408 331
421 321 409 331
423 321 412 331
425 321 414 330
427 321 415 331
430 321 417 331
432 321 420 331
434 321 422 331
438 321 425 331
440 321 427 331
441 321 429 331
445 321 432 331
447 321 434 331
449 321 436 331
451 321 438 331
456 321 443 331
390 323 379 326
392 323 381 326
394 323 382 326
395 323 384 328
405 323 393 330
406 323 394 331
408 323 396 331
410 323 398 332
416 323 404 333
417 323 406 332
419 323 407 332
425 323 414 332
429 323 415 333
430 323 417 333
432 323 419 333
434 323 421 333
436 323 423 333
438 323 425 333
440 323 427 333
441 323 428 333
443 323 430 333
445 323 432 333
447 323 434 333
449 323 436 333
390 325 379 327
392 325 381 328
394 325 382 328
397 325 386 330
399 325 387 330
401 325 389 331
406 325 394 332
408 325 396 333
410 325 398 333
414 325 401 333
416 325 403 334
417 325 406 334
421 325 408 335
423 325 409 335
425 325 411 335
427 325 413 335
429 325 415 334
430 325 417 335
432 325 419 335
434 325 421 335
436 325 423 335
438 325 425 335
440 325 426 335
441 325 428 335
443 325 430 335
445 325 432 335
447 325 434 335
449 325 435 335
390 327 379 329
392 327 381 329
394 327 382 330
395 327 384 330
397 327 385 331
399 327 387 331
403 327 391 333
406 327 394 334
408 327 396 334
410 327 398 335
414 327 401 335
416 327 403 336
421 327 408 336
423 327 410 336
425 327 412 336
427 327 414 336
429 327 415 336
430 327 417 337
432 327 419 337
434 327 421 337
436 327 423 337
438 327 425 337
440 327 426 337
441 327 428 337
445 327 432 337
447 327 433 337
449 327 435 337
390 329 379 331
392 329 380 331
394 329 382 331
395 329 383 332
401 329 389 334
403 329 391 334
412 329 399 337
414 329 401 337
416 329 402 337
417 329 404 338
421 329 408 338
423 329 410 338
425 329 412 338
427 329 413 338
429 329 415 338
430 329 417 338
432 329 419 339
434 329 420 338
438 329 424 339
440 329 426 339
443 329 429 338
445 329 431 339
447 329 433 339
449 329 435 339
451 329 436 339
392 331 380 333
395 331 383 333
397 331 385 334
399 331 387 335
401 331 389 335
405 331 391 336
406 331 393 337
412 331 399 338
414 331 400 338
416 331 402 339
417 331 404 339
419 331 406 340
421 331 408 340
423 331 410 340
425 331 411 340
427 331 413 340
429 331 415 340
430 331 417 340
432 331 419 340
434 331 420 340
436 331 422 340
438 331 424 340
440 331 425 340
441 331 428 340
443 331 429 340
445 331 431 340
447 331 433 340
449 331 435 340
394 332 381 335
395 332 382 335
397 332 385 336
399 332 387 337
401 332 389 337
403 332 390 338
405 332 392 338
406 332 394 338
412 332 398 340
414 332 400 340
416 332 402 340
417 332 404 341
419 332 406 341
421 332 407 341
423 332 409 342
425 332 411 342
427 332 413 342
429 332 415 342
430 332 416 342
432 332 418 342
434 332 420 342
436 332 422 342
438 332 424 342
441 332 427 342
443 332 429 342
445 332 431 342
447 332 432 342
392 334 380 338
395 334 382 337
397 334 384 337
401 334 389 339
403 334 390 339
405 334 392 339
408 334 395 340
410 334 397 341
416 334 402 342
417 334 404 342
419 334 405 343
421 334 407 343
423 334 409 343
425 334 411 343
427 334 413 343
429 334 414 343
430 334 416 344
432 334 418 343
434 334 420 344
436 334 422 344
438 334 423 344
440 334 425 344
441 334 427 344
443 334 429 344
445 334 431 344
447 334 432 344
394 336 381 338
397 336 384 339
399 336 386 339
401 336 388 340
405 336 392 341
408 336 395 342
410 336 396 342
412 336 398 343
414 336 400 343
416 336 402 344
417 336 403 344
419 336 405 344
421 336 407 345
423 336 409 345
425 336 411 345
427 336 412 345
429 336 414 345
430 336 416 345
432 336 418 345
434 336 420 345
436 336 421 346
438 336 423 346
441 336 427 345
443 336 429 345
445 336 431 345
394 338 381 341
395 338 383 340
399 338 386 341
403 338 389 341
406 338 393 344
408 338 394 344
410 338 396 344
412 338 398 344
414 338 400 345
419 338 405 346
421 338 407 346
423 338 408 346
425 338 410 347
427 338 412 347
429 338 414 347
430 338 415 347
432 338 417 347
434 338 419 347
436 338 421 347
438 338 423 347
440 338 425 347
443 338 429 347
395 340 383 342
397 340 384 342
399 340 386 343
403 340 389 343
405 340 390 343
408 340 394 345
410 340 396 346
412 340 398 346
414 340 400 347
416 340 401 347
417 340 403 347
419 340 405 348
421 340 406 348
423 340 408 348
425 340 410 349
427 340 412 349
429 340 414 349
430 340 415 349
432 340 417 349
434 340 419 349
436 340 421 349
440 340 425 349
395 342 382 344
397 342 384 344
399 342 386 344
403 342 389 345
405 342 390 345
406 342 392 346
408 342 394 347
410 342 396 347
412 342 398 348
414 342 400 348
416 342 401 348
417 342 402 349
419 342 404 350
421 342 406 350
423 342 408 350
425 342 410 350
427 342 412 351
429 342 413 351
430 342 415 351
397 344 384 346
401 344 387 346
403 344 389 346
405 344 391 347
406 344 392 348
410 344 396 349
412 344 397 349
414 344 399 350
416 344 401 350
417 344 402 350
421 344 406 352
423 344 408 352
425 344 409 352
427 344 411 353
429 344 413 353
430 344 415 352
399 345 386 348
403 345 389 348
405 345 390 349
406 345 392 349
408 345 394 349
410 345 395 350
412 345 397 351
414 345 399 351
416 345 401 352
417 345 402 352
419 345 404 352
421 345 406 353
423 345 408 354
425 345 409 354
427 345 411 354
429 345 413 354
401 347 387 349
403 347 388 350
405 347 390 350
406 347 392 350
408 347 393 351
410 347 395 352
412 347 397 352
414 347 399 353
416 347 400 353
417 347 402 354
419 347 404 354
421 347 406 355
423 347 407 355
414 349 398 355
416 349 400 355
417 349 402 355
