419 303 417 303
421 303 418 303
423 303 420 303
425 303 422 303
427 303 424 303
429 303 426 304
430 303 428 304
432 303 430 304
434 303 432 304
436 303 434 304
438 303 436 304
440 303 438 304
441 303 439 304
443 303 441 304
445 303 443 303
419 305 417 306
421 305 419 306
423 305 420 304
425 305 422 304
427 305 424 305
429 305 426 306
430 305 428 306
432 305 430 306
434 305 432 306
436 305 434 306
438 305 436 306
440 305 438 306
441 305 439 306
445 305 443 306
447 305 445 306
419 307 417 308
421 307 419 308
423 307 421 308
425 307 422 307
427 307 424 306
430 307 428 308
432 307 430 308
434 307 432 308
436 307 434 308
438 307 436 308
440 307 437 308
441 307 439 308
443 307 441 308
445 307 443 307
401 309 398 310
406 309 403 310
417 309 415 309
419 309 417 309
421 309 419 309
423 309 421 309
425 309 422 309
427 309 425 310
429 309 426 310
430 309 428 310
432 309 430 310
434 309 432 310
436 309 434 310
438 309 436 310
440 309 437 310
441 309 439 310
443 309 441 309
445 309 443 309
447 309 446 310
388 310 388 312
399 310 396 312
403 310 400 312
405 310 402 311
406 310 404 311
408 310 405 311
417 310 415 311
419 310 417 311
421 310 419 311
423 310 421 311
425 310 422 311
427 310 424 311
429 310 426 311
430 310 428 312
432 310 430 311
434 310 432 311
436 310 434 311
438 310 436 311
440 310 437 311
441 310 439 311
443 310 441 311
445 310 443 311
447 310 447 311
388 312 388 313
399 312 396 313
403 312 400 313
405 312 402 313
406 312 404 313
408 312 405 313
417 312 415 313
419 312 417 313
421 312 418 313
423 312 420 313
425 312 422 313
427 312 424 313
429 312 426 313
430 312 428 313
432 312 430 313
434 312 432 313
436 312 434 313
438 312 436 313
440 312 437 314
441 312 439 314
443 312 441 313
445 312 443 313
447 312 445 313
395 314 393 315
397 314 394 314
399 314 396 315
403 314 400 315
405 314 402 315
406 314 404 315
408 314 406 315
417 314 415 315
419 314 417 315
421 314 419 315
423 314 420 315
425 314 422 315
427 314 424 315
429 314 426 315
430 314 428 315
432 314 430 315
434 314 432 315
436 314 434 315
438 314 436 315
440 314 438 315
441 314 439 315
443 314 441 315
445 314 443 315
447 314 445 315
449 314 447 315
390 316 388 317
397 316 394 316
399 316 396 316
401 316 398 316
403 316 400 317
405 316 402 316
406 316 404 317
408 316 406 317
410 316 408 317
412 316 410 317
414 316 411 317
416 316 413 317
417 316 415 317
419 316 417 317
421 316 419 317
423 316 421 317
425 316 422 317
427 316 424 317
429 316 426 316
430 316 428 316
432 316 430 317
434 316 432 317
436 316 434 317
438 316 436 317
440 316 438 317
441 316 439 317
443 316 441 317
445 316 443 317
447 316 445 317
449 316 447 317
451 316 448 315
452 316 450 315
397 318 394 318
399 318 396 318
401 318 398 318
403 318 400 318
405 318 402 318
406 318 404 318
408 318 406 318
412 318 410 319
416 318 413 319
417 318 415 319
419 318 417 319
421 318 419 319
423 318 421 319
425 318 422 319
427 318 424 319
429 318 426 319
430 318 428 318
432 318 430 319
434 318 432 319
436 318 434 319
438 318 436 319
440 318 438 319
441 318 439 319
443 318 441 319
445 318 443 319
447 318 445 319
449 318 447 319
451 318 448 319
392 320 389 321
397 320 394 320
399 320 396 320
401 320 398 320
403 320 400 320
405 320 402 320
406 320 404 320
408 320 405 320
410 320 407 320
412 320 409 320
414 320 411 320
416 320 413 320
417 320 415 320
419 320 417 320
421 320 418 321
423 320 420 320
425 320 422 320
427 320 424 321
429 320 426 321
430 320 428 320
432 320 430 321
434 320 432 320
436 320 434 321
438 320 436 321
440 320 437 321
441 320 439 321
443 320 441 321
445 320 443 321
447 320 445 321
449 320 447 321
451 320 448 321
452 320 450 321
392 321 389 322
397 321 394 321
399 321 396 322
401 321 398 322
403 321 400 322
405 321 402 322
406 321 404 322
408 321 405 322
410 321 407 322
412 321 409 322
414 321 411 322
416 321 413 322
417 321 415 322
419 321 417 322
421 321 418 322
423 321 420 322
427 321 424 323
429 321 426 323
430 321 427 322
432 321 430 322
434 321 432 322
436 321 434 322
438 321 436 322
440 321 437 322
441 321 439 322
443 321 441 322
445 321 443 322
447 321 445 322
449 321 447 323
451 321 449 323
452 321 450 323
390 323 388 324
392 323 390 324
394 323 391 324
397 323 395 324
401 323 398 324
403 323 400 324
405 323 402 324
406 323 404 324
408 323 405 324
410 323 407 324
412 323 409 324
414 323 411 324
417 323 415 324
419 323 416 324
421 323 418 324
429 323 426 324
430 323 427 324
432 323 430 324
436 323 434 324
438 323 436 324
440 323 437 324
441 323 439 324
443 323 441 324
445 323 443 324
447 323 445 324
449 323 447 324
451 323 448 324
452 323 450 324
454 323 452 325
456 323 454 325
390 325 388 326
392 325 390 326
394 325 391 326
399 325 396 325
401 325 399 326
403 325 400 326
405 325 402 326
406 325 404 326
408 325 406 326
410 325 407 326
412 325 409 326
414 325 411 326
416 325 413 326
417 325 415 326
419 325 416 326
421 325 418 326
423 325 420 326
427 325 424 326
429 325 426 326
430 325 428 326
432 325 430 326
434 325 431 325
436 325 433 326
440 325 437 326
441 325 439 326
443 325 441 326
445 325 443 326
447 325 445 326
449 325 447 326
451 325 449 326
452 325 450 326
454 325 452 327
456 325 454 327
458 325 455 325
390 327 388 328
392 327 390 328
397 327 394 327
399 327 397 328
401 327 399 328
403 327 401 328
405 327 402 328
406 327 404 328
408 327 406 328
410 327 407 328
412 327 409 328
414 327 411 328
416 327 413 328
419 327 417 328
421 327 418 328
423 327 420 328
425 327 422 328
427 327 424 328
429 327 426 328
430 327 428 328
432 327 430 328
434 327 431 328
436 327 433 328
438 327 436 328
440 327 437 328
441 327 439 328
443 327 441 328
445 327 443 328
447 327 445 328
449 327 447 328
451 327 448 328
452 327 450 328
454 327 452 328
458 327 455 327
390 329 389 330
392 329 390 330
395 329 393 330
399 329 397 330
401 329 399 330
403 329 400 330
405 329 402 330
406 329 404 330
408 329 406 330
410 329 407 330
412 329 409 329
414 329 411 329
416 329 413 329
417 329 415 329
419 329 417 329
421 329 418 330
423 329 420 330
425 329 422 330
427 329 424 330
429 329 426 330
430 329 428 330
432 329 430 330
434 329 431 329
436 329 433 329
438 329 436 330
440 329 437 330
441 329 439 330
443 329 441 330
445 329 443 330
447 329 445 330
449 329 447 330
451 329 448 330
452 329 450 330
454 329 452 330
456 329 454 330
458 329 455 329
392 331 390 331
394 331 392 331
395 331 393 331
397 331 395 331
399 331 397 331
403 331 400 332
406 331 403 332
408 331 406 331
410 331 407 331
412 331 409 331
414 331 411 331
416 331 413 331
417 331 415 331
419 331 417 331
421 331 418 331
423 331 420 331
425 331 422 332
427 331 424 331
429 331 426 331
430 331 428 331
432 331 430 332
434 331 431 331
436 331 433 331
438 331 436 332
440 331 437 332
441 331 439 332
443 331 441 332
445 331 443 332
447 331 445 332
449 331 447 332
451 331 449 332
452 331 450 332
454 331 452 332
456 331 454 332
458 331 455 331
392 332 391 334
394 332 392 334
395 332 393 333
397 332 395 333
399 332 397 333
401 332 399 333
403 332 400 334
405 332 402 334
410 332 407 333
412 332 409 333
414 332 411 333
416 332 413 334
417 332 415 333
419 332 417 334
421 332 418 333
423 332 420 333
425 332 422 333
427 332 424 333
429 332 426 333
430 332 428 333
432 332 430 333
434 332 431 333
438 332 436 334
440 332 437 334
441 332 439 334
443 332 441 334
445 332 443 334
447 332 445 334
449 332 447 334
451 332 448 334
452 332 450 334
454 332 452 333
456 332 454 334
458 332 455 334
392 334 391 336
394 334 392 335
395 334 393 335
397 334 395 335
399 334 397 335
401 334 399 335
403 334 401 335
405 334 402 335
406 334 404 335
408 334 406 335
410 334 407 335
412 334 409 335
414 334 411 335
417 334 415 336
419 334 417 336
421 334 418 335
423 334 420 335
425 334 422 335
427 334 424 335
429 334 426 335
430 334 428 335
432 334 430 335
436 334 433 335
438 334 436 336
440 334 438 336
441 334 439 336
443 334 441 335
445 334 443 335
447 334 445 336
449 334 447 335
451 334 448 335
452 334 450 335
454 334 452 335
456 334 454 336
458 334 455 336
392 336 391 338
394 336 392 337
397 336 395 337
399 336 397 337
403 336 401 337
405 336 402 337
406 336 404 337
408 336 406 337
410 336 407 337
412 336 409 337
414 336 411 336
416 336 413 336
417 336 415 338
419 336 417 338
423 336 420 337
425 336 422 337
427 336 424 337
429 336 426 337
430 336 428 337
436 336 433 337
438 336 436 337
440 336 437 337
441 336 439 337
443 336 441 337
445 336 443 337
447 336 445 337
449 336 447 337
451 336 448 337
452 336 450 337
454 336 452 338
456 336 454 338
458 336 455 338
395 338 393 339
397 338 395 339
399 338 397 339
401 338 399 339
403 338 401 339
405 338 402 339
406 338 404 339
408 338 406 339
410 338 407 339
412 338 409 339
414 338 411 339
416 338 413 339
417 338 415 339
419 338 416 339
421 338 418 338
425 338 422 339
427 338 424 339
429 338 426 339
430 338 427 339
434 338 431 339
436 338 433 339
438 338 435 339
440 338 437 339
443 338 441 339
445 338 443 339
452 338 450 339
454 338 452 339
456 338 454 339
458 338 455 339
397 340 395 341
399 340 397 341
401 340 399 341
403 340 400 341
405 340 402 341
406 340 404 341
408 340 406 341
410 340 407 341
412 340 409 341
414 340 411 341
416 340 413 341
417 340 415 341
419 340 416 341
421 340 418 340
423 340 420 340
425 340 422 341
427 340 424 341
429 340 426 341
430 340 428 341
432 340 429 341
434 340 431 341
436 340 433 341
438 340 435 341
440 340 437 341
441 340 439 341
445 340 445 339
447 340 447 339
449 340 449 340
451 340 448 341
452 340 450 341
454 340 452 341
394 342 391 343
395 342 393 343
397 342 395 343
399 342 397 343
401 342 399 343
403 342 400 343
405 342 402 343
406 342 404 343
408 342 406 343
410 342 407 343
412 342 409 343
414 342 411 343
416 342 413 342
417 342 415 342
419 342 416 343
421 342 418 342
423 342 420 342
425 342 422 343
427 342 424 343
429 342 426 343
430 342 428 343
432 342 429 343
434 342 431 343
436 342 433 343
438 342 436 343
440 342 437 343
443 342 443 342
445 342 445 342
447 342 447 342
397 344 395 345
399 344 397 345
401 344 399 344
403 344 400 344
405 344 402 344
406 344 404 344
408 344 406 345
410 344 408 344
412 344 409 344
414 344 411 344
416 344 413 344
417 344 415 344
419 344 416 344
421 344 418 344
423 344 420 345
425 344 422 345
427 344 424 344
429 344 426 344
430 344 428 344
432 344 429 345
434 344 431 345
436 344 434 345
440 344 437 345
443 344 443 343
445 344 445 343
397 345 395 346
399 345 397 346
401 345 399 346
403 345 401 346
405 345 402 347
406 345 404 346
408 345 406 346
410 345 407 346
412 345 409 346
414 345 411 346
416 345 413 346
417 345 415 346
419 345 416 346
421 345 418 346
423 345 420 346
425 345 422 346
427 345 424 346
429 345 426 346
430 345 428 346
432 345 429 346
434 345 431 347
436 345 434 346
440 345 440 345
441 345 441 345
443 345 443 345
397 347 394 350
399 347 397 348
401 347 399 348
403 347 400 348
405 347 402 348
406 347 404 348
408 347 406 348
410 347 407 348
412 347 409 348
414 347 411 348
416 347 413 348
417 347 415 348
419 347 417 348
421 347 419 348
423 347 420 348
425 347 422 348
427 347 424 348
429 347 426 348
430 347 428 348
432 347 429 348
434 347 432 348
436 347 434 348
438 347 436 348
440 347 439 347
441 347 441 347
401 349 399 350
403 349 400 350
405 349 402 350
406 349 404 350
408 349 406 350
410 349 407 350
416 349 413 350
417 349 415 350
419 349 416 350
421 349 419 350
423 349 420 350
425 349 422 350
427 349 424 350
429 349 426 350
430 349 428 350
432 349 429 350
434 349 432 350
440 349 437 350
401 351 399 352
403 351 400 352
405 351 402 352
406 351 404 352
408 351 406 352
410 351 407 352
417 351 415 352
419 351 417 352
423 351 420 352
425 351 422 352
427 351 424 352
429 351 426 352
430 351 427 352
432 351 431 352
401 353 399 354
403 353 401 354
405 353 402 354
408 353 406 354
436 353 432 354
408 355 406 355
410 355 407 355
412 355 409 355
416 355 414 355
417 355 415 355
419 355 416 355
401 356 398 357
403 356 401 357
405 356 402 357
406 356 404 357
408 356 406 357
410 356 410 356
412 356 412 356
414 356 414 356
417 356 415 357
