436 312 418 328
438 318 417 332
432 320 411 334
438 320 416 334
447 320 423 333
432 321 411 336
436 321 414 335
438 321 416 336
447 321 422 335
414 323 397 338
445 323 420 336
388 325 372 319
392 325 375 322
394 325 377 323
440 325 415 338
441 325 417 338
447 325 421 337
395 327 378 326
441 327 416 339
445 327 419 339
445 329 418 341
449 329 421 339
451 329 422 340
392 331 373 324
443 331 416 342
445 331 417 342
449 331 420 341
432 332 407 345
434 332 409 345
436 332 410 342
438 332 410 344
443 332 415 343
432 334 406 346
443 334 414 345
423 342 397 349
