427 303 416 318
429 303 417 316
430 303 419 318
432 303 421 318
434 303 423 318
419 305 409 317
427 305 416 319
429 305 417 320
430 305 419 320
432 305 420 320
434 305 422 320
438 305 425 320
419 307 409 322
421 307 410 323
429 307 417 321
430 307 418 322
436 307 422 321
438 307 424 321
419 309 409 324
425 309 413 324
427 309 415 323
429 309 416 323
430 309 418 323
432 309 419 323
434 309 421 323
438 309 423 323
440 309 425 323
419 310 408 325
421 310 410 325
423 310 411 325
427 310 414 324
429 310 416 325
430 310 417 325
432 310 419 325
436 310 422 324
438 310 423 324
440 310 425 325
408 312 397 326
417 312 406 327
419 312 407 327
421 312 409 327
423 312 410 327
427 312 413 328
429 312 415 327
430 312 416 326
432 312 418 326
434 312 420 326
440 312 425 326
403 314 393 327
417 314 405 329
421 314 409 329
425 314 411 329
427 314 413 329
429 314 414 328
430 314 416 328
434 314 419 328
440 314 424 327
397 316 387 328
399 316 389 329
401 316 391 329
403 316 393 329
410 316 398 328
412 316 400 328
414 316 402 328
417 316 405 331
419 316 407 330
421 316 408 330
425 316 411 330
427 316 412 330
429 316 414 330
430 316 415 330
436 316 419 330
440 316 422 330
441 316 423 330
443 316 425 329
399 318 389 331
401 318 390 330
403 318 392 330
405 318 394 329
410 318 398 330
412 318 399 330
414 318 401 330
417 318 404 332
425 318 410 332
427 318 412 332
429 318 413 332
430 318 415 332
434 318 417 331
436 318 419 331
440 318 422 331
443 318 425 331
405 320 394 331
410 320 397 332
412 320 399 332
414 320 401 332
417 320 404 334
419 320 405 334
421 320 407 333
423 320 409 333
427 320 411 333
429 320 413 333
430 320 414 333
434 320 417 332
436 320 418 333
438 320 420 333
441 320 423 333
443 320 424 332
445 320 426 332
405 321 394 332
408 321 395 333
410 321 397 334
412 321 398 334
417 321 403 335
419 321 405 335
421 321 407 335
425 321 409 335
430 321 413 335
432 321 414 335
434 321 416 334
436 321 417 334
441 321 422 334
443 321 424 334
445 321 425 334
408 323 395 334
410 323 396 335
412 323 398 336
414 323 399 336
417 323 402 337
421 323 406 336
425 323 408 337
430 323 412 336
432 323 414 337
434 323 416 336
436 323 417 336
440 323 420 335
441 323 421 336
443 323 423 335
445 323 424 335
416 325 401 338
417 325 402 339
423 325 406 338
425 325 407 338
429 325 410 338
430 325 412 338
432 325 413 338
434 325 415 338
440 325 419 337
441 325 421 338
443 325 422 337
445 325 424 337
412 327 396 337
414 327 398 337
421 327 404 339
423 327 405 340
425 327 407 340
429 327 410 340
430 327 411 340
432 327 413 340
438 327 417 339
440 327 418 339
441 327 420 339
443 327 422 339
449 327 426 339
412 329 395 338
414 329 397 338
416 329 399 339
417 329 401 340
421 329 404 341
423 329 405 342
425 329 406 342
430 329 411 341
432 329 412 341
434 329 414 341
436 329 415 340
440 329 418 340
441 329 420 340
443 329 421 341
447 329 424 340
449 329 425 340
414 331 397 340
421 331 403 343
423 331 405 343
425 331 406 343
430 331 410 343
432 331 412 343
438 331 416 341
440 331 418 342
441 331 419 342
443 331 420 342
447 331 423 342
449 331 425 342
451 331 427 341
452 331 428 341
416 332 398 341
417 332 400 341
421 332 402 344
423 332 404 344
429 332 408 344
430 332 410 344
432 332 411 344
436 332 414 344
438 332 415 343
440 332 417 343
441 332 418 343
443 332 420 344
447 332 423 343
449 332 424 343
451 332 426 342
452 332 427 342
417 334 399 343
421 334 402 345
423 334 403 346
429 334 408 345
430 334 409 346
436 334 413 345
438 334 415 346
440 334 416 345
441 334 418 345
447 334 423 345
449 334 424 345
416 336 396 344
417 336 398 344
419 336 400 346
423 336 403 347
427 336 406 347
429 336 407 347
430 336 408 347
432 336 410 347
436 336 413 347
438 336 414 347
440 336 416 346
441 336 417 346
445 336 420 347
414 338 394 345
416 338 395 345
417 338 398 346
423 338 402 347
427 338 405 349
429 338 407 349
430 338 408 349
434 338 411 348
436 338 412 348
440 338 415 348
441 338 417 349
443 338 419 349
416 340 395 347
417 340 396 347
419 340 398 348
421 340 400 348
423 340 401 349
425 340 403 350
427 340 404 350
429 340 406 351
430 340 407 350
434 340 411 350
436 340 412 350
438 340 413 351
440 340 415 350
414 342 393 347
419 342 397 349
423 342 400 351
425 342 402 351
427 342 404 351
429 342 405 352
430 342 407 352
434 342 410 352
436 342 411 352
419 344 397 351
421 344 399 352
423 344 400 353
425 344 402 353
427 344 403 353
429 344 405 354
434 344 409 353
425 345 401 355
427 345 403 355
430 345 407 354
432 345 408 355
