419 303 409 314
421 303 411 315
423 303 412 312
425 303 414 312
427 303 415 313
429 303 419 315
430 303 420 315
432 303 422 315
434 303 424 315
438 303 427 315
440 303 428 315
441 303 430 313
443 303 432 312
445 303 435 312
419 305 409 316
421 305 411 317
423 305 413 317
425 305 414 316
429 305 418 317
430 305 420 316
432 305 421 317
436 305 425 317
438 305 426 317
440 305 428 317
441 305 430 317
443 305 431 316
419 307 409 319
421 307 411 319
423 307 412 319
429 307 418 319
430 307 420 318
434 307 423 319
436 307 424 319
438 307 426 319
440 307 428 319
441 307 429 319
443 307 431 319
388 309 379 318
397 309 388 318
399 309 389 319
401 309 391 318
403 309 394 319
405 309 395 319
419 309 409 320
421 309 410 321
423 309 412 320
425 309 414 321
427 309 416 321
429 309 417 321
430 309 419 320
434 309 422 320
436 309 424 321
438 309 426 321
440 309 427 321
441 309 429 321
443 309 431 321
445 309 433 320
394 310 384 319
395 310 385 320
397 310 387 320
399 310 389 320
401 310 391 320
403 310 393 320
405 310 394 321
408 310 397 319
417 310 406 322
419 310 408 322
421 310 410 322
423 310 412 322
425 310 414 322
427 310 415 322
434 310 422 322
436 310 424 322
438 310 425 322
440 310 427 323
441 310 429 322
445 310 432 322
447 310 435 321
395 312 385 321
397 312 387 322
399 312 389 322
401 312 391 322
403 312 393 322
405 312 394 323
406 312 396 323
408 312 397 322
417 312 406 323
419 312 408 324
421 312 409 324
423 312 411 324
425 312 413 324
427 312 415 324
430 312 418 324
434 312 422 324
436 312 423 324
438 312 425 324
440 312 427 324
443 312 430 324
445 312 432 324
449 312 437 322
397 314 386 323
399 314 389 324
401 314 391 324
403 314 392 324
405 314 394 325
406 314 396 324
417 314 406 325
419 314 407 325
421 314 409 326
423 314 411 326
425 314 413 326
427 314 414 326
430 314 417 325
432 314 419 326
434 314 421 326
436 314 422 326
438 314 424 326
440 314 426 326
441 314 428 325
443 314 430 326
449 314 436 324
395 316 385 324
399 316 388 325
401 316 390 326
410 316 399 325
412 316 400 325
416 316 403 327
417 316 405 327
419 316 407 327
421 316 409 327
423 316 410 327
425 316 412 327
427 316 414 327
430 316 417 327
432 316 419 327
434 316 420 328
436 316 422 328
438 316 424 328
440 316 426 328
441 316 427 328
443 316 429 328
445 316 431 328
449 316 434 328
394 318 383 323
403 318 392 327
405 318 393 327
406 318 395 327
410 318 398 327
412 318 399 327
414 318 401 327
416 318 403 329
417 318 405 329
419 318 407 329
421 318 408 329
423 318 410 329
425 318 412 329
429 318 415 330
430 318 417 329
432 318 418 329
434 318 420 330
436 318 422 330
438 318 423 330
440 318 425 330
441 318 427 330
445 318 430 330
447 318 432 330
449 318 434 330
451 318 436 330
399 320 388 328
401 320 390 328
403 320 392 328
405 320 394 328
406 320 395 329
410 320 397 329
412 320 399 329
414 320 401 329
416 320 403 331
417 320 405 331
419 320 406 331
421 320 408 331
423 320 410 331
425 320 412 331
429 320 414 332
430 320 416 331
432 320 418 331
434 320 420 331
436 320 421 332
438 320 423 332
440 320 425 331
441 320 427 332
445 320 430 331
447 320 432 332
449 320 433 331
451 320 435 332
452 320 439 332
390 321 379 322
405 321 393 330
408 321 395 330
410 321 397 331
412 321 399 331
414 321 400 331
416 321 403 333
417 321 404 333
419 321 406 333
421 321 408 333
423 321 410 332
427 321 412 334
429 321 414 333
430 321 415 333
432 321 417 333
434 321 420 333
436 321 421 333
438 321 423 333
440 321 425 333
445 321 430 333
447 321 431 333
449 321 433 333
451 321 434 333
454 321 440 335
392 323 379 324
394 323 381 325
399 323 386 327
403 323 389 329
405 323 391 330
406 323 393 332
408 323 395 332
410 323 397 333
412 323 398 333
414 323 400 333
416 323 402 334
417 323 404 334
419 323 406 334
423 323 408 335
427 323 412 335
429 323 413 335
430 323 415 335
432 323 417 335
434 323 419 335
436 323 421 335
438 323 422 335
441 323 425 335
443 323 427 335
445 323 429 335
447 323 431 335
449 323 432 335
451 323 434 335
452 323 436 335
392 325 379 326
394 325 381 326
395 325 382 327
399 325 386 329
401 325 388 330
403 325 389 332
405 325 391 332
408 325 395 334
410 325 396 334
412 325 398 334
414 325 400 335
416 325 402 336
417 325 403 336
421 325 406 337
423 325 408 336
425 325 410 336
427 325 411 337
430 325 415 336
432 325 417 337
434 325 419 337
438 325 422 336
440 325 423 337
441 325 425 337
443 325 427 337
445 325 429 336
447 325 430 337
449 325 432 337
451 325 434 337
452 325 435 337
454 325 437 337
392 327 379 328
394 327 380 328
395 327 382 328
397 327 383 328
399 327 385 331
401 327 388 332
405 327 390 334
406 327 392 334
414 327 399 336
416 327 401 338
417 327 403 338
421 327 406 338
423 327 408 338
425 327 410 338
429 327 413 338
430 327 415 338
432 327 416 338
434 327 418 338
438 327 421 338
441 327 424 339
443 327 427 339
445 327 428 338
447 327 430 339
449 327 432 338
451 327 433 338
456 327 438 338
394 329 380 330
395 329 381 330
397 329 383 330
399 329 385 332
401 329 387 333
403 329 389 334
408 329 394 336
410 329 396 337
412 329 397 337
417 329 403 339
419 329 404 340
423 329 407 340
425 329 409 340
427 329 411 340
429 329 413 340
430 329 414 340
432 329 416 340
434 329 418 340
440 329 423 340
443 329 426 340
445 329 428 340
447 329 430 340
449 329 431 340
454 329 436 340
456 329 438 340
392 331 378 330
394 331 380 331
395 331 382 332
397 331 383 332
403 331 388 335
405 331 390 336
412 331 397 339
416 331 400 339
417 331 402 339
421 331 405 342
423 331 407 342
427 331 411 342
429 331 412 342
430 331 414 342
432 331 416 342
434 331 417 342
438 331 421 341
441 331 424 342
443 331 425 342
445 331 427 342
447 331 429 342
449 331 431 342
451 331 433 342
452 331 434 342
456 331 438 342
458 331 439 342
403 332 388 337
405 332 390 337
406 332 392 338
410 332 395 340
412 332 397 340
416 332 400 341
417 332 401 341
419 332 403 341
425 332 408 343
427 332 410 343
429 332 412 343
430 332 414 343
432 332 415 343
434 332 417 343
438 332 420 343
440 332 422 343
441 332 423 343
443 332 425 343
445 332 427 344
447 332 429 344
449 332 430 344
451 332 432 344
452 332 434 343
456 332 437 344
458 332 439 344
394 334 379 334
403 334 388 339
405 334 389 339
406 334 391 339
408 334 393 340
414 334 398 342
416 334 400 343
417 334 401 343
419 334 403 343
421 334 405 344
423 334 407 345
425 334 408 345
427 334 410 345
429 334 411 345
430 334 413 345
432 334 415 345
434 334 417 345
438 334 420 345
440 334 421 345
441 334 423 345
443 334 425 345
445 334 427 345
447 334 428 345
449 334 430 345
454 334 436 345
458 334 440 346
394 336 379 335
397 336 381 336
399 336 383 337
403 336 388 341
405 336 389 340
408 336 392 341
410 336 393 342
416 336 399 344
417 336 401 344
419 336 402 345
421 336 404 346
423 336 406 347
425 336 408 347
427 336 410 347
429 336 411 347
430 336 413 347
432 336 415 347
438 336 419 347
440 336 421 347
441 336 423 347
443 336 425 347
445 336 426 347
447 336 428 347
449 336 430 347
452 336 433 347
454 336 435 347
456 336 438 347
458 336 440 348
397 338 381 338
399 338 383 339
401 338 385 339
408 338 392 343
410 338 393 343
412 338 395 344
414 338 397 345
419 338 402 347
423 338 406 348
425 338 407 348
427 338 409 348
429 338 411 348
430 338 412 348
436 338 417 348
438 338 419 348
440 338 421 349
441 338 423 348
443 338 425 349
451 338 433 351
452 338 434 349
458 338 439 350
399 340 383 340
401 340 384 341
403 340 386 341
406 340 390 344
410 340 393 345
412 340 395 346
414 340 397 347
416 340 398 347
417 340 400 347
421 340 403 348
423 340 405 350
425 340 407 350
427 340 409 350
429 340 410 350
430 340 412 350
434 340 416 350
436 340 418 350
438 340 420 350
440 340 422 350
401 342 384 342
403 342 386 343
405 342 387 343
406 342 389 345
408 342 391 346
412 342 394 347
414 342 396 348
416 342 398 348
417 342 400 349
419 342 401 349
421 342 403 351
423 342 405 352
425 342 407 352
427 342 408 352
429 342 410 352
432 342 413 352
434 342 416 352
436 342 418 352
399 344 382 342
403 344 385 344
405 344 387 344
408 344 391 347
410 344 392 348
414 344 396 349
416 344 398 350
417 344 399 351
419 344 401 351
421 344 403 353
423 344 404 353
425 344 406 354
427 344 408 353
429 344 410 354
432 344 413 354
434 344 416 353
436 344 418 354
399 345 382 344
401 345 383 344
405 345 386 346
406 345 388 347
408 345 390 349
410 345 392 349
412 345 394 350
416 345 397 352
417 345 399 352
419 345 400 352
423 345 404 355
425 345 406 355
427 345 407 355
429 345 409 356
430 345 411 356
432 345 413 356
441 345 430 352
397 347 385 350
401 347 383 346
403 347 385 346
406 347 388 348
410 347 392 351
412 347 393 351
417 347 398 354
419 347 400 354
421 347 402 355
423 347 404 357
425 347 406 357
427 347 407 357
429 347 409 357
430 347 411 357
403 349 385 348
405 349 386 349
406 349 388 350
421 349 402 357
427 349 407 359
429 349 409 359
430 349 411 359
438 349 425 356
440 349 428 356
401 351 395 354
423 351 403 359
425 351 405 359
436 351 436 351
403 353 397 356
436 353 422 362
