412 304 412 304
413 304 414 304
415 304 415 304
417 304 417 304
418 304 419 304
420 304 420 304
422 304 422 304
423 304 423 304
425 304 425 304
427 304 427 304
428 304 428 304
412 306 412 306
413 306 413 306
415 306 415 306
418 306 418 306
420 306 420 306
422 306 422 306
423 306 423 306
425 306 425 306
427 306 427 306
428 306 428 306
410 307 410 307
412 307 412 307
413 307 413 307
415 307 415 307
417 307 417 307
418 307 418 307
420 307 420 307
422 307 422 307
423 307 423 307
425 307 425 307
427 307 427 307
428 307 428 307
430 307 430 308
408 309 408 309
412 309 412 309
413 309 413 309
415 309 415 309
417 309 417 309
418 309 418 309
420 309 420 309
422 309 422 309
423 309 423 309
425 309 425 309
427 309 427 309
428 309 428 309
430 309 430 309
407 311 407 311
408 311 409 311
410 311 410 311
412 311 412 311
413 311 413 311
415 311 415 311
417 311 417 311
420 311 420 311
422 311 422 311
423 311 423 311
425 311 425 311
427 311 427 311
428 311 428 311
430 311 430 311
405 312 405 312
407 312 407 312
408 312 409 312
410 312 410 312
412 312 412 312
417 312 417 312
418 312 418 312
420 312 420 312
423 312 423 312
425 312 425 312
427 312 427 312
428 312 428 312
430 312 430 312
404 314 404 314
405 314 405 314
407 314 407 314
408 314 409 314
410 314 410 314
412 314 412 314
413 314 413 314
415 314 415 314
417 314 417 314
418 314 418 314
420 314 420 314
422 314 422 314
423 314 423 314
427 314 427 314
372 316 373 316
377 316 377 316
385 316 385 316
387 316 387 316
389 316 389 316
390 316 390 316
392 316 392 316
395 316 395 316
405 316 405 316
407 316 407 316
408 316 409 316
410 316 410 316
412 316 412 316
413 316 414 316
415 316 415 316
417 316 417 316
418 316 418 316
420 316 420 316
422 316 422 315
423 316 423 316
425 316 425 316
432 316 432 316
433 316 433 316
372 317 373 317
374 317 374 317
377 317 377 317
389 317 389 317
390 317 390 317
392 317 392 317
394 317 394 317
395 317 395 317
405 317 405 317
407 317 407 317
408 317 408 317
412 317 412 317
413 317 414 317
415 317 415 317
417 317 417 317
418 317 418 317
420 317 420 317
422 317 422 317
423 317 423 317
425 317 425 317
372 319 373 319
377 319 377 319
379 319 378 319
380 319 380 319
387 319 387 319
389 319 389 319
390 319 390 319
392 319 392 319
394 319 394 319
395 319 395 319
404 319 404 319
407 319 407 318
408 319 408 319
410 319 410 319
413 319 413 319
415 319 415 319
417 319 417 319
418 319 418 319
420 319 420 319
422 319 422 319
423 319 423 319
432 319 432 319
433 319 434 319
372 321 373 321
380 321 380 320
384 321 384 321
387 321 387 321
389 321 389 321
390 321 390 321
394 321 394 321
395 321 395 321
397 321 397 321
399 321 399 321
404 321 404 321
405 321 405 320
407 321 407 320
410 321 410 321
412 321 412 321
413 321 413 321
415 321 415 321
417 321 417 321
418 321 418 320
420 321 420 321
422 321 422 321
432 321 432 321
374 322 374 322
377 322 377 322
379 322 378 322
382 322 382 322
384 322 384 322
385 322 385 322
387 322 387 322
389 322 389 322
390 322 390 322
392 322 392 322
395 322 395 322
397 322 397 322
400 322 400 322
404 322 403 322
405 322 405 322
407 322 407 322
408 322 408 322
410 322 410 322
412 322 412 322
413 322 413 322
415 322 415 322
417 322 417 322
418 322 418 322
420 322 420 322
422 322 422 322
433 322 434 323
372 324 373 324
374 324 374 324
375 324 375 324
377 324 377 324
379 324 379 324
384 324 384 324
385 324 385 324
387 324 387 324
389 324 389 324
390 324 390 324
392 324 392 324
394 324 394 324
395 324 395 324
397 324 397 324
399 324 399 324
402 324 402 324
404 324 404 324
405 324 405 324
407 324 407 324
408 324 408 324
410 324 410 324
412 324 412 324
413 324 413 324
415 324 415 324
417 324 417 324
418 324 418 324
420 324 420 324
422 324 422 324
423 324 423 324
425 324 425 324
433 324 434 325
435 324 435 325
375 326 375 326
379 326 378 325
380 326 380 325
387 326 387 326
389 326 389 325
392 326 392 326
394 326 394 326
395 326 395 326
397 326 397 326
399 326 399 326
404 326 404 326
405 326 405 326
407 326 407 326
408 326 409 326
410 326 410 326
412 326 412 325
413 326 413 326
415 326 415 326
417 326 417 326
418 326 418 326
420 326 420 326
422 326 422 326
423 326 423 326
425 326 425 326
432 326 432 326
372 327 373 327
375 327 375 327
385 327 385 327
387 327 387 327
389 327 389 327
390 327 390 327
394 327 394 327
395 327 395 327
397 327 397 327
399 327 399 327
400 327 400 327
404 327 404 327
405 327 405 327
407 327 407 327
408 327 408 327
410 327 410 327
413 327 413 327
415 327 415 327
417 327 417 327
418 327 418 327
420 327 420 327
422 327 422 327
423 327 423 327
425 327 425 327
427 327 427 327
428 327 428 327
433 327 434 327
435 327 435 327
372 329 373 329
379 329 378 329
380 329 380 329
382 329 382 329
387 329 387 329
389 329 389 329
390 329 390 329
394 329 394 329
395 329 395 329
397 329 397 329
399 329 399 329
400 329 400 329
402 329 402 329
404 329 404 329
405 329 405 329
407 329 407 329
408 329 408 329
410 329 410 329
412 329 412 329
413 329 413 329
415 329 415 329
417 329 417 329
418 329 418 329
420 329 420 329
422 329 422 329
423 329 423 329
425 329 425 329
427 329 427 329
428 329 428 329
432 329 432 329
433 329 434 329
435 329 435 329
374 331 374 330
377 331 377 331
382 331 382 330
384 331 384 331
387 331 387 331
389 331 389 331
392 331 392 330
394 331 394 331
395 331 395 330
397 331 397 331
399 331 399 330
400 331 400 330
404 331 403 331
405 331 405 331
407 331 407 331
408 331 408 331
410 331 410 330
412 331 412 330
413 331 413 330
415 331 415 331
417 331 417 331
418 331 418 331
420 331 420 330
422 331 422 331
423 331 423 331
425 331 425 330
427 331 427 330
432 331 432 330
433 331 434 330
435 331 435 330
374 332 374 332
375 332 375 332
379 332 379 332
380 332 380 332
382 332 382 332
384 332 384 332
390 332 390 332
394 332 394 332
395 332 395 332
397 332 397 332
399 332 399 332
402 332 402 332
405 332 405 332
407 332 407 332
408 332 408 332
410 332 410 332
412 332 412 332
413 332 413 332
415 332 415 332
417 332 417 332
418 332 418 332
420 332 420 332
422 332 422 332
423 332 423 332
425 332 425 332
427 332 427 332
428 332 429 332
430 332 430 332
433 332 434 332
435 332 435 332
375 334 375 334
377 334 377 334
379 334 379 334
380 334 380 334
384 334 383 334
385 334 385 334
389 334 389 334
390 334 390 334
392 334 392 334
395 334 395 334
397 334 397 334
400 334 400 334
402 334 402 334
404 334 403 334
405 334 405 334
407 334 407 334
408 334 409 334
410 334 410 334
412 334 412 334
413 334 413 334
415 334 415 334
417 334 417 334
418 334 418 334
420 334 420 334
422 334 422 334
423 334 423 334
425 334 425 334
427 334 427 334
430 334 430 334
432 334 432 334
433 334 433 334
377 336 377 335
379 336 379 335
382 336 382 335
390 336 390 335
392 336 392 335
397 336 397 336
399 336 399 336
400 336 400 336
402 336 402 335
404 336 403 335
405 336 405 335
407 336 407 335
408 336 408 335
410 336 410 335
412 336 412 335
413 336 413 335
415 336 415 336
417 336 417 335
418 336 418 336
420 336 420 335
422 336 422 335
423 336 423 335
425 336 425 335
427 336 427 335
428 336 428 335
377 337 377 337
379 337 379 337
382 337 382 337
385 337 385 337
390 337 390 337
392 337 392 337
394 337 393 337
397 337 397 337
399 337 399 337
400 337 400 337
402 337 402 337
404 337 403 337
405 337 405 337
407 337 407 337
408 337 408 337
410 337 410 337
412 337 412 337
413 337 413 337
415 337 415 337
417 337 417 337
418 337 418 337
420 337 420 337
422 337 422 337
423 337 423 337
425 337 425 337
427 337 427 337
428 337 428 337
430 337 430 337
385 339 385 339
387 339 387 339
389 339 389 339
392 339 392 339
394 339 394 339
395 339 395 339
397 339 397 339
399 339 399 339
400 339 400 339
402 339 402 339
404 339 403 339
405 339 405 339
407 339 407 339
408 339 408 339
410 339 410 339
412 339 412 339
413 339 413 339
415 339 415 339
417 339 417 339
418 339 418 339
420 339 420 339
422 339 422 339
423 339 423 339
425 339 425 339
427 339 427 339
382 340 382 340
384 340 384 340
385 340 385 340
387 340 387 340
390 340 390 341
392 340 392 340
399 340 398 340
400 340 400 340
402 340 402 340
404 340 404 340
405 340 405 340
407 340 407 340
408 340 408 340
410 340 410 340
412 340 412 340
413 340 413 340
415 340 415 340
417 340 417 340
418 340 418 340
420 340 420 340
422 340 422 340
423 340 423 340
425 340 425 340
427 340 427 340
428 340 428 340
385 342 385 342
387 342 387 342
389 342 389 342
390 342 390 342
392 342 392 342
394 342 394 342
397 342 397 342
399 342 399 342
400 342 400 342
402 342 402 342
404 342 403 342
405 342 405 342
407 342 407 342
408 342 408 342
410 342 410 342
412 342 412 342
413 342 413 342
415 342 415 342
417 342 417 342
418 342 418 342
420 342 420 342
422 342 422 342
423 342 424 342
387 344 387 344
389 344 389 344
390 344 390 344
392 344 392 344
394 344 394 345
399 344 399 344
400 344 400 344
402 344 402 344
404 344 403 344
405 344 405 344
407 344 407 344
408 344 408 344
410 344 410 344
412 344 412 344
413 344 413 344
415 344 415 344
417 344 417 344
418 344 418 344
420 344 420 344
387 345 387 345
389 345 389 345
390 345 390 345
392 345 392 345
394 345 394 346
395 345 396 346
397 345 397 345
399 345 399 345
400 345 400 345
402 345 402 345
404 345 403 345
405 345 405 345
407 345 407 345
408 345 408 345
410 345 410 345
412 345 412 345
413 345 413 345
415 345 415 345
417 345 416 346
418 345 417 346
420 345 420 345
390 347 390 347
392 347 392 347
394 347 394 348
395 347 395 348
397 347 397 347
399 347 399 347
400 347 400 347
402 347 402 347
404 347 404 347
405 347 405 347
407 347 407 347
408 347 408 347
410 347 410 347
412 347 412 347
413 347 413 347
417 347 415 348
418 347 417 348
394 349 394 349
395 349 395 349
399 349 399 349
400 349 400 349
402 349 402 349
404 349 404 349
405 349 405 349
407 349 407 349
408 349 408 349
410 349 410 349
412 349 412 349
413 349 413 349
397 350 397 350
399 350 399 350
400 350 400 350
402 350 402 350
404 350 403 350
405 350 405 350
407 350 407 350
408 350 408 350
410 350 410 350
412 350 412 350
413 350 413 350
