472 216 472 221
473 216 474 221
472 217 472 222
473 217 474 222
472 219 472 224
473 219 474 224
472 220 472 225
472 221 472 227
473 221 474 225
472 235 473 240
469 237 468 242
471 237 471 241
472 237 473 241
469 238 469 243
471 238 471 243
472 238 473 243
473 238 474 242
468 240 467 245
469 240 468 244
471 240 471 244
468 241 467 246
471 241 471 247
471 242 470 248
472 244 473 250
472 245 473 251
475 245 474 251
468 247 467 252
469 247 468 251
472 247 471 253
473 247 472 253
475 247 474 252
468 248 467 253
469 248 468 252
468 249 467 254
475 249 474 255
476 249 478 257
468 251 468 256
469 251 470 257
472 251 473 257
468 252 469 258
469 252 470 258
471 252 472 258
472 252 473 258
471 254 472 260
472 254 473 260
475 254 477 259
472 255 473 261
473 255 474 260
475 255 477 260
476 255 478 260
475 256 476 263
