473 216 474 227
473 217 474 228
472 219 472 229
473 219 474 230
473 223 474 233
472 227 471 237
473 228 474 240
473 234 474 241
472 237 471 247
473 237 474 245
469 238 467 249
472 238 472 249
473 238 474 246
468 240 466 250
469 240 467 250
471 240 470 250
469 241 467 251
468 242 466 253
469 242 467 253
471 242 470 253
469 244 468 254
471 244 470 255
472 244 472 255
468 245 466 256
472 245 474 260
473 245 475 260
475 245 477 260
468 247 466 257
469 248 469 259
471 248 471 259
468 249 468 260
469 249 469 260
471 249 471 260
473 249 473 261
468 251 468 262
475 251 477 263
468 252 470 264
469 252 471 264
471 252 472 263
472 252 474 264
473 252 475 264
475 252 477 264
471 254 473 265
472 254 474 265
