448 292 419 316
450 292 421 316
452 292 422 316
454 292 424 316
459 292 429 316
461 292 430 314
446 294 417 317
448 294 418 318
450 294 420 318
452 294 422 318
454 294 424 318
455 294 425 318
459 294 428 318
461 294 430 318
446 295 416 319
448 295 418 319
450 295 420 319
452 295 421 320
454 295 423 320
457 295 426 320
459 295 428 320
461 295 429 320
443 297 412 321
445 297 414 321
448 297 417 321
450 297 419 321
455 297 423 321
457 297 425 322
459 297 427 322
463 297 430 322
443 299 411 322
448 299 416 322
450 299 418 323
454 299 421 323
455 299 423 323
457 299 424 324
459 299 426 324
463 299 429 324
443 301 410 324
445 301 412 324
446 301 413 324
448 301 415 324
450 301 417 324
452 301 419 325
454 301 420 325
455 301 422 325
459 301 425 326
461 301 427 326
463 301 428 326
464 301 430 326
416 303 387 324
443 303 410 326
445 303 411 326
448 303 414 326
450 303 416 326
452 303 418 326
454 303 420 327
455 303 420 327
457 303 423 327
459 303 425 327
461 303 426 327
463 303 428 328
464 303 429 328
466 303 431 328
407 304 410 315
410 304 412 315
443 304 409 327
445 304 411 328
446 304 412 328
450 304 416 328
452 304 417 328
454 304 419 328
455 304 420 329
457 304 422 328
459 304 424 328
461 304 425 329
464 304 429 329
466 304 431 330
410 306 411 317
427 306 392 325
428 306 394 325
441 306 406 328
443 306 409 329
445 306 410 329
450 306 415 329
452 306 417 329
457 306 421 330
459 306 423 330
461 306 425 330
463 306 427 330
464 306 428 331
466 306 430 331
427 308 392 327
428 308 395 326
430 308 396 328
441 308 406 330
443 308 408 330
450 308 414 331
452 308 416 331
454 308 418 331
455 308 419 331
457 308 420 332
459 308 422 332
461 308 424 332
466 308 429 333
421 310 386 328
423 310 388 329
425 310 390 329
427 310 392 329
428 310 394 329
430 310 396 330
432 310 398 329
436 310 400 329
437 310 401 329
448 310 412 333
450 310 414 333
452 310 415 333
454 310 417 332
455 310 418 333
457 310 420 334
459 310 422 334
464 310 426 334
466 310 428 334
468 310 429 335
470 310 431 335
425 312 390 330
427 312 392 330
428 312 393 331
430 312 395 332
432 312 397 330
437 312 401 330
443 312 407 334
448 312 411 334
450 312 413 334
452 312 414 334
454 312 416 335
455 312 417 335
457 312 419 335
461 312 422 335
463 312 424 335
464 312 426 336
466 312 427 335
468 312 429 336
470 312 431 336
421 313 386 330
423 313 388 331
425 313 390 332
427 313 391 332
428 313 393 333
434 313 397 334
437 313 400 333
441 313 403 335
443 313 406 335
445 313 407 335
446 313 408 336
448 313 411 335
450 313 412 336
452 313 414 336
454 313 415 336
459 313 420 337
461 313 422 337
463 313 423 337
464 313 425 337
466 313 427 337
468 313 428 337
432 315 395 333
434 315 397 334
437 315 400 335
439 315 401 336
443 315 405 337
445 315 406 338
446 315 408 338
448 315 410 337
450 315 412 337
452 315 413 338
454 315 414 338
457 315 417 338
459 315 419 338
461 315 421 338
463 315 422 339
464 315 424 339
466 315 426 339
468 315 427 339
470 315 429 338
473 315 432 339
425 317 391 334
428 317 392 334
432 317 394 335
434 317 396 335
436 317 397 337
437 317 399 337
439 317 401 338
443 317 404 339
445 317 405 339
446 317 407 339
450 317 411 339
452 317 412 340
454 317 414 340
457 317 417 340
459 317 419 340
461 317 420 340
463 317 422 340
464 317 423 340
466 317 425 340
468 317 427 340
470 317 429 340
472 317 430 341
434 319 396 337
439 319 400 339
441 319 402 340
443 319 403 340
445 319 405 340
446 319 406 341
448 319 408 341
450 319 410 341
452 319 412 341
454 319 413 341
457 319 416 341
459 319 418 341
461 319 420 342
463 319 421 342
464 319 423 342
466 319 425 342
468 319 426 342
470 319 428 342
472 319 430 342
473 319 431 343
437 321 397 338
441 321 401 341
443 321 403 342
445 321 404 342
446 321 405 343
450 321 409 342
452 321 411 343
457 321 415 342
459 321 417 343
461 321 419 343
463 321 420 344
464 321 422 343
466 321 424 344
468 321 426 344
470 321 428 343
472 321 430 344
409 322 381 334
414 322 389 335
434 322 394 339
437 322 397 339
439 322 398 340
441 322 400 343
443 322 402 343
445 322 404 343
448 322 407 344
450 322 408 344
454 322 411 344
455 322 413 345
457 322 415 344
459 322 416 345
461 322 418 345
463 322 420 345
464 322 422 345
466 322 424 345
470 322 427 345
472 322 429 345
410 324 384 335
416 324 391 338
432 324 392 340
434 324 394 341
437 324 396 341
439 324 398 342
441 324 400 345
443 324 401 345
445 324 403 345
446 324 405 345
452 324 409 346
454 324 411 346
457 324 414 346
459 324 416 346
461 324 417 346
463 324 419 347
464 324 421 348
434 326 393 342
437 326 395 343
439 326 397 344
441 326 399 344
450 326 407 347
452 326 408 347
454 326 410 348
455 326 412 347
457 326 413 348
459 326 415 348
461 326 417 348
463 326 418 349
436 328 393 344
437 328 395 344
439 328 396 345
441 328 398 346
443 328 400 347
450 328 406 349
452 328 408 349
454 328 409 349
455 328 411 349
457 328 413 349
459 328 414 350
461 328 416 350
473 328 429 347
414 330 386 341
416 330 388 342
432 330 389 343
436 330 393 345
437 330 394 346
439 330 396 347
441 330 397 347
443 330 399 347
445 330 401 347
446 330 402 349
448 330 404 350
450 330 405 351
452 330 407 350
454 330 409 351
455 330 410 351
457 330 412 351
414 331 386 343
416 331 388 344
434 331 390 345
437 331 394 347
439 331 395 348
441 331 397 349
443 331 398 349
445 331 400 349
446 331 401 351
448 331 403 351
450 331 405 352
452 331 406 352
454 331 408 353
457 331 412 352
439 333 395 350
441 333 396 350
443 333 398 351
445 333 399 351
446 333 401 352
448 333 402 353
450 333 404 353
452 333 406 353
454 333 407 354
441 335 396 352
443 335 397 353
445 335 399 353
446 335 400 354
448 335 402 355
450 335 404 355
470 335 434 343
419 340 392 350
454 344 413 354
