445 292 415 310
446 292 417 310
448 292 419 310
450 292 421 310
452 292 423 311
454 292 425 311
457 292 429 310
459 292 431 310
461 292 434 311
445 294 415 312
446 294 417 312
448 294 419 312
450 294 421 312
452 294 423 313
454 294 425 313
455 294 427 313
457 294 429 313
459 294 431 313
461 294 433 314
463 294 436 313
445 295 415 313
446 295 417 313
448 295 419 314
450 295 421 314
452 295 423 314
454 295 424 315
457 295 429 315
459 295 431 315
461 295 433 316
463 295 435 315
445 297 414 315
446 297 416 315
448 297 418 316
450 297 420 316
452 297 422 316
454 297 424 316
455 297 426 317
457 297 429 317
459 297 431 317
461 297 433 317
463 297 435 318
443 299 411 316
446 299 416 317
448 299 418 318
450 299 420 318
452 299 422 318
454 299 424 318
455 299 426 319
457 299 428 319
459 299 431 319
461 299 433 319
463 299 435 320
464 299 436 320
441 301 407 315
443 301 411 318
445 301 414 319
446 301 416 319
448 301 417 319
450 301 420 320
452 301 422 320
454 301 424 320
455 301 425 321
457 301 428 321
459 301 431 321
461 301 432 322
463 301 434 322
464 301 436 322
443 303 411 320
445 303 413 320
446 303 415 321
448 303 417 321
450 303 419 321
452 303 421 322
454 303 423 322
455 303 425 322
457 303 428 323
459 303 430 323
461 303 432 324
463 303 434 324
464 303 436 324
466 303 438 324
423 304 388 317
425 304 389 317
443 304 410 322
445 304 412 322
446 304 414 322
448 304 416 323
450 304 419 323
452 304 421 324
454 304 423 324
455 304 425 324
457 304 427 324
459 304 430 325
461 304 431 325
463 304 434 325
464 304 435 326
466 304 437 326
468 304 439 325
412 306 380 318
423 306 388 319
425 306 389 319
428 306 393 321
430 306 396 322
441 306 408 323
443 306 410 324
445 306 412 324
446 306 414 324
448 306 416 324
450 306 418 325
452 306 421 325
454 306 423 326
455 306 425 326
457 306 427 327
459 306 428 327
461 306 431 327
463 306 433 327
464 306 435 328
466 306 437 328
468 306 439 327
410 308 379 320
414 308 382 320
421 308 387 321
425 308 389 321
427 308 392 323
428 308 393 323
430 308 396 324
439 308 405 325
441 308 407 325
443 308 409 326
445 308 412 326
446 308 414 326
448 308 416 326
450 308 418 327
452 308 420 327
454 308 422 328
455 308 424 328
457 308 426 328
459 308 428 329
461 308 431 329
463 308 433 329
464 308 434 329
466 308 437 330
468 308 439 330
470 308 441 329
410 310 379 322
414 310 382 322
421 310 386 323
423 310 388 324
427 310 392 325
428 310 394 325
430 310 396 326
432 310 397 326
434 310 399 325
437 310 402 325
439 310 405 327
441 310 407 327
445 310 411 328
446 310 413 328
448 310 416 328
450 310 418 329
452 310 420 329
454 310 422 330
455 310 424 330
457 310 426 330
459 310 428 331
461 310 430 331
463 310 432 331
464 310 434 331
466 310 436 332
468 310 439 333
470 310 441 333
472 310 443 333
410 312 379 324
412 312 380 324
416 312 383 324
418 312 385 324
421 312 386 325
423 312 388 325
425 312 390 325
430 312 396 327
432 312 397 327
434 312 399 328
436 312 401 328
437 312 402 327
439 312 405 329
441 312 407 329
443 312 409 329
445 312 411 330
446 312 413 330
448 312 415 330
450 312 417 330
452 312 419 331
454 312 422 331
455 312 423 332
457 312 425 332
459 312 428 332
461 312 430 333
463 312 432 333
464 312 434 333
466 312 436 333
468 312 438 334
470 312 440 334
472 312 442 335
410 313 379 325
412 313 380 325
416 313 383 325
421 313 386 327
423 313 388 327
425 313 390 327
427 313 392 327
428 313 393 329
430 313 395 329
432 313 397 329
434 313 399 330
436 313 401 330
437 313 402 330
439 313 404 330
441 313 406 330
443 313 408 331
445 313 410 331
446 313 412 332
448 313 414 333
450 313 416 332
452 313 419 333
454 313 421 333
455 313 423 334
457 313 425 334
459 313 427 334
461 313 429 334
463 313 431 335
464 313 434 335
466 313 436 335
468 313 438 336
470 313 440 336
472 313 442 337
475 313 444 333
410 315 378 327
412 315 380 327
416 315 383 327
419 315 386 328
421 315 387 329
425 315 390 329
427 315 392 329
428 315 393 331
432 315 397 331
434 315 398 331
436 315 401 332
437 315 402 332
439 315 404 332
441 315 406 332
443 315 408 333
445 315 410 333
446 315 412 334
448 315 414 334
450 315 416 334
452 315 419 335
454 315 421 335
455 315 423 336
457 315 425 336
459 315 427 336
461 315 429 336
463 315 431 337
464 315 433 337
466 315 435 337
468 315 437 337
470 315 439 338
472 315 442 338
475 315 444 335
410 317 378 329
412 317 380 329
414 317 381 329
418 317 385 330
419 317 386 330
421 317 387 331
423 317 389 331
427 317 392 331
428 317 393 332
430 317 395 332
432 317 397 333
434 317 398 333
436 317 400 334
437 317 402 334
439 317 404 334
441 317 406 334
443 317 407 335
445 317 409 335
446 317 411 336
448 317 413 336
450 317 416 336
452 317 418 337
454 317 420 337
455 317 422 337
457 317 424 338
459 317 427 338
461 317 429 338
463 317 430 338
464 317 433 339
466 317 435 339
468 317 437 339
470 317 439 340
472 317 441 340
473 317 443 340
410 319 378 331
412 319 380 331
416 319 382 332
418 319 384 332
419 319 386 332
421 319 387 333
423 319 389 333
425 319 391 333
437 319 402 336
439 319 403 336
441 319 405 337
443 319 407 337
445 319 409 337
446 319 411 337
448 319 413 338
450 319 416 338
452 319 418 338
454 319 420 339
455 319 422 339
457 319 424 340
459 319 426 340
461 319 428 340
463 319 430 340
464 319 432 341
466 319 435 341
468 319 437 342
472 319 441 342
473 319 443 342
475 319 445 341
414 321 380 333
416 321 382 333
418 321 384 334
419 321 386 334
421 321 387 335
423 321 389 335
425 321 391 335
427 321 392 336
428 321 394 336
432 321 396 336
434 321 398 336
437 321 401 337
439 321 403 338
441 321 405 338
443 321 407 339
445 321 409 339
446 321 411 339
448 321 413 339
450 321 415 340
452 321 417 340
454 321 419 341
455 321 421 341
457 321 423 341
459 321 426 342
461 321 428 342
463 321 430 342
464 321 432 343
466 321 435 343
468 321 436 343
470 321 438 344
472 321 441 344
473 321 443 344
416 322 381 335
418 322 383 335
419 322 385 336
421 322 387 336
423 322 389 337
425 322 391 337
427 322 392 337
428 322 393 338
432 322 396 338
434 322 398 338
436 322 399 338
439 322 402 338
441 322 404 340
443 322 407 341
445 322 409 341
446 322 411 341
448 322 412 341
450 322 415 341
452 322 417 342
454 322 419 342
455 322 421 343
457 322 423 343
459 322 425 344
461 322 428 344
463 322 430 344
464 322 432 344
466 322 434 344
470 322 438 345
472 322 440 346
475 322 444 345
416 324 381 337
418 324 383 337
419 324 385 338
421 324 387 338
423 324 389 339
425 324 390 339
427 324 391 339
434 324 398 340
436 324 399 340
439 324 402 340
441 324 404 342
443 324 406 342
445 324 408 342
446 324 410 342
448 324 412 343
450 324 414 343
452 324 417 344
454 324 419 344
455 324 420 344
457 324 423 345
459 324 425 345
461 324 427 345
463 324 429 346
466 324 434 347
472 324 440 348
473 324 442 346
414 326 381 339
416 326 382 339
418 326 384 339
419 326 386 339
423 326 388 340
425 326 390 341
427 326 392 341
428 326 393 341
432 326 396 342
434 326 398 342
436 326 399 342
437 326 400 342
439 326 402 343
441 326 404 344
443 326 406 344
445 326 408 345
446 326 410 345
448 326 412 345
450 326 414 345
452 326 416 346
454 326 418 346
455 326 420 346
457 326 422 347
459 326 424 347
461 326 426 347
468 326 436 349
473 326 442 348
416 328 382 341
418 328 384 341
419 328 385 342
421 328 387 342
425 328 390 342
427 328 391 343
428 328 393 343
434 328 398 344
436 328 399 344
437 328 400 344
441 328 404 345
443 328 406 346
446 328 410 347
448 328 411 347
450 328 413 347
452 328 416 348
454 328 418 348
455 328 420 348
457 328 422 349
459 328 424 349
461 328 426 349
472 328 439 349
473 328 440 349
416 330 382 343
418 330 384 343
419 330 386 343
421 330 387 344
425 330 390 344
427 330 392 345
428 330 393 345
434 330 397 346
436 330 399 346
437 330 400 346
439 330 402 347
441 330 404 347
443 330 405 348
445 330 407 348
446 330 409 348
448 330 411 349
450 330 413 349
452 330 415 349
454 330 417 350
455 330 419 350
457 330 421 350
418 331 384 345
419 331 385 345
421 331 387 345
425 331 390 346
427 331 391 347
428 331 393 346
430 331 394 347
432 331 396 347
436 331 399 348
437 331 400 348
439 331 402 348
441 331 404 349
443 331 405 349
445 331 407 350
446 331 409 350
448 331 411 351
450 331 413 351
452 331 415 351
454 331 417 351
455 331 419 352
457 331 422 352
419 333 385 347
421 333 387 347
425 333 390 348
427 333 391 348
428 333 392 348
430 333 394 349
432 333 396 349
436 333 399 350
437 333 400 350
439 333 402 350
443 333 405 351
446 333 408 352
448 333 410 352
450 333 412 353
452 333 415 353
454 333 416 353
455 333 430 346
468 333 436 351
470 333 438 351
419 335 385 349
421 335 387 349
423 335 388 349
427 335 391 350
428 335 392 350
430 335 394 351
432 335 396 351
434 335 397 351
437 335 400 352
439 335 402 352
441 335 403 352
448 335 410 354
450 335 412 354
452 335 414 355
454 335 416 355
464 335 432 352
466 335 434 352
468 335 436 353
470 335 438 353
421 337 387 351
423 337 388 351
425 337 390 352
427 337 391 352
430 337 394 353
432 337 396 353
434 337 397 353
441 337 403 354
443 337 405 355
445 337 406 355
446 337 408 355
448 337 410 356
450 337 412 356
464 337 432 354
466 337 434 354
468 337 427 359
425 339 390 354
430 339 394 354
432 339 395 355
434 339 397 355
443 339 404 356
445 339 406 356
446 339 408 357
419 340 390 355
428 340 393 356
432 340 395 356
434 340 397 357
439 340 401 357
441 340 403 358
443 340 404 358
445 340 406 358
448 340 410 358
423 342 399 360
432 342 395 358
434 342 396 358
436 342 398 359
437 342 400 359
455 344 416 361
