457 292 427 306
459 292 429 307
452 294 412 305
448 295 409 304
452 295 419 322
457 295 423 322
459 295 425 322
450 297 416 324
452 297 418 324
457 297 422 324
450 299 416 325
455 299 420 325
457 299 421 326
459 299 424 325
463 299 426 326
454 301 417 327
455 301 419 327
461 301 423 327
463 301 425 327
454 303 416 328
455 303 418 329
461 303 422 328
463 303 424 329
464 303 426 329
409 304 374 311
452 304 414 330
454 304 416 330
455 304 417 330
459 304 420 329
461 304 422 330
463 304 423 330
410 306 377 315
448 306 411 332
452 306 411 315
454 306 413 316
459 306 419 331
461 306 421 317
463 306 422 317
466 306 425 332
409 308 373 313
410 308 377 317
446 308 408 333
452 308 413 333
457 308 417 333
459 308 418 318
461 308 419 320
464 308 423 333
466 308 424 333
472 308 434 331
409 310 375 316
446 310 408 335
452 310 412 335
454 310 414 334
457 310 416 335
459 310 418 335
463 310 421 335
464 310 422 335
466 310 424 335
470 310 426 336
410 312 376 318
441 312 397 319
443 312 399 319
452 312 411 336
455 312 414 336
457 312 415 336
463 312 420 336
464 312 421 336
421 313 376 306
446 313 404 321
450 313 409 338
452 313 410 338
454 313 412 322
461 313 417 337
463 313 419 337
464 313 420 338
468 313 423 338
472 313 426 338
473 313 427 339
450 315 408 339
461 315 417 339
463 315 418 339
468 315 422 339
470 315 424 339
473 315 426 341
450 317 408 325
455 317 412 328
457 317 413 324
461 317 416 341
463 317 418 341
466 317 420 340
468 317 422 340
472 317 424 341
414 319 375 324
439 319 397 339
445 319 397 324
457 319 412 326
459 319 413 342
461 319 415 342
466 319 419 342
468 319 421 342
425 321 383 315
428 321 388 319
439 321 397 341
441 321 398 342
443 321 383 321
454 321 408 344
459 321 412 344
464 321 417 344
437 322 394 341
441 322 397 343
452 322 406 331
454 322 407 345
459 322 412 346
425 324 381 317
428 324 385 322
430 324 388 325
432 324 389 325
452 324 405 347
419 326 377 331
421 326 378 317
436 326 391 344
446 326 400 348
457 326 409 348
425 328 380 322
427 328 382 323
412 330 372 317
421 330 376 319
425 330 380 324
427 330 381 325
439 330 392 336
446 330 398 346
452 330 403 336
446 331 398 348
450 331 401 337
452 331 402 338
454 331 403 338
418 333 373 320
430 333 382 328
443 333 394 348
445 333 395 349
446 333 397 351
450 333 400 339
452 333 401 339
454 333 403 340
416 335 372 322
434 335 385 331
428 337 380 328
432 337 383 332
434 337 385 333
428 339 379 330
434 339 384 334
439 339 389 338
419 340 372 327
432 340 382 334
439 340 388 340
430 342 381 337
432 342 381 336
434 342 383 337
439 342 387 342
432 344 382 340
