445 292 436 297
450 292 442 297
452 292 444 297
454 292 446 297
457 292 449 297
459 292 451 296
448 294 440 298
452 294 444 299
454 294 446 299
455 294 448 299
457 294 450 299
461 294 453 298
443 295 433 299
446 295 438 300
448 295 440 300
450 295 442 300
452 295 444 300
454 295 446 300
455 295 448 300
457 295 450 300
461 295 453 300
443 297 433 301
445 297 436 302
448 297 440 302
450 297 442 302
452 297 444 302
454 297 446 302
455 297 448 302
457 297 450 302
459 297 452 302
461 297 454 303
463 297 456 304
443 299 433 303
445 299 436 303
450 299 442 304
452 299 444 304
454 299 446 304
457 299 450 304
459 299 452 304
463 299 456 305
464 299 458 304
441 301 431 305
443 301 434 305
445 301 436 305
446 301 438 305
448 301 440 305
450 301 442 306
452 301 444 306
454 301 446 306
455 301 448 306
457 301 450 306
459 301 452 306
461 301 454 307
463 301 456 307
464 301 458 306
441 303 431 307
443 303 434 307
445 303 436 307
446 303 437 307
448 303 439 307
450 303 442 307
452 303 444 308
455 303 448 308
459 303 452 308
461 303 454 309
463 303 455 309
464 303 457 309
468 303 461 307
407 304 400 308
441 304 431 309
443 304 434 309
445 304 436 309
446 304 437 309
448 304 439 309
450 304 442 309
452 304 444 309
454 304 445 310
455 304 447 310
457 304 450 310
459 304 452 310
461 304 453 310
463 304 456 310
464 304 457 310
425 306 415 309
427 306 417 309
428 306 418 310
430 306 420 310
445 306 436 311
446 306 438 311
448 306 439 311
452 306 444 311
454 306 445 312
455 306 447 312
457 306 449 312
459 306 451 312
461 306 453 312
463 306 455 312
464 306 457 312
466 306 459 312
407 308 400 312
410 308 402 313
412 308 403 313
416 308 406 312
421 308 411 312
423 308 413 312
425 308 415 312
427 308 416 311
428 308 418 312
430 308 420 312
432 308 422 312
439 308 430 312
443 308 434 312
445 308 436 312
446 308 437 313
448 308 439 313
450 308 441 313
452 308 443 313
454 308 446 314
455 308 447 314
457 308 449 314
459 308 451 314
461 308 453 314
463 308 455 314
464 308 457 314
466 308 459 314
410 310 402 315
412 310 403 314
414 310 405 314
416 310 406 313
419 310 410 314
421 310 411 314
423 310 413 314
425 310 415 314
428 310 418 314
430 310 420 314
432 310 422 314
434 310 424 314
436 310 426 314
437 310 428 314
439 310 430 314
441 310 432 314
443 310 434 314
445 310 436 314
446 310 438 314
448 310 440 315
450 310 441 315
452 310 443 315
454 310 446 316
455 310 447 316
457 310 449 316
459 310 451 316
461 310 453 316
463 310 455 316
464 310 457 316
466 310 459 316
468 310 461 316
470 310 463 316
472 310 464 316
410 312 401 316
412 312 403 316
414 312 405 316
421 312 411 316
423 312 413 316
425 312 415 316
427 312 416 316
428 312 418 316
430 312 420 316
432 312 422 316
434 312 424 316
437 312 428 316
439 312 430 316
441 312 432 316
443 312 434 316
445 312 436 316
446 312 438 316
448 312 439 317
450 312 441 317
452 312 443 317
454 312 446 317
455 312 447 317
457 312 449 317
459 312 451 317
461 312 453 318
463 312 455 318
464 312 457 318
466 312 459 318
468 312 461 318
470 312 463 318
472 312 465 318
475 312 468 317
410 313 402 318
412 313 403 318
414 313 405 318
416 313 407 318
418 313 408 317
419 313 409 317
423 313 413 318
428 313 418 317
430 313 420 317
432 313 422 318
434 313 424 318
436 313 426 317
437 313 428 317
441 313 432 317
443 313 434 318
446 313 437 319
448 313 439 319
450 313 441 319
452 313 443 319
454 313 446 319
455 313 447 319
457 313 449 319
459 313 451 319
461 313 453 319
463 313 455 320
464 313 457 319
466 313 459 319
468 313 461 319
470 313 463 320
472 313 465 320
475 313 467 318
409 315 400 320
410 315 402 320
412 315 403 320
416 315 407 320
418 315 409 320
419 315 409 319
421 315 411 319
423 315 413 320
425 315 415 320
427 315 417 320
428 315 418 320
430 315 420 319
432 315 422 319
434 315 424 319
437 315 427 319
439 315 430 320
441 315 432 319
443 315 434 320
446 315 437 320
448 315 439 320
450 315 441 320
452 315 443 321
454 315 445 321
455 315 447 321
457 315 449 321
459 315 451 321
461 315 453 321
463 315 455 321
464 315 457 321
466 315 459 321
468 315 461 321
470 315 463 322
472 315 465 322
473 315 466 322
475 315 468 320
409 317 400 322
410 317 401 322
412 317 403 322
414 317 405 322
416 317 407 322
418 317 409 322
421 317 412 322
423 317 414 322
427 317 417 322
428 317 418 322
430 317 420 322
432 317 422 321
434 317 424 321
436 317 426 323
439 317 429 321
441 317 432 321
443 317 434 321
445 317 436 321
446 317 437 322
448 317 439 322
450 317 441 322
452 317 443 322
454 317 445 323
455 317 447 323
457 317 449 323
459 317 451 323
461 317 453 323
463 317 455 323
464 317 457 323
466 317 459 323
468 317 461 323
472 317 465 324
410 319 402 324
412 319 403 324
414 319 405 324
418 319 409 324
419 319 410 324
421 319 412 324
423 319 414 324
425 319 416 324
428 319 419 324
434 319 424 323
439 319 430 324
443 319 434 323
445 319 435 324
446 319 437 324
448 319 439 324
450 319 441 324
452 319 443 324
454 319 445 324
455 319 447 325
457 319 449 325
459 319 451 325
461 319 453 325
463 319 455 325
464 319 457 325
466 319 459 325
468 319 461 325
470 319 463 326
414 321 405 326
416 321 407 326
418 321 409 326
419 321 410 326
421 321 412 326
423 321 414 326
425 321 416 326
427 321 417 326
428 321 419 326
430 321 421 325
434 321 424 325
436 321 426 325
437 321 427 325
443 321 433 326
445 321 435 326
446 321 437 326
448 321 439 326
450 321 441 326
452 321 443 326
454 321 445 326
455 321 447 326
457 321 449 327
459 321 451 327
461 321 453 327
463 321 455 327
464 321 457 327
466 321 459 327
475 321 468 328
416 322 407 328
418 322 409 328
419 322 410 327
421 322 412 327
423 322 414 327
425 322 416 327
427 322 418 327
428 322 419 327
430 322 421 327
432 322 423 327
436 322 425 327
437 322 427 327
439 322 429 327
441 322 431 327
443 322 434 327
445 322 435 327
446 322 437 327
448 322 439 327
450 322 441 328
452 322 443 328
454 322 445 328
455 322 447 328
457 322 448 328
459 322 451 328
461 322 453 329
463 322 455 329
464 322 457 329
466 322 459 329
475 322 468 329
416 324 407 330
418 324 409 330
419 324 410 329
421 324 412 329
423 324 414 329
425 324 416 330
427 324 417 329
428 324 419 329
430 324 421 329
432 324 423 329
436 324 426 329
439 324 429 328
441 324 431 329
443 324 433 329
445 324 435 329
446 324 437 329
448 324 439 329
450 324 441 329
452 324 443 330
454 324 445 330
455 324 447 330
457 324 449 330
459 324 451 330
461 324 453 330
464 324 457 330
414 326 406 332
416 326 407 332
418 326 409 332
419 326 411 331
421 326 412 331
423 326 414 331
425 326 416 331
427 326 417 331
428 326 419 331
430 326 421 331
432 326 423 331
434 326 424 331
436 326 426 331
439 326 430 331
441 326 431 331
443 326 433 331
446 326 437 331
448 326 439 331
450 326 441 331
452 326 443 331
454 326 445 332
455 326 447 332
457 326 449 332
459 326 451 332
414 328 406 334
416 328 407 333
418 328 409 333
419 328 410 333
421 328 412 333
423 328 414 333
425 328 416 333
427 328 418 333
428 328 419 333
430 328 421 333
432 328 423 333
434 328 425 333
436 328 426 333
439 328 429 333
441 328 431 333
443 328 433 333
445 328 435 333
446 328 437 333
448 328 439 333
450 328 441 333
452 328 443 334
454 328 445 334
455 328 447 334
457 328 449 334
412 330 405 337
416 330 407 335
418 330 409 335
419 330 411 335
421 330 412 335
423 330 414 335
425 330 416 335
427 330 418 335
428 330 419 335
430 330 421 335
432 330 423 335
434 330 425 335
436 330 426 335
437 330 428 335
439 330 430 335
441 330 431 335
443 330 433 334
445 330 435 334
446 330 437 335
448 330 439 335
450 330 441 335
452 330 443 335
454 330 445 336
455 330 447 336
457 330 448 336
418 331 409 338
419 331 411 337
421 331 412 337
423 331 414 337
425 331 416 337
427 331 418 337
428 331 419 337
430 331 421 337
432 331 423 337
434 331 425 337
436 331 426 337
437 331 428 337
439 331 430 337
441 331 431 336
443 331 433 336
445 331 435 336
446 331 437 337
448 331 439 337
450 331 441 337
452 331 443 337
454 331 445 337
455 331 446 337
457 331 448 337
418 333 409 339
419 333 411 339
421 333 412 339
423 333 414 339
425 333 416 339
427 333 418 339
428 333 419 339
430 333 421 339
432 333 423 339
434 333 425 339
436 333 426 339
437 333 428 339
439 333 430 339
441 333 431 339
443 333 433 338
445 333 435 338
446 333 437 339
448 333 439 339
450 333 441 339
452 333 443 339
454 333 444 339
455 333 446 339
418 335 409 341
419 335 411 341
421 335 413 341
423 335 414 341
425 335 416 341
427 335 418 341
428 335 419 341
430 335 421 341
434 335 425 341
436 335 426 341
437 335 428 341
439 335 430 341
441 335 431 340
443 335 433 340
445 335 435 340
446 335 437 340
448 335 439 340
450 335 441 340
455 335 446 341
418 337 409 344
419 337 411 343
421 337 413 343
423 337 414 343
427 337 418 343
434 337 425 343
436 337 426 343
439 337 430 343
450 337 441 343
419 339 411 345
421 339 413 345
423 339 414 345
428 339 419 345
430 339 421 345
434 339 424 345
441 339 431 344
421 340 413 347
423 340 414 347
425 340 416 347
427 340 418 347
428 340 419 347
434 340 425 347
