448 292 419 308
450 292 422 308
452 292 424 308
454 292 426 309
455 292 428 309
457 292 430 309
459 292 433 309
448 294 419 309
454 294 426 311
455 294 428 311
459 294 432 310
446 295 417 312
450 295 421 311
452 295 424 311
454 295 426 312
455 295 428 312
457 295 430 313
459 295 432 313
461 295 434 313
463 295 437 314
443 297 412 312
445 297 415 312
448 297 419 313
450 297 421 313
452 297 423 313
454 297 426 314
455 297 428 314
459 297 432 315
461 297 434 315
463 297 437 316
443 299 412 314
445 299 414 314
446 299 416 314
448 299 419 315
450 299 421 315
452 299 423 316
454 299 425 316
455 299 428 316
457 299 429 317
459 299 432 317
461 299 434 317
463 299 436 317
464 299 438 318
443 301 412 316
445 301 414 316
446 301 416 316
448 301 418 316
450 301 421 318
452 301 423 318
454 301 425 318
455 301 427 318
457 301 429 319
459 301 432 319
461 301 434 319
463 301 436 319
441 303 410 317
443 303 412 318
445 303 414 318
446 303 415 318
448 303 418 318
450 303 421 320
452 303 423 320
454 303 425 320
455 303 427 320
457 303 429 320
459 303 432 321
461 303 433 321
463 303 436 322
464 303 438 322
443 304 411 319
445 304 413 319
446 304 415 320
448 304 417 320
450 304 421 322
452 304 423 321
454 304 424 321
455 304 426 322
457 304 429 322
459 304 432 322
461 304 433 323
463 304 436 323
464 304 438 323
466 304 440 324
428 306 393 319
441 306 408 321
443 306 411 321
445 306 413 321
446 306 415 322
448 306 417 322
450 306 419 322
452 306 422 323
454 306 424 324
455 306 426 324
457 306 428 324
459 306 431 324
461 306 433 325
463 306 435 325
464 306 437 325
466 306 439 325
468 306 441 324
410 308 380 321
412 308 381 321
423 308 388 319
425 308 389 320
428 308 394 321
439 308 406 322
441 308 408 323
443 308 411 323
445 308 413 323
446 308 415 324
448 308 417 324
450 308 420 324
454 308 424 326
455 308 426 326
457 308 428 326
459 308 430 326
461 308 433 327
463 308 435 327
464 308 437 327
466 308 439 327
468 308 441 326
470 308 443 325
410 310 380 323
412 310 381 323
414 310 383 323
416 310 384 322
421 310 387 322
423 310 389 322
428 310 394 323
430 310 396 323
432 310 398 323
434 310 400 323
436 310 402 323
437 310 404 324
439 310 406 324
441 310 408 325
443 310 411 325
445 310 413 325
446 310 415 326
448 310 417 326
450 310 419 326
452 310 421 326
454 310 424 328
455 310 425 328
457 310 428 328
459 310 430 328
461 310 433 329
463 310 435 329
464 310 437 329
466 310 439 329
468 310 441 330
470 310 443 330
410 312 380 325
412 312 381 325
421 312 387 324
423 312 389 324
428 312 394 325
430 312 396 325
432 312 398 325
434 312 400 325
436 312 401 325
439 312 406 326
441 312 408 326
443 312 410 327
445 312 413 327
446 312 415 327
448 312 417 328
450 312 419 328
452 312 421 328
454 312 424 329
455 312 425 330
457 312 428 330
459 312 430 330
461 312 433 330
463 312 435 331
464 312 436 331
466 312 439 331
468 312 441 331
470 312 443 332
472 312 446 332
409 313 379 327
412 313 381 327
416 313 385 327
423 313 388 326
425 313 390 326
427 313 392 326
428 313 395 327
430 313 396 327
432 313 398 327
434 313 400 327
437 313 403 327
439 313 405 328
441 313 408 328
443 313 410 328
445 313 412 329
446 313 415 329
448 313 417 330
450 313 419 329
452 313 421 330
454 313 423 331
455 313 425 331
457 313 427 331
459 313 430 332
461 313 432 332
463 313 434 332
464 313 436 333
466 313 439 333
468 313 441 333
472 313 446 334
409 315 379 329
410 315 380 329
414 315 383 329
421 315 389 329
428 315 395 329
430 315 396 329
432 315 398 329
434 315 400 329
436 315 401 329
439 315 405 330
441 315 407 330
443 315 409 330
445 315 411 331
446 315 414 331
448 315 417 331
450 315 419 331
452 315 421 332
454 315 423 332
455 315 425 333
457 315 427 334
459 315 430 334
461 315 432 334
463 315 434 334
464 315 436 335
466 315 439 335
468 315 441 335
470 315 443 335
472 315 444 335
409 317 379 331
410 317 380 331
414 317 383 331
418 317 387 331
419 317 388 332
421 317 389 331
423 317 391 331
425 317 392 331
427 317 394 331
430 317 396 331
432 317 398 331
434 317 400 331
437 317 403 331
439 317 405 332
441 317 407 332
443 317 409 332
445 317 411 333
446 317 414 333
448 317 416 333
450 317 418 333
452 317 420 334
454 317 423 334
455 317 425 335
457 317 427 336
459 317 429 336
461 317 431 336
463 317 433 336
464 317 436 336
466 317 438 337
468 317 441 337
470 317 443 337
472 317 445 338
409 319 379 333
410 319 381 333
416 319 385 334
418 319 387 334
419 319 388 333
421 319 389 333
423 319 391 333
425 319 392 333
427 319 394 333
428 319 395 333
432 319 398 333
434 319 400 333
436 319 401 333
437 319 403 334
439 319 405 334
443 319 409 334
445 319 411 335
446 319 413 335
450 319 418 336
452 319 420 336
454 319 422 336
455 319 424 337
457 319 427 337
459 319 429 338
461 319 431 338
463 319 433 338
464 319 435 339
466 319 438 339
468 319 440 339
470 319 442 339
410 321 381 335
418 321 387 335
419 321 388 335
421 321 389 335
423 321 391 335
427 321 394 335
428 321 395 335
430 321 397 335
434 321 400 335
436 321 401 335
437 321 403 335
439 321 405 336
441 321 407 336
443 321 409 336
445 321 411 337
446 321 413 337
448 321 415 337
450 321 418 338
452 321 420 338
455 321 424 339
457 321 426 339
459 321 429 340
461 321 431 340
463 321 433 340
464 321 435 340
466 321 437 341
468 321 440 341
409 322 380 336
416 322 384 337
418 322 386 337
419 322 388 337
421 322 390 337
423 322 391 337
425 322 393 337
428 322 395 337
430 322 397 337
432 322 398 337
436 322 401 337
437 322 403 337
439 322 405 338
441 322 407 338
443 322 409 338
445 322 411 338
446 322 413 338
448 322 415 339
452 322 419 339
454 322 422 340
455 322 424 340
457 322 426 341
459 322 429 342
461 322 431 342
463 322 433 342
464 322 435 342
466 322 437 342
410 324 382 339
414 324 384 339
418 324 386 339
419 324 388 339
421 324 389 339
423 324 391 339
425 324 393 339
428 324 395 339
430 324 397 339
432 324 398 339
436 324 401 339
437 324 403 339
439 324 405 340
441 324 406 340
443 324 408 340
445 324 411 340
446 324 413 340
448 324 415 340
450 324 417 341
452 324 419 341
454 324 422 342
455 324 423 342
457 324 426 342
459 324 428 343
461 324 430 343
463 324 432 344
464 324 435 344
414 326 384 341
416 326 385 341
419 326 388 341
421 326 389 341
423 326 391 341
425 326 393 341
427 326 394 341
430 326 397 341
432 326 398 341
434 326 400 341
437 326 403 341
439 326 405 341
441 326 406 342
443 326 408 342
445 326 410 342
448 326 414 343
450 326 417 343
452 326 419 343
454 326 421 344
455 326 423 344
457 326 425 344
459 326 428 345
416 328 385 343
418 328 387 343
421 328 389 343
423 328 391 343
425 328 393 343
427 328 394 343
428 328 396 343
432 328 399 344
434 328 400 344
436 328 402 343
439 328 405 343
441 328 406 343
443 328 408 343
445 328 410 343
446 328 412 344
448 328 414 345
450 328 416 345
452 328 419 345
454 328 421 346
455 328 423 346
457 328 425 346
418 330 387 345
419 330 388 345
423 330 391 345
425 330 393 345
427 330 395 346
428 330 396 345
432 330 399 346
434 330 400 346
436 330 402 346
437 330 403 346
439 330 405 345
441 330 406 345
443 330 408 345
445 330 410 345
446 330 411 345
448 330 414 347
450 330 416 347
452 330 418 347
454 330 420 348
455 330 423 348
457 330 425 348
418 331 387 347
419 331 389 347
423 331 391 347
425 331 393 347
427 331 394 348
428 331 396 347
430 331 397 347
434 331 400 347
436 331 402 347
437 331 403 347
439 331 405 348
443 331 408 347
445 331 410 347
446 331 411 347
448 331 414 349
450 331 416 349
452 331 418 349
454 331 420 349
455 331 422 350
457 331 424 350
416 333 385 349
419 333 389 349
421 333 390 349
425 333 393 349
427 333 395 350
428 333 396 349
430 333 397 349
434 333 400 349
436 333 402 349
437 333 403 349
439 333 405 350
441 333 407 350
443 333 408 349
445 333 410 349
446 333 411 349
448 333 413 350
450 333 416 350
452 333 418 351
454 333 420 351
418 335 387 351
419 335 388 351
421 335 390 351
423 335 391 351
427 335 395 352
428 335 396 352
430 335 397 351
432 335 399 352
436 335 402 351
437 335 403 351
439 335 405 352
441 335 407 352
445 335 410 352
418 337 387 352
419 337 388 353
421 337 390 353
423 337 392 353
425 337 393 353
432 337 399 354
434 337 401 354
437 337 404 354
439 337 405 354
441 337 407 354
443 337 408 354
446 337 411 354
448 337 413 354
450 337 415 354
423 339 392 355
425 339 393 355
434 339 400 356
439 339 405 356
441 339 407 356
443 339 408 356
446 339 411 356
448 339 413 356
419 340 391 358
425 340 393 357
428 340 396 357
434 340 401 357
432 342 399 359
434 342 401 359
