445 292 415 312
446 292 417 312
448 292 419 312
450 292 421 313
452 292 423 312
454 292 425 313
455 292 427 313
457 292 428 313
459 292 430 313
446 294 417 314
448 294 418 314
450 294 420 314
452 294 422 315
454 294 424 315
457 294 428 315
459 294 430 316
461 294 431 314
463 294 434 314
445 295 414 316
446 295 416 316
448 295 418 316
450 295 420 316
452 295 422 317
454 295 424 317
455 295 426 317
457 295 428 317
459 295 430 318
461 295 431 316
463 295 433 316
443 297 411 317
445 297 414 317
446 297 416 318
448 297 418 318
450 297 420 318
452 297 421 318
454 297 423 319
455 297 425 319
457 297 427 319
459 297 429 319
461 297 431 320
463 297 433 318
443 299 411 319
445 299 413 319
446 299 415 319
448 299 417 320
450 299 419 320
452 299 421 320
457 299 427 321
459 299 429 321
461 299 431 322
463 299 433 322
443 301 411 321
445 301 413 321
446 301 415 321
448 301 417 321
450 301 419 322
452 301 420 322
454 301 422 322
455 301 425 323
457 301 427 323
459 301 429 323
461 301 430 324
443 303 410 322
445 303 412 323
446 303 414 323
448 303 416 323
450 303 418 324
452 303 420 324
454 303 421 325
455 303 423 325
457 303 425 325
459 303 428 325
443 304 409 324
445 304 411 325
446 304 413 325
448 304 415 325
450 304 418 326
454 304 421 326
455 304 423 327
457 304 425 327
459 304 427 327
423 306 388 320
425 306 389 320
430 306 396 323
441 306 406 324
443 306 409 326
445 306 411 326
446 306 413 326
452 306 419 327
457 306 424 329
459 306 426 329
461 306 428 329
425 308 390 324
427 308 392 324
428 308 394 324
430 308 395 325
432 308 398 325
439 308 404 327
443 308 409 328
445 308 411 328
448 308 414 328
450 308 416 328
452 308 418 329
454 308 420 329
455 308 422 330
459 308 426 331
461 308 428 331
421 310 386 325
423 310 388 325
425 310 390 326
427 310 392 326
428 310 394 326
430 310 395 327
432 310 397 328
436 310 400 326
437 310 401 326
445 310 410 330
446 310 412 330
448 310 414 330
450 310 416 330
452 310 418 331
454 310 420 331
455 310 421 332
457 310 423 332
459 310 426 333
461 310 428 333
425 312 390 327
428 312 393 328
430 312 395 329
432 312 397 329
437 312 401 329
446 312 412 331
448 312 414 332
450 312 416 332
454 312 419 334
455 312 421 334
457 312 423 334
459 312 425 334
461 312 427 335
463 312 429 335
410 313 379 324
414 313 380 324
427 313 391 329
430 313 394 331
434 313 398 332
437 313 401 332
439 313 403 332
441 313 405 332
443 313 407 333
445 313 409 333
446 313 410 334
448 313 414 334
452 313 416 334
454 313 418 335
457 313 422 336
459 313 424 336
461 313 426 336
463 313 428 337
410 315 378 325
414 315 380 325
419 315 384 326
423 315 387 330
427 315 391 330
428 315 392 331
430 315 394 332
441 315 405 334
443 315 406 335
445 315 408 335
446 315 410 335
452 315 416 336
454 315 418 336
455 315 420 337
457 315 422 337
459 315 424 338
461 315 426 338
463 315 428 338
464 315 430 339
414 317 380 327
416 317 381 328
419 317 384 328
421 317 386 329
425 317 389 332
427 317 390 332
428 317 392 332
434 317 397 334
436 317 398 334
437 317 400 334
439 317 402 335
441 317 404 336
443 317 406 337
445 317 407 337
446 317 409 337
450 317 413 338
452 317 416 338
454 317 417 339
455 317 419 339
457 317 421 339
459 317 423 340
463 317 427 340
464 317 429 340
414 319 379 329
416 319 381 330
423 319 387 332
425 319 389 333
427 319 390 333
428 319 392 334
430 319 394 335
434 319 396 336
436 319 398 336
437 319 399 336
439 319 402 338
441 319 403 338
443 319 405 339
445 319 407 339
448 319 411 339
450 319 413 340
452 319 415 340
454 319 417 340
455 319 418 340
457 319 421 341
459 319 423 341
461 319 425 342
463 319 426 342
464 319 428 342
466 319 430 343
414 321 379 331
416 321 381 331
418 321 382 332
421 321 385 333
427 321 390 335
428 321 391 335
430 321 394 336
434 321 396 337
436 321 397 337
437 321 399 338
439 321 401 339
441 321 403 340
443 321 405 340
445 321 406 341
446 321 408 341
448 321 410 341
450 321 413 341
452 321 414 342
454 321 416 342
455 321 418 342
457 321 420 343
459 321 422 343
461 321 424 344
463 321 426 344
464 321 428 344
468 321 432 345
418 322 382 333
423 322 386 335
425 322 388 336
428 322 391 337
430 322 393 338
434 322 395 339
436 322 397 339
437 322 399 339
446 322 408 342
448 322 410 343
450 322 412 343
452 322 414 343
454 322 416 343
455 322 418 344
457 322 419 344
459 322 422 345
461 322 424 345
463 322 425 345
421 324 384 336
425 324 388 338
427 324 389 338
434 324 395 340
436 324 397 341
437 324 398 341
439 324 400 341
441 324 402 343
443 324 404 343
445 324 406 344
446 324 408 344
448 324 409 344
450 324 411 345
452 324 413 345
454 324 415 345
455 324 417 345
457 324 419 346
459 324 421 346
461 324 423 347
463 324 425 347
464 324 427 347
418 326 380 336
419 326 382 337
423 326 386 338
425 326 387 339
427 326 389 340
428 326 390 341
436 326 397 343
437 326 398 343
439 326 400 344
441 326 402 345
443 326 403 345
445 326 405 346
446 326 407 346
448 326 409 346
450 326 411 346
452 326 413 347
454 326 415 347
455 326 416 347
457 326 418 348
459 326 420 348
461 326 423 348
419 328 382 339
421 328 384 339
425 328 387 341
427 328 389 342
428 328 390 342
430 328 392 343
437 328 398 345
439 328 399 345
441 328 401 346
443 328 403 347
445 328 404 347
446 328 406 348
448 328 408 348
450 328 410 348
452 328 412 349
454 328 414 349
455 328 416 349
457 328 418 350
459 328 420 350
421 330 383 341
423 330 385 341
425 330 387 342
427 330 388 344
428 330 390 344
430 330 391 345
432 330 393 345
436 330 396 346
439 330 399 347
441 330 401 348
443 330 403 349
445 330 404 349
446 330 406 349
448 330 408 350
450 330 410 350
452 330 412 350
454 330 414 351
455 330 416 351
457 330 417 352
419 331 382 342
423 331 385 343
428 331 389 345
430 331 391 346
432 331 393 347
436 331 396 347
437 331 397 348
439 331 399 349
441 331 400 349
443 331 402 350
445 331 404 351
446 331 405 351
448 331 407 352
450 331 409 352
452 331 411 352
454 331 413 352
455 331 415 353
419 333 382 343
423 333 384 345
425 333 386 345
427 333 388 346
428 333 389 347
430 333 391 348
432 333 392 348
436 333 395 349
437 333 397 349
443 333 402 352
445 333 403 352
446 333 405 353
448 333 407 353
452 333 411 354
454 333 413 354
419 335 382 346
423 335 384 346
425 335 386 347
427 335 387 347
430 335 390 349
432 335 392 350
436 335 395 351
437 335 396 351
439 335 398 352
441 335 400 352
445 335 403 354
446 335 405 354
425 337 385 348
427 337 387 349
428 337 388 350
430 337 390 351
432 337 392 352
434 337 394 352
437 337 396 353
441 337 399 354
443 337 401 354
445 337 403 356
446 337 404 356
448 337 406 357
450 337 408 357
441 339 399 356
443 339 401 356
445 339 402 358
446 339 404 358
443 340 400 358
