446 292 417 315
448 292 419 315
450 292 421 315
454 292 425 315
455 292 426 315
457 292 428 313
459 292 429 313
461 292 431 314
446 294 417 316
448 294 418 317
450 294 420 317
452 294 422 317
454 294 424 317
457 294 427 317
459 294 429 316
461 294 430 317
445 295 413 317
446 295 416 318
448 295 418 318
450 295 420 318
452 295 422 319
454 295 423 318
457 295 427 319
459 295 428 319
461 295 430 319
448 297 417 320
455 297 424 321
457 297 426 321
459 297 428 321
461 297 430 321
463 297 432 321
448 299 417 322
454 299 422 322
455 299 424 322
457 299 425 323
459 299 427 323
461 299 429 323
441 301 406 321
443 301 410 323
446 301 413 323
448 301 416 322
452 301 419 323
454 301 421 324
455 301 423 324
457 301 425 325
459 301 426 325
461 301 428 325
463 301 430 325
443 303 410 324
445 303 412 325
446 303 413 325
450 303 417 325
452 303 419 326
454 303 420 326
455 303 422 326
457 303 424 327
459 303 425 327
461 303 427 327
463 303 429 327
464 303 431 327
468 303 439 328
425 304 389 322
441 304 406 325
445 304 411 326
446 304 413 327
455 304 422 328
457 304 423 328
459 304 425 328
461 304 427 328
463 304 429 329
464 304 430 329
427 306 393 322
428 306 394 323
430 306 396 325
441 306 406 327
443 306 409 328
446 306 412 328
450 306 415 328
452 306 417 328
454 306 419 329
455 306 421 329
457 306 423 330
459 306 424 330
461 306 426 330
463 306 428 330
464 306 430 331
466 306 432 331
423 308 388 325
425 308 390 325
427 308 392 325
428 308 394 325
430 308 396 327
439 308 403 329
441 308 406 329
443 308 408 329
446 308 411 330
448 308 413 330
450 308 415 330
452 308 417 330
454 308 418 331
455 308 420 331
457 308 422 332
459 308 424 332
461 308 426 332
466 308 431 332
468 308 434 333
423 310 388 327
425 310 390 327
427 310 392 327
428 310 394 327
432 310 397 328
434 310 399 328
437 310 401 329
439 310 403 331
441 310 405 331
443 310 407 331
445 310 409 331
446 310 411 332
448 310 413 332
450 310 415 332
452 310 416 332
454 310 418 332
455 310 419 333
457 310 421 333
459 310 423 333
463 310 427 334
466 310 430 334
468 310 433 335
421 312 387 329
427 312 392 329
428 312 393 329
430 312 395 331
432 312 396 330
434 312 398 331
439 312 403 332
441 312 405 332
443 312 407 332
445 312 408 333
446 312 410 333
450 312 413 334
452 312 415 334
454 312 417 334
455 312 419 335
457 312 421 335
463 312 426 335
464 312 428 336
466 312 429 336
468 312 431 336
423 313 389 330
427 313 391 330
428 313 393 331
432 313 396 332
437 313 400 331
439 313 402 334
441 313 404 334
443 313 406 334
445 313 408 334
448 313 412 335
450 313 413 335
452 313 415 336
454 313 417 336
455 313 418 336
457 313 420 336
459 313 422 336
464 313 427 337
466 313 429 338
468 313 431 338
472 313 434 339
416 315 381 325
430 315 394 333
437 315 400 335
439 315 402 336
441 315 403 336
443 315 405 336
445 315 407 336
446 315 409 336
448 315 411 336
450 315 412 337
452 315 414 338
454 315 416 338
461 315 423 338
464 315 426 339
466 315 428 339
468 315 430 339
470 315 432 339
416 317 380 327
418 317 382 327
419 317 384 327
430 317 392 333
434 317 396 334
436 317 398 336
437 317 399 337
439 317 401 337
441 317 403 338
443 317 405 338
445 317 407 338
446 317 408 338
448 317 410 338
450 317 412 339
452 317 414 339
454 317 415 339
459 317 420 340
461 317 422 340
463 317 424 340
464 317 426 341
466 317 428 341
468 317 429 341
470 317 431 341
472 317 433 341
473 317 435 342
418 319 382 329
419 319 383 330
421 319 385 331
434 319 396 336
439 319 401 339
441 319 402 340
443 319 403 340
445 319 405 340
446 319 408 340
448 319 409 340
450 319 411 341
452 319 413 341
454 319 415 341
461 319 422 342
463 319 423 342
464 319 425 342
466 319 427 343
468 319 429 343
470 319 431 343
472 319 433 343
473 319 434 344
414 321 390 334
416 321 380 329
423 321 386 333
427 321 388 334
434 321 395 337
436 321 397 338
437 321 398 338
441 321 401 341
443 321 403 341
445 321 405 342
446 321 407 342
448 321 409 342
450 321 411 342
452 321 412 343
454 321 414 343
457 321 417 343
459 321 419 343
461 321 421 343
463 321 423 344
464 321 424 344
466 321 426 345
468 321 428 345
470 321 431 344
472 321 433 345
473 321 434 345
475 321 436 345
416 322 392 337
418 322 381 331
423 322 385 335
427 322 388 336
428 322 389 336
432 322 393 338
434 322 395 339
436 322 396 339
437 322 398 340
439 322 399 340
446 322 406 343
448 322 408 344
450 322 410 344
454 322 413 344
455 322 415 345
459 322 418 345
461 322 420 345
463 322 422 346
464 322 424 346
466 322 426 346
470 322 430 346
419 324 382 333
427 324 388 337
428 324 389 338
430 324 391 338
434 324 394 341
436 324 395 341
437 324 397 342
439 324 399 342
441 324 401 344
443 324 402 344
445 324 404 344
446 324 406 345
448 324 408 345
452 324 411 346
454 324 413 346
455 324 414 346
457 324 416 346
459 324 418 346
461 324 420 347
463 324 421 347
464 324 423 347
421 326 382 335
423 326 384 336
427 326 387 339
428 326 389 340
430 326 390 340
432 326 392 341
436 326 395 343
437 326 396 343
439 326 398 344
443 326 401 344
446 326 405 347
450 326 408 347
452 326 410 347
454 326 412 348
455 326 414 348
457 326 415 348
459 326 417 348
461 326 419 349
463 326 421 349
464 326 422 349
419 328 380 335
421 328 382 337
423 328 383 338
425 328 385 339
430 328 390 342
432 328 391 342
434 328 393 343
436 328 394 344
441 328 399 346
445 328 402 346
446 328 404 348
448 328 406 349
450 328 408 349
452 328 410 349
454 328 411 349
457 328 415 350
459 328 417 350
461 328 419 350
463 328 420 351
473 328 433 348
423 330 383 339
425 330 384 340
430 330 389 343
432 330 391 344
434 330 393 344
443 330 400 347
445 330 402 347
446 330 404 349
448 330 405 350
450 330 407 351
452 330 409 351
454 330 411 351
414 331 387 345
416 331 389 345
427 331 385 343
432 331 390 345
434 331 392 346
436 331 394 347
437 331 395 348
441 331 398 349
443 331 400 349
445 331 401 349
446 331 403 351
448 331 405 352
450 331 406 352
452 331 408 353
454 331 410 353
455 331 412 353
472 331 441 343
414 333 386 347
416 333 389 347
423 333 382 342
427 333 385 344
436 333 393 348
437 333 395 349
441 333 397 350
443 333 399 350
445 333 401 351
446 333 402 353
448 333 404 353
450 333 406 354
452 333 408 354
423 335 395 351
425 335 383 344
432 335 389 348
436 335 393 350
441 335 397 351
443 335 399 352
445 335 400 353
446 335 402 355
448 335 404 355
450 335 405 355
470 335 428 352
418 337 389 350
443 337 398 354
445 337 400 355
446 337 401 356
448 337 403 357
450 337 405 358
423 342 391 352
425 342 392 352
454 342 415 357
457 342 418 356
432 344 403 359
