452 295 419 322
450 297 416 324
452 297 418 324
450 299 416 325
455 299 420 325
457 299 421 326
454 301 417 327
455 301 419 327
454 303 416 328
455 303 418 329
452 304 414 330
454 304 416 330
455 304 417 330
459 304 420 329
410 306 377 315
448 306 411 332
459 306 419 331
410 308 377 317
446 308 408 333
452 308 413 333
457 308 417 333
409 310 375 316
446 310 408 335
452 310 412 335
454 310 414 334
457 310 416 335
459 310 418 335
463 310 421 335
464 310 422 335
410 312 376 318
452 312 411 336
455 312 414 336
457 312 415 336
463 312 420 336
464 312 421 336
450 313 409 338
452 313 410 338
461 313 417 337
463 313 419 337
464 313 420 338
450 315 408 339
461 315 417 339
463 315 418 339
461 317 416 341
463 317 418 341
466 317 420 340
414 319 375 324
439 319 397 339
459 319 413 342
461 319 415 342
439 321 397 341
441 321 398 342
454 321 408 344
459 321 412 344
437 322 394 341
441 322 397 343
454 322 407 345
459 322 412 346
452 324 405 347
436 326 391 344
446 326 400 348
457 326 409 348
446 331 398 348
443 333 394 348
445 333 395 349
446 333 397 351
