445 292 442 294
446 292 443 294
448 292 445 294
450 292 447 294
452 292 449 294
454 292 451 294
455 292 453 294
457 292 454 294
461 292 458 293
445 294 442 295
446 294 443 295
448 294 445 295
450 294 447 295
452 294 449 296
454 294 451 296
455 294 453 296
457 294 455 295
459 294 456 295
461 294 458 295
443 295 440 295
445 295 442 297
446 295 443 297
448 295 445 297
450 295 447 297
452 295 449 297
454 295 451 297
455 295 453 297
457 295 455 297
459 295 456 297
443 297 440 299
446 297 443 299
448 297 445 299
450 297 447 299
452 297 449 299
454 297 451 299
455 297 453 299
457 297 455 299
459 297 456 299
461 297 458 299
463 297 461 300
443 299 440 301
446 299 443 301
448 299 445 300
450 299 447 301
452 299 449 301
454 299 451 301
455 299 453 301
457 299 455 301
459 299 456 301
461 299 458 301
463 299 460 301
441 301 438 303
443 301 440 303
445 301 442 303
448 301 445 302
450 301 447 302
452 301 449 303
454 301 451 303
455 301 453 303
457 301 454 304
461 301 458 303
463 301 460 303
441 303 438 304
443 303 440 304
445 303 442 304
446 303 443 304
450 303 447 304
452 303 449 305
454 303 451 305
455 303 452 305
457 303 454 306
459 303 456 305
461 303 458 305
463 303 460 305
464 303 462 304
466 303 463 303
407 304 406 306
416 304 412 306
418 304 414 306
423 304 419 306
425 304 421 305
441 304 438 306
443 304 440 306
445 304 441 306
446 304 443 306
450 304 447 306
452 304 449 306
454 304 451 307
455 304 452 307
457 304 454 307
459 304 456 307
461 304 458 307
463 304 460 307
464 304 462 306
407 306 406 307
418 306 414 308
421 306 417 307
423 306 419 307
425 306 421 307
427 306 423 307
428 306 425 307
430 306 427 308
445 306 442 308
446 306 443 308
448 306 445 308
450 306 447 308
452 306 449 308
455 306 452 309
457 306 454 308
459 306 456 308
461 306 458 308
463 306 460 308
464 306 462 308
466 306 463 308
407 308 406 309
410 308 407 310
412 308 409 310
414 308 411 310
419 308 416 310
421 308 417 309
423 308 419 309
425 308 421 309
427 308 423 309
428 308 425 309
430 308 427 309
432 308 428 309
439 308 437 309
441 308 438 310
443 308 440 310
445 308 442 310
446 308 443 310
448 308 445 310
450 308 447 310
454 308 451 310
455 308 453 310
457 308 455 310
459 308 456 310
461 308 458 310
463 308 460 310
464 308 462 311
466 308 464 311
470 308 467 309
472 308 468 309
409 310 406 312
410 310 407 312
412 310 409 311
414 310 411 311
418 310 414 311
419 310 416 311
421 310 417 311
423 310 419 311
425 310 421 311
427 310 423 311
428 310 425 311
430 310 427 311
434 310 430 311
436 310 432 311
437 310 435 311
439 310 436 311
443 310 440 312
445 310 442 312
446 310 443 312
448 310 445 312
452 310 449 311
454 310 451 312
455 310 452 312
457 310 454 312
459 310 456 312
461 310 458 312
463 310 460 312
464 310 462 313
466 310 464 313
468 310 466 313
473 310 469 310
409 312 406 313
410 312 407 313
412 312 409 313
414 312 411 313
416 312 413 313
418 312 414 313
419 312 416 313
421 312 417 313
423 312 419 313
425 312 421 313
427 312 423 313
428 312 425 313
430 312 427 313
432 312 428 313
434 312 430 313
437 312 434 313
439 312 436 313
441 312 438 313
443 312 440 313
445 312 442 313
446 312 444 313
448 312 445 313
450 312 447 313
452 312 449 313
454 312 451 314
455 312 452 314
457 312 454 314
459 312 456 314
461 312 458 314
463 312 460 314
464 312 461 314
466 312 464 314
470 312 468 314
472 312 470 314
473 312 470 311
475 312 472 312
409 313 405 315
410 313 407 315
412 313 409 315
414 313 411 315
416 313 413 315
418 313 414 315
419 313 416 314
423 313 420 316
427 313 423 315
428 313 425 315
430 313 427 315
432 313 428 315
434 313 430 315
436 313 432 314
437 313 435 315
441 313 438 315
443 313 440 315
445 313 442 314
446 313 444 314
448 313 446 315
450 313 447 315
452 313 449 315
454 313 451 315
455 313 452 315
457 313 454 315
459 313 456 315
461 313 458 315
463 313 460 316
464 313 462 315
466 313 464 316
468 313 466 316
470 313 468 316
472 313 470 316
475 313 471 314
409 315 406 317
410 315 407 317
412 315 409 317
414 315 411 317
416 315 413 317
418 315 414 317
419 315 416 316
421 315 418 317
423 315 420 317
425 315 422 317
427 315 423 317
428 315 425 317
430 315 427 317
432 315 428 317
436 315 432 316
437 315 434 316
439 315 436 317
441 315 438 317
443 315 440 316
445 315 442 316
446 315 444 316
448 315 446 316
450 315 447 317
452 315 449 317
454 315 451 317
455 315 452 317
457 315 454 317
459 315 456 317
461 315 458 317
463 315 460 317
464 315 462 317
466 315 464 317
468 315 466 317
472 315 470 318
475 315 472 316
409 317 406 319
410 317 407 319
412 317 409 319
414 317 411 319
416 317 413 319
418 317 415 319
419 317 416 318
421 317 418 319
423 317 420 319
425 317 422 319
427 317 423 319
428 317 425 319
430 317 426 319
432 317 429 319
434 317 430 318
437 317 435 319
441 317 438 318
443 317 440 318
445 317 442 318
446 317 443 318
448 317 445 319
450 317 447 319
452 317 449 319
454 317 451 319
455 317 452 319
457 317 454 319
459 317 456 319
461 317 458 319
463 317 460 319
464 317 462 319
466 317 464 319
470 317 468 319
473 317 471 319
475 317 472 318
409 319 406 321
410 319 407 321
412 319 409 321
416 319 413 321
418 319 415 321
419 319 416 321
423 319 420 321
427 319 423 321
430 319 427 321
432 319 428 321
434 319 430 321
437 319 434 320
441 319 438 321
443 319 440 321
445 319 441 321
446 319 443 321
448 319 445 321
450 319 447 321
452 319 449 321
454 319 451 321
455 319 452 321
457 319 454 321
459 319 456 321
461 319 458 321
463 319 460 321
464 319 462 321
466 319 464 321
468 319 466 321
470 319 468 321
473 319 471 321
410 321 408 323
416 321 413 323
418 321 415 323
419 321 416 323
421 321 418 323
423 321 420 323
425 321 421 323
427 321 423 323
428 321 425 323
430 321 427 323
432 321 428 323
434 321 430 322
436 321 432 322
439 321 436 323
441 321 437 323
443 321 440 323
445 321 441 323
446 321 443 323
448 321 445 323
450 321 447 323
452 321 449 323
454 321 451 323
455 321 452 323
457 321 454 323
459 321 456 323
461 321 458 323
463 321 460 323
464 321 462 323
466 321 464 323
468 321 466 323
470 321 468 323
472 321 470 323
475 321 472 323
409 322 407 324
416 322 413 324
418 322 415 324
419 322 416 324
421 322 418 324
423 322 420 324
425 322 422 324
427 322 423 324
428 322 425 324
430 322 427 324
432 322 428 324
434 322 430 324
436 322 432 324
437 322 434 324
439 322 435 324
441 322 437 324
443 322 440 324
445 322 442 324
446 322 443 324
448 322 445 324
450 322 447 324
452 322 449 324
454 322 451 324
455 322 452 324
457 322 454 324
459 322 456 324
461 322 458 325
463 322 460 325
464 322 462 325
466 322 464 324
470 322 468 325
473 322 470 325
475 322 471 325
410 324 408 326
414 324 411 326
416 324 412 326
418 324 414 326
419 324 416 326
421 324 418 326
423 324 420 326
425 324 422 326
427 324 423 326
428 324 425 326
430 324 427 326
432 324 429 326
434 324 430 326
436 324 432 326
437 324 434 326
439 324 436 326
443 324 440 326
445 324 442 326
446 324 443 326
448 324 445 326
450 324 447 326
452 324 449 326
454 324 450 326
455 324 452 326
457 324 454 326
459 324 456 326
461 324 458 326
463 324 460 326
464 324 462 327
410 326 408 328
414 326 411 328
416 326 413 328
418 326 415 328
419 326 416 328
421 326 418 328
423 326 420 328
425 326 422 328
427 326 424 328
428 326 425 328
430 326 427 328
432 326 429 328
434 326 431 328
437 326 434 328
441 326 438 328
443 326 440 328
446 326 443 328
448 326 445 328
450 326 447 328
452 326 449 328
454 326 451 328
455 326 452 328
457 326 454 328
459 326 456 328
461 326 458 328
463 326 460 328
464 326 465 326
466 326 466 326
470 326 470 327
412 328 409 330
414 328 411 330
416 328 413 330
418 328 415 330
419 328 416 330
421 328 418 330
423 328 420 330
425 328 422 330
427 328 424 330
428 328 425 330
430 328 427 330
432 328 429 330
434 328 431 330
436 328 433 330
439 328 436 330
441 328 438 330
443 328 440 330
445 328 442 330
446 328 443 330
448 328 445 330
450 328 447 330
452 328 449 330
454 328 451 330
455 328 452 330
457 328 455 330
459 328 456 330
461 328 458 330
463 328 460 330
464 328 465 328
468 328 468 328
470 328 470 328
412 330 409 331
414 330 411 331
416 330 413 332
418 330 415 332
419 330 416 332
421 330 418 332
423 330 420 332
425 330 422 332
427 330 424 332
428 330 425 332
430 330 427 332
432 330 429 332
434 330 431 332
436 330 433 332
439 330 436 332
441 330 438 332
443 330 440 332
445 330 441 331
448 330 445 332
450 330 447 332
452 330 449 332
454 330 451 332
455 330 453 332
457 330 454 332
466 330 466 330
414 331 411 333
416 331 413 334
418 331 415 333
419 331 416 334
421 331 418 333
423 331 420 333
425 331 422 333
427 331 424 334
428 331 425 334
430 331 427 333
432 331 429 333
434 331 431 333
436 331 433 334
437 331 434 333
439 331 436 334
441 331 438 334
443 331 440 334
445 331 441 333
448 331 445 334
450 331 447 333
452 331 449 333
454 331 451 333
455 331 453 333
457 331 454 334
466 331 466 332
416 333 413 335
418 333 415 335
419 333 416 335
421 333 418 335
423 333 420 335
425 333 422 335
427 333 424 335
428 333 425 335
430 333 427 335
432 333 429 335
434 333 431 335
437 333 434 335
439 333 436 335
441 333 438 335
445 333 441 335
446 333 443 335
448 333 445 335
450 333 447 335
452 333 449 335
454 333 451 335
455 333 452 335
457 333 454 335
464 333 464 333
466 333 466 333
419 335 416 337
421 335 418 337
423 335 420 337
425 335 422 337
427 335 424 337
428 335 425 337
432 335 429 337
434 335 431 337
436 335 433 337
437 335 434 337
439 335 436 337
441 335 438 337
445 335 441 337
446 335 443 337
448 335 445 337
450 335 447 337
452 335 449 337
454 335 450 337
459 335 456 337
461 335 458 337
463 335 463 335
464 335 464 335
466 335 466 335
468 335 468 335
419 337 416 339
421 337 418 339
423 337 420 339
425 337 422 339
427 337 423 339
428 337 425 339
430 337 427 339
432 337 429 339
434 337 431 339
436 337 433 339
439 337 436 339
441 337 438 339
443 337 440 339
445 337 441 339
446 337 443 339
448 337 445 339
450 337 447 339
452 337 449 339
457 337 455 339
459 337 456 339
461 337 458 339
463 337 459 338
464 337 463 337
466 337 466 337
468 337 465 339
425 339 422 341
430 339 427 341
434 339 430 341
439 339 436 341
441 339 438 341
443 339 440 341
445 339 441 341
446 339 443 341
448 339 445 341
450 339 447 341
452 339 449 341
457 339 454 341
459 339 456 340
461 339 458 340
463 339 460 340
464 339 470 336
423 340 420 343
425 340 421 342
427 340 423 343
432 340 429 342
436 340 433 343
439 340 435 342
441 340 438 342
445 340 441 342
446 340 443 343
448 340 445 342
450 340 447 342
459 340 456 342
461 340 458 342
423 342 419 344
425 342 421 345
427 342 422 345
430 342 430 345
432 342 432 345
434 342 432 344
436 342 434 344
437 342 437 344
454 342 451 344
455 342 453 344
459 342 456 344
461 342 458 343
432 344 432 347
439 344 434 346
441 344 439 346
446 344 444 346
450 344 446 346
452 344 449 346
455 344 452 346
457 344 454 346
459 344 456 345
461 344 458 345
