418 305 414 314
419 305 415 314
425 305 420 317
428 305 422 317
430 305 424 317
432 305 425 317
434 305 427 316
414 306 410 320
416 306 412 320
421 306 416 318
423 306 418 319
425 306 419 319
426 306 421 319
430 306 423 318
432 306 425 318
434 306 426 318
414 308 410 321
416 308 412 322
418 308 413 321
423 308 417 320
425 308 419 320
426 308 420 320
430 308 423 320
432 308 424 320
434 308 426 320
410 310 406 321
412 310 407 321
414 310 410 323
416 310 411 323
418 310 413 323
421 310 415 321
423 310 417 322
425 310 418 322
426 310 420 322
430 310 422 322
432 310 424 322
434 310 425 322
410 312 406 323
412 312 407 325
414 312 409 325
416 312 410 325
418 312 412 325
421 312 415 323
423 312 416 323
425 312 418 324
426 312 419 324
430 312 422 323
432 312 423 323
434 312 424 323
401 314 397 325
412 314 407 326
414 314 409 326
418 314 411 326
419 314 413 326
421 314 414 325
423 314 416 325
425 314 417 325
426 314 419 325
430 314 421 325
432 314 423 325
396 315 393 326
401 315 397 327
412 315 406 328
416 315 410 327
418 315 411 327
419 315 413 328
423 315 415 327
425 315 417 327
426 315 418 327
430 315 421 326
432 315 422 326
434 315 424 326
394 317 391 328
396 317 393 328
410 317 405 329
414 317 408 329
416 317 409 329
418 317 411 329
419 317 412 329
423 317 415 328
425 317 416 328
430 317 420 328
432 317 422 328
435 317 424 327
394 319 391 329
403 319 398 329
405 319 400 329
407 319 401 330
409 319 403 331
410 319 405 331
414 319 407 330
416 319 408 331
418 319 410 331
423 319 414 330
425 319 416 330
428 319 418 330
430 319 419 330
435 319 424 329
437 319 425 329
394 321 391 330
396 321 392 331
401 321 396 330
403 321 397 331
405 321 399 331
412 321 405 333
414 321 406 332
416 321 408 332
418 321 410 332
423 321 414 332
425 321 415 332
428 321 417 331
430 321 419 331
435 321 423 331
437 321 424 331
401 322 396 332
403 322 397 332
412 322 404 334
416 322 408 334
418 322 409 334
423 322 413 333
428 322 417 332
430 322 418 333
435 322 423 332
437 322 424 332
401 324 395 334
403 324 397 334
405 324 398 334
412 324 404 335
414 324 405 336
416 324 407 335
421 324 411 335
423 324 413 334
426 324 415 334
428 324 416 334
430 324 418 334
434 324 421 334
435 324 422 334
398 326 392 333
409 326 401 337
412 326 404 337
421 326 411 336
425 326 413 336
426 326 414 336
428 326 416 336
434 326 420 335
435 326 421 335
437 326 423 335
441 326 426 335
407 328 398 336
409 328 400 337
414 328 405 339
419 328 408 339
421 328 410 338
425 328 412 338
426 328 414 338
428 328 415 337
432 328 418 336
434 328 419 337
435 328 421 337
441 328 425 337
442 328 426 337
407 330 398 338
409 330 400 338
410 330 401 339
412 330 403 340
414 330 404 340
418 330 406 340
419 330 407 340
421 330 410 340
425 330 412 340
428 330 415 339
432 330 417 338
434 330 419 338
435 330 420 338
439 330 423 338
441 330 424 338
442 330 426 339
410 331 401 341
412 331 402 341
414 331 403 341
418 331 406 341
425 331 411 341
426 331 413 341
428 331 414 340
432 331 417 340
434 331 418 340
435 331 420 340
439 331 422 339
441 331 423 340
442 331 425 340
407 333 397 340
409 333 399 340
410 333 400 343
412 333 402 343
414 333 403 343
419 333 407 343
421 333 409 343
426 333 412 342
428 333 414 342
432 333 417 342
434 333 418 341
439 333 422 341
441 333 423 341
446 333 427 340
412 335 401 344
419 335 407 344
421 335 408 344
425 335 410 344
426 335 412 344
432 335 416 343
434 335 417 343
439 335 421 343
442 335 425 342
446 335 427 342
448 335 429 341
407 337 395 343
409 337 397 343
410 337 399 344
416 337 403 345
418 337 405 346
419 337 406 346
425 337 410 346
426 337 412 345
430 337 414 345
432 337 415 345
434 337 417 345
439 337 421 344
441 337 423 344
442 337 424 344
444 337 426 344
448 337 428 343
409 338 396 344
410 338 398 345
416 338 403 347
418 338 404 347
419 338 406 347
423 338 408 347
425 338 409 347
426 338 411 347
430 338 413 346
432 338 415 346
434 338 416 346
439 338 420 346
441 338 422 346
412 340 399 346
418 340 403 348
423 340 407 348
425 340 409 348
426 340 410 348
430 340 413 347
432 340 415 348
434 340 416 348
439 340 420 348
407 342 393 346
409 342 395 346
410 342 397 346
412 342 398 347
414 342 400 347
416 342 401 349
418 342 403 350
423 342 407 350
425 342 408 350
430 342 413 349
432 342 414 350
435 342 418 349
407 344 393 347
409 344 395 348
410 344 396 348
412 344 398 349
414 344 400 349
416 344 400 351
421 344 405 351
423 344 407 351
425 344 408 351
430 344 412 351
432 344 413 351
412 346 397 350
416 346 400 353
419 346 403 352
421 346 404 353
423 346 406 353
425 346 408 353
428 346 411 353
410 347 395 351
419 347 402 354
421 347 404 354
423 347 406 354
425 347 407 354
