428 308 412 308
432 308 421 322
437 308 426 322
439 308 427 322
410 310 384 300
426 310 410 309
428 310 411 309
430 310 419 324
432 310 421 324
435 310 424 323
437 310 425 324
430 312 419 325
435 312 423 325
437 312 424 325
410 314 381 305
412 314 383 305
426 314 416 327
430 314 412 312
435 314 422 327
434 315 419 312
439 315 424 327
442 315 429 327
444 315 430 327
409 317 378 303
425 317 413 330
426 317 410 314
428 317 412 314
437 317 423 313
439 317 423 329
442 317 427 329
444 317 430 329
409 319 376 305
410 319 378 306
426 319 412 316
435 319 420 315
442 319 425 330
432 321 417 332
434 321 417 317
435 321 419 317
437 321 421 319
439 321 423 319
441 321 423 331
442 321 425 331
414 322 387 309
416 322 389 309
419 322 404 320
430 322 414 334
432 322 416 334
434 322 417 319
435 322 418 320
437 322 420 321
439 322 422 321
441 322 423 333
442 322 424 333
410 324 381 311
412 324 383 311
414 324 387 310
416 324 388 311
426 324 411 335
432 324 416 335
441 324 422 334
442 324 423 335
444 324 427 334
446 324 428 335
410 326 381 312
412 326 383 313
414 326 385 313
419 326 391 311
430 326 413 337
432 326 416 321
435 326 416 325
412 328 382 315
414 328 384 315
419 328 390 313
435 328 417 337
442 328 421 337
444 328 423 337
439 330 419 338
448 330 425 337
385 331 373 322
412 331 381 317
414 331 383 321
418 331 387 325
421 331 406 328
423 331 407 328
430 331 412 328
434 331 415 324
439 331 418 340
446 331 423 339
448 331 424 339
385 333 373 324
412 333 382 321
419 333 389 331
426 333 409 329
437 333 416 342
439 333 418 342
442 333 420 340
446 333 422 340
450 333 424 341
451 333 426 340
385 335 372 326
412 335 381 323
437 335 415 343
442 335 420 342
446 335 421 342
385 337 372 328
416 337 383 325
432 337 411 330
437 337 415 345
441 337 418 344
442 337 419 344
391 338 374 314
426 338 407 330
428 338 408 347
432 338 411 332
437 338 415 331
391 340 373 316
416 340 382 327
426 340 406 348
428 340 409 332
432 340 410 333
393 342 376 334
414 342 380 328
416 342 381 329
425 342 404 335
426 342 405 350
430 342 408 335
432 342 409 335
393 344 376 335
421 344 401 337
425 344 403 337
421 346 400 338
398 347 379 336
400 347 381 336
405 349 385 340
419 349 387 338
416 351 383 339
428 356 411 351
