432 308 421 322
430 310 419 324
432 310 421 324
430 312 419 325
426 314 416 327
425 317 413 330
432 321 417 332
430 322 414 334
432 322 416 334
441 322 423 333
426 324 411 335
432 324 416 335
441 324 422 334
430 326 413 337
435 328 417 337
442 328 421 337
444 328 423 337
439 330 419 338
385 331 373 322
439 331 418 340
446 331 423 339
385 333 373 324
437 333 416 342
439 333 418 342
442 333 420 340
446 333 422 340
437 335 415 343
442 335 420 342
437 337 415 345
428 338 408 347
426 340 406 348
393 342 376 334
426 342 405 350
398 347 379 336
