414 305 413 306
417 305 416 306
421 305 420 306
423 305 422 306
426 305 425 306
428 305 427 306
430 305 429 306
432 305 431 306
434 305 432 306
435 305 434 306
441 305 439 306
412 306 411 308
414 306 413 307
416 306 415 308
419 306 418 308
421 306 420 308
423 306 422 308
426 306 425 308
428 306 427 307
430 306 429 308
432 306 431 308
434 306 433 308
435 306 434 308
441 306 440 307
412 308 411 309
414 308 412 309
416 308 414 309
417 308 416 310
423 308 422 309
425 308 423 309
426 308 425 309
428 308 427 309
430 308 429 309
432 308 431 309
434 308 432 309
435 308 434 310
441 308 440 310
389 310 387 311
391 310 389 311
393 310 391 311
396 310 395 311
398 310 396 311
400 310 398 311
410 310 409 311
412 310 411 311
414 310 413 311
416 310 414 311
417 310 416 311
423 310 421 311
425 310 423 311
426 310 425 311
428 310 427 311
430 310 429 311
432 310 430 311
434 310 432 311
435 310 434 311
439 310 438 312
441 310 440 312
391 312 389 313
393 312 391 313
394 312 393 313
398 312 396 313
400 312 398 313
401 312 399 313
410 312 409 313
412 312 411 313
414 312 413 313
416 312 414 313
417 312 416 313
419 312 418 313
421 312 420 313
423 312 421 313
425 312 423 313
426 312 425 313
428 312 427 313
430 312 429 313
432 312 430 313
434 312 432 313
435 312 434 313
437 312 436 313
439 312 438 313
384 314 382 313
385 314 384 315
391 314 389 315
394 314 393 315
396 314 395 315
398 314 397 315
400 314 398 315
401 314 399 315
410 314 409 315
412 314 411 315
414 314 412 315
416 314 414 315
417 314 416 315
419 314 418 315
423 314 422 315
425 314 423 315
426 314 425 315
428 314 427 315
430 314 429 315
432 314 431 315
435 314 434 315
437 314 435 315
439 314 438 315
444 314 442 314
384 315 382 317
385 315 384 316
391 315 389 316
393 315 391 316
394 315 393 316
396 315 395 316
398 315 396 316
400 315 398 316
410 315 409 316
412 315 411 316
414 315 413 316
416 315 414 316
417 315 416 316
419 315 418 317
421 315 420 317
425 315 423 317
426 315 425 316
428 315 427 316
430 315 429 316
435 315 433 317
437 315 435 317
439 315 437 317
441 315 439 317
444 315 442 315
446 315 444 315
384 317 382 318
385 317 384 318
389 317 388 318
391 317 389 318
393 317 391 318
394 317 393 318
396 317 395 318
398 317 397 318
401 317 400 318
409 317 408 318
410 317 409 318
412 317 411 318
414 317 412 318
416 317 414 318
417 317 416 318
419 317 418 318
421 317 420 318
425 317 423 318
426 317 425 318
428 317 427 318
434 317 431 318
435 317 433 319
437 317 435 318
439 317 437 318
441 317 439 318
442 317 441 318
446 317 443 317
384 319 382 320
385 319 384 320
387 319 386 320
391 319 389 320
393 319 391 320
394 319 393 320
396 319 394 320
398 319 397 320
400 319 398 320
401 319 400 320
403 319 402 321
405 319 404 321
407 319 405 321
409 319 407 320
410 319 409 320
412 319 411 320
414 319 412 320
416 319 414 320
417 319 416 320
419 319 418 320
421 319 420 320
423 319 421 320
426 319 424 320
428 319 427 320
430 319 429 320
434 319 431 320
435 319 433 320
437 319 435 320
439 319 437 320
441 319 439 320
442 319 441 320
384 321 382 322
385 321 384 322
387 321 386 322
389 321 388 322
393 321 391 322
394 321 393 322
396 321 395 322
398 321 396 322
400 321 398 322
401 321 400 322
403 321 402 322
407 321 406 322
409 321 407 322
410 321 409 322
412 321 410 322
414 321 412 322
416 321 414 322
417 321 416 322
419 321 418 322
421 321 420 322
423 321 421 322
426 321 425 322
428 321 427 322
430 321 429 322
432 321 431 322
435 321 434 322
437 321 435 322
439 321 437 322
441 321 439 322
442 321 441 322
448 321 446 321
384 322 382 324
385 322 384 323
387 322 386 324
389 322 388 324
391 322 390 324
393 322 391 323
394 322 393 324
396 322 395 324
398 322 396 323
400 322 398 324
401 322 400 324
403 322 402 324
407 322 405 324
409 322 407 324
410 322 409 323
412 322 410 324
414 322 412 323
416 322 414 324
419 322 417 324
421 322 419 324
423 322 421 324
425 322 423 324
426 322 424 324
428 322 427 323
430 322 429 323
432 322 431 324
434 322 432 324
437 322 435 324
439 322 437 323
442 322 441 324
444 322 442 323
391 324 390 326
393 324 391 325
394 324 393 325
396 324 395 325
398 324 396 325
400 324 398 325
401 324 400 326
403 324 402 325
405 324 403 326
410 324 409 325
412 324 410 325
414 324 412 325
416 324 414 325
417 324 416 325
421 324 419 326
423 324 420 326
425 324 423 325
426 324 424 325
428 324 427 326
430 324 429 325
432 324 430 325
434 324 432 325
437 324 435 325
439 324 437 325
442 324 441 325
444 324 442 325
446 324 444 326
450 324 449 325
384 326 382 327
385 326 384 327
387 326 386 327
389 326 387 326
393 326 391 327
394 326 393 327
396 326 395 327
398 326 396 327
400 326 398 327
401 326 400 327
403 326 401 327
405 326 403 327
407 326 405 327
410 326 409 327
412 326 411 327
416 326 414 327
417 326 416 327
421 326 418 328
423 326 421 327
425 326 423 327
426 326 425 328
428 326 427 328
430 326 429 328
432 326 431 327
435 326 433 327
437 326 435 327
439 326 437 327
441 326 439 327
442 326 441 327
444 326 442 327
446 326 444 327
448 326 446 327
450 326 449 328
451 326 451 327
384 328 382 328
385 328 384 329
387 328 386 329
389 328 388 328
391 328 389 328
393 328 391 329
394 328 393 329
396 328 395 329
398 328 396 329
400 328 398 329
401 328 400 329
403 328 401 329
405 328 403 329
407 328 405 329
409 328 407 329
410 328 409 329
412 328 410 329
414 328 413 328
417 328 415 330
419 328 417 329
421 328 420 329
425 328 423 329
426 328 425 329
428 328 427 329
432 328 430 329
435 328 433 329
437 328 435 329
439 328 437 329
441 328 439 329
442 328 441 329
444 328 443 330
446 328 444 329
448 328 446 329
450 328 449 330
451 328 451 329
384 330 382 330
385 330 384 330
387 330 385 330
389 330 387 330
391 330 389 330
394 330 393 331
396 330 395 331
398 330 396 331
400 330 398 331
401 330 400 331
403 330 402 331
405 330 403 331
407 330 405 331
409 330 407 331
410 330 409 331
414 330 412 331
417 330 415 331
419 330 417 331
421 330 419 331
423 330 421 331
425 330 423 331
426 330 425 331
428 330 427 331
432 330 430 331
435 330 433 331
437 330 435 331
439 330 437 331
441 330 439 331
442 330 441 331
444 330 442 331
446 330 444 331
448 330 446 331
450 330 448 331
451 330 450 332
384 331 382 332
385 331 384 332
387 331 385 332
389 331 387 332
391 331 389 332
393 331 391 332
394 331 393 332
396 331 395 332
398 331 396 332
400 331 398 333
401 331 400 332
403 331 401 332
405 331 403 332
407 331 405 332
409 331 407 332
410 331 409 333
412 331 411 332
414 331 412 332
416 331 414 332
417 331 416 332
423 331 421 332
426 331 424 332
428 331 427 333
435 331 434 332
437 331 435 332
439 331 437 332
441 331 439 332
442 331 441 333
444 331 442 333
446 331 444 333
448 331 446 333
450 331 448 332
451 331 451 333
385 333 384 334
387 333 386 334
389 333 387 334
391 333 389 334
393 333 391 334
396 333 394 334
398 333 396 334
400 333 398 334
401 333 400 334
403 333 402 334
405 333 403 334
407 333 405 334
409 333 407 334
410 333 409 334
414 333 412 334
416 333 414 334
426 333 425 334
428 333 427 334
430 333 429 335
432 333 431 335
435 333 433 334
437 333 435 334
439 333 437 334
441 333 439 334
442 333 441 334
444 333 443 334
446 333 445 334
448 333 446 334
450 333 448 334
451 333 451 335
389 335 388 336
391 335 389 336
393 335 391 336
394 335 393 336
398 335 396 336
401 335 400 336
403 335 401 336
407 335 405 336
409 335 407 336
410 335 408 336
412 335 410 336
414 335 412 336
416 335 414 336
421 335 419 336
423 335 421 336
425 335 423 336
426 335 425 336
428 335 427 336
430 335 429 336
432 335 431 337
435 335 433 336
437 335 435 336
439 335 437 336
441 335 439 336
442 335 441 336
444 335 443 336
446 335 444 336
448 335 446 336
450 335 448 336
451 335 450 336
387 337 386 337
389 337 387 338
391 337 389 338
393 337 391 338
394 337 393 338
396 337 395 338
400 337 398 338
405 337 403 338
409 337 407 338
410 337 408 338
412 337 411 339
416 337 414 338
419 337 418 338
421 337 419 338
428 337 427 338
435 337 433 338
437 337 435 338
439 337 437 338
441 337 439 338
442 337 441 338
444 337 443 338
446 337 444 338
448 337 446 338
450 337 448 338
387 338 385 339
389 338 387 339
391 338 389 340
393 338 391 340
394 338 393 339
398 338 396 339
400 338 398 339
401 338 400 339
403 338 401 339
405 338 403 339
407 338 405 339
412 338 410 340
414 338 412 340
416 338 414 340
417 338 416 340
428 338 426 339
432 338 430 339
434 338 432 339
435 338 433 340
441 338 439 340
442 338 441 340
444 338 442 340
451 338 451 339
387 340 385 340
389 340 387 341
391 340 389 341
393 340 391 341
394 340 393 341
396 340 394 341
398 340 397 342
400 340 398 341
401 340 400 341
403 340 401 341
405 340 403 341
407 340 405 341
409 340 407 341
410 340 408 342
412 340 410 342
414 340 412 342
416 340 414 342
417 340 416 342
419 340 418 341
426 340 424 341
428 340 426 341
430 340 428 341
432 340 430 342
434 340 432 341
448 340 448 341
450 340 449 341
451 340 452 341
387 342 386 343
389 342 387 342
391 342 389 342
393 342 391 343
394 342 393 343
396 342 395 343
400 342 398 343
401 342 400 343
403 342 401 343
405 342 403 343
407 342 405 343
409 342 407 343
410 342 408 343
412 342 410 343
414 342 412 344
416 342 414 344
417 342 416 343
423 342 421 343
425 342 423 343
426 342 424 343
428 342 426 343
430 342 428 344
432 342 430 343
434 342 431 344
439 342 438 343
442 342 441 343
444 342 444 342
446 342 446 343
450 342 451 342
393 344 391 345
394 344 393 345
396 344 395 345
398 344 396 344
400 344 398 344
401 344 400 345
403 344 401 345
405 344 403 345
407 344 405 345
409 344 407 345
423 344 421 345
425 344 423 345
426 344 424 345
428 344 426 345
430 344 428 345
435 344 435 344
437 344 437 344
439 344 439 344
442 344 442 344
444 344 444 344
393 346 391 346
394 346 393 346
396 346 395 346
398 346 396 346
400 346 398 346
401 346 399 346
403 346 402 347
405 346 403 347
407 346 405 347
409 346 407 346
410 346 408 346
412 346 410 347
414 346 412 347
419 346 417 347
425 346 422 347
434 346 433 346
435 346 435 346
437 346 437 346
439 346 439 346
441 346 440 346
442 346 442 346
394 347 393 348
396 347 395 348
398 347 396 348
400 347 398 348
401 347 400 348
403 347 401 348
405 347 403 348
407 347 405 348
409 347 407 348
410 347 408 348
412 347 410 348
419 347 417 348
421 347 419 348
428 347 426 348
430 347 428 348
432 347 431 348
434 347 433 348
435 347 435 347
437 347 437 347
439 347 439 347
441 347 440 347
394 349 393 350
396 349 395 350
398 349 396 350
400 349 398 350
401 349 400 350
403 349 401 350
405 349 403 350
407 349 405 350
409 349 407 350
410 349 409 350
412 349 410 350
416 349 414 350
417 349 416 350
419 349 417 350
421 349 419 350
423 349 421 350
425 349 422 350
428 349 426 350
430 349 428 350
432 349 431 350
434 349 433 350
435 349 435 349
437 349 438 349
394 351 393 352
396 351 394 352
398 351 396 352
400 351 398 352
401 351 400 352
403 351 401 352
405 351 403 352
407 351 405 352
410 351 409 352
412 351 410 352
414 351 412 352
417 351 415 352
419 351 417 352
421 351 419 352
423 351 421 352
425 351 424 352
426 351 426 351
428 351 427 352
430 351 429 352
432 351 431 352
435 351 435 351
394 353 393 354
396 353 394 354
398 353 396 354
400 353 398 354
401 353 400 354
405 353 404 354
407 353 406 354
412 353 410 354
414 353 412 354
417 353 416 354
419 353 418 354
394 355 392 355
396 355 395 355
398 355 396 355
400 355 398 356
401 355 399 356
403 355 401 356
428 355 427 355
396 356 394 357
398 356 396 357
403 356 401 357
407 356 406 357
409 356 408 357
423 356 422 357
425 356 424 357
394 358 393 358
396 358 394 359
398 358 397 358
400 358 399 358
401 358 400 358
403 358 402 358
407 358 406 358
409 358 408 359
410 358 409 359
412 358 411 359
414 358 413 359
