414 305 410 309
416 305 412 309
418 305 414 309
419 305 416 309
421 305 418 309
423 305 420 309
425 305 421 309
426 305 423 309
428 305 425 309
430 305 427 309
432 305 428 309
434 305 430 309
435 305 432 309
437 305 433 309
439 305 435 309
441 305 438 309
412 306 408 310
414 306 411 311
416 306 413 311
418 306 414 310
419 306 416 310
421 306 417 310
423 306 420 311
426 306 423 311
428 306 425 311
430 306 427 311
432 306 428 310
434 306 430 311
435 306 432 311
437 306 433 310
439 306 435 310
442 306 439 310
412 308 409 312
414 308 411 312
416 308 413 313
418 308 414 312
419 308 415 312
421 308 417 312
423 308 419 312
425 308 421 312
426 308 423 312
428 308 424 312
430 308 427 312
432 308 428 312
434 308 430 312
435 308 432 312
437 308 433 312
439 308 435 312
441 308 437 312
393 310 390 314
400 310 396 314
410 310 407 314
412 310 409 315
414 310 410 315
416 310 412 315
418 310 414 315
419 310 416 315
421 310 418 315
425 310 421 314
426 310 423 314
428 310 424 314
430 310 426 314
432 310 428 314
434 310 430 314
435 310 431 314
437 310 433 314
439 310 435 314
441 310 437 314
442 310 439 314
389 312 385 316
393 312 390 317
394 312 391 315
400 312 396 315
410 312 407 316
414 312 411 316
416 312 412 317
418 312 414 317
419 312 416 317
421 312 418 317
423 312 419 317
425 312 421 316
426 312 422 316
428 312 424 316
430 312 426 316
432 312 428 316
434 312 430 316
435 312 432 316
437 312 433 316
441 312 437 317
442 312 439 316
444 312 441 316
398 314 395 317
400 314 396 318
410 314 407 317
412 314 409 318
414 314 411 318
416 314 412 318
418 314 414 318
425 314 421 318
426 314 422 318
428 314 424 318
430 314 426 318
432 314 428 318
434 314 430 318
435 314 431 318
437 314 433 318
439 314 435 318
442 314 438 318
444 314 441 319
387 315 384 319
393 315 390 318
394 315 391 319
396 315 393 319
398 315 395 320
400 315 397 320
410 315 407 319
412 315 409 319
414 315 410 320
416 315 412 320
418 315 414 320
419 315 416 320
421 315 417 320
423 315 419 320
426 315 422 319
428 315 425 319
430 315 426 319
432 315 428 319
434 315 430 320
435 315 431 320
437 315 433 320
439 315 435 320
441 315 437 320
444 315 440 320
387 317 384 320
389 317 386 321
393 317 389 321
394 317 391 321
396 317 393 321
398 317 395 321
400 317 396 322
401 317 398 320
409 317 405 321
410 317 407 321
412 317 408 321
414 317 410 322
416 317 412 322
418 317 414 322
419 317 415 322
421 317 417 322
423 317 419 322
425 317 421 321
426 317 422 321
428 317 424 321
430 317 426 321
432 317 428 321
434 317 430 321
435 317 431 321
437 317 433 321
439 317 435 321
441 317 437 321
442 317 438 321
446 317 442 322
384 319 381 321
387 319 384 322
389 319 386 323
391 319 388 323
393 319 389 323
394 319 391 322
396 319 393 322
398 319 395 323
403 319 399 323
405 319 401 323
407 319 403 323
409 319 405 323
410 319 407 323
412 319 408 324
414 319 410 324
416 319 412 324
419 319 415 324
421 319 417 324
426 319 423 323
428 319 424 323
430 319 426 323
432 319 428 323
434 319 430 323
435 319 432 323
437 319 433 323
439 319 435 323
441 319 437 323
442 319 438 323
444 319 440 324
446 319 442 324
384 321 381 323
387 321 384 324
389 321 386 324
391 321 388 324
393 321 389 324
394 321 391 325
396 321 392 325
398 321 394 325
400 321 396 324
401 321 397 324
405 321 401 325
409 321 405 325
410 321 407 325
412 321 408 325
414 321 410 325
416 321 412 325
418 321 414 326
419 321 416 325
423 321 419 325
425 321 421 325
426 321 423 325
428 321 424 325
430 321 426 325
432 321 428 325
434 321 430 325
435 321 431 325
437 321 433 325
439 321 435 325
441 321 437 325
442 321 438 325
444 321 440 326
446 321 442 327
448 321 444 327
384 322 380 325
385 322 382 325
387 322 384 326
393 322 389 326
400 322 396 326
401 322 397 326
403 322 399 327
405 322 401 327
407 322 403 327
409 322 405 327
410 322 406 327
412 322 408 327
414 322 410 327
416 322 412 327
418 322 414 327
421 322 418 326
423 322 420 326
425 322 421 327
426 322 422 327
428 322 424 327
430 322 426 327
432 322 428 327
434 322 429 327
435 322 431 326
437 322 433 326
439 322 435 326
441 322 437 327
442 322 438 327
384 324 380 326
385 324 382 327
387 324 384 327
389 324 386 328
391 324 388 328
393 324 389 328
394 324 391 328
396 324 393 328
398 324 394 328
400 324 396 328
401 324 398 328
403 324 399 329
405 324 401 329
407 324 403 329
410 324 406 329
412 324 408 329
414 324 410 329
416 324 412 329
418 324 414 329
419 324 416 329
421 324 418 328
423 324 419 328
425 324 421 328
426 324 422 328
428 324 424 328
430 324 426 328
432 324 428 328
434 324 429 328
435 324 431 328
437 324 433 328
439 324 435 328
441 324 437 328
444 324 439 328
446 324 442 329
389 326 386 329
391 326 388 329
393 326 389 329
394 326 391 329
396 326 392 329
398 326 394 330
400 326 396 330
401 326 398 330
403 326 399 330
405 326 401 330
407 326 403 330
410 326 406 330
412 326 408 330
414 326 410 330
416 326 412 330
418 326 414 331
421 326 417 330
423 326 419 330
425 326 421 330
426 326 422 330
428 326 424 331
430 326 426 330
432 326 428 330
434 326 429 330
435 326 431 330
437 326 433 330
439 326 435 330
442 326 438 330
444 326 439 330
448 326 443 330
450 326 445 331
384 328 380 329
385 328 382 330
389 328 386 330
391 328 387 330
393 328 389 331
394 328 390 331
396 328 392 331
398 328 394 331
400 328 396 332
401 328 397 332
405 328 401 332
407 328 403 332
409 328 405 332
410 328 406 332
412 328 408 332
414 328 410 332
419 328 415 332
421 328 417 332
423 328 419 332
425 328 421 333
426 328 422 333
428 328 424 333
432 328 427 332
434 328 429 332
435 328 431 332
437 328 433 332
439 328 435 332
442 328 438 332
444 328 439 332
446 328 441 332
448 328 443 332
450 328 445 332
451 328 446 332
384 330 380 331
385 330 382 331
387 330 383 331
389 330 385 332
391 330 387 332
393 330 389 332
394 330 391 333
396 330 393 333
398 330 394 333
400 330 396 333
401 330 398 333
403 330 399 334
407 330 403 334
409 330 405 334
410 330 406 334
412 330 408 334
416 330 412 334
418 330 414 334
421 330 417 334
423 330 419 334
426 330 422 334
432 330 427 333
434 330 429 334
435 330 431 334
437 330 433 334
439 330 435 334
442 330 438 334
444 330 439 333
446 330 441 334
450 330 445 334
451 330 446 334
384 331 380 333
385 331 382 333
387 331 383 333
389 331 385 333
391 331 387 334
393 331 389 334
394 331 391 334
396 331 393 334
398 331 394 334
400 331 396 335
401 331 397 335
403 331 399 335
405 331 401 335
407 331 403 336
409 331 405 336
410 331 406 336
412 331 408 336
414 331 410 335
418 331 414 336
419 331 415 336
421 331 417 335
423 331 419 335
425 331 420 335
430 331 425 335
432 331 427 335
434 331 429 336
435 331 431 335
437 331 433 335
441 331 436 336
442 331 437 335
444 331 439 335
446 331 441 335
448 331 443 335
450 331 445 335
451 331 446 335
385 333 381 335
387 333 383 335
391 333 387 335
393 333 389 335
394 333 391 336
396 333 392 336
398 333 394 336
400 333 396 336
401 333 397 337
403 333 399 337
405 333 401 337
409 333 405 338
410 333 406 338
412 333 408 338
414 333 410 338
416 333 412 337
419 333 415 337
421 333 417 337
423 333 419 337
425 333 420 337
426 333 422 337
430 333 425 337
432 333 427 337
434 333 429 337
435 333 430 337
437 333 432 337
441 333 436 337
442 333 437 337
444 333 439 337
446 333 441 337
448 333 443 337
450 333 445 337
451 333 446 337
393 335 389 337
394 335 391 337
396 335 392 338
398 335 394 338
400 335 396 338
401 335 398 338
403 335 399 339
405 335 401 339
407 335 403 339
409 335 405 339
410 335 406 340
412 335 408 340
414 335 410 340
416 335 412 340
418 335 413 339
419 335 415 339
421 335 417 339
423 335 418 339
425 335 420 339
426 335 422 339
430 335 425 339
432 335 427 339
434 335 428 339
435 335 430 339
437 335 432 339
439 335 434 339
441 335 436 339
442 335 437 339
444 335 439 339
446 335 441 339
448 335 443 339
450 335 445 339
451 335 446 339
387 337 383 338
389 337 385 339
391 337 387 339
393 337 389 339
394 337 390 339
396 337 392 339
398 337 394 340
400 337 396 340
401 337 397 340
403 337 399 340
405 337 401 341
407 337 403 341
410 337 406 341
412 337 408 342
414 337 410 342
416 337 412 341
418 337 413 341
419 337 415 341
421 337 417 341
423 337 418 341
426 337 421 341
428 337 423 341
430 337 425 341
432 337 427 340
434 337 429 341
435 337 430 341
437 337 432 341
439 337 434 341
441 337 435 341
442 337 437 341
444 337 439 341
450 337 445 341
451 337 446 341
389 338 385 340
391 338 387 340
394 338 390 341
396 338 392 341
398 338 394 342
400 338 396 341
401 338 397 342
403 338 399 342
405 338 401 342
407 338 403 342
410 338 406 343
412 338 408 343
414 338 410 343
416 338 412 343
418 338 413 342
419 338 415 343
421 338 416 343
425 338 420 343
426 338 421 343
428 338 423 343
430 338 425 343
432 338 427 343
434 338 429 342
435 338 430 343
437 338 432 343
439 338 435 342
451 338 446 342
387 340 382 341
389 340 385 342
391 340 387 342
393 340 389 342
394 340 390 343
396 340 392 343
398 340 394 343
400 340 396 343
401 340 397 343
403 340 399 343
405 340 401 344
407 340 402 344
409 340 404 344
412 340 408 345
419 340 415 344
423 340 418 344
425 340 419 344
426 340 421 344
428 340 423 344
430 340 425 344
432 340 427 344
434 340 429 344
437 340 432 345
439 340 434 344
391 342 387 344
393 342 389 344
396 342 392 345
398 342 394 345
400 342 396 345
401 342 397 345
403 342 399 345
405 342 401 345
407 342 402 346
409 342 404 345
410 342 406 345
418 342 412 346
419 342 414 346
421 342 416 346
423 342 418 346
425 342 420 346
426 342 421 346
428 342 423 346
430 342 425 346
432 342 427 346
434 342 428 346
435 342 431 346
439 342 435 346
446 342 440 346
393 344 389 346
394 344 390 346
396 344 392 346
398 344 394 347
400 344 396 347
401 344 397 347
403 344 399 347
405 344 400 347
407 344 402 347
410 344 405 347
412 344 407 347
416 344 411 348
418 344 413 348
419 344 414 348
421 344 416 348
423 344 418 348
425 344 420 348
426 344 421 348
428 344 423 348
430 344 425 348
432 344 428 347
434 344 430 347
435 344 431 348
393 346 389 348
394 346 390 348
396 346 392 348
398 346 394 348
400 346 396 349
401 346 397 349
403 346 399 349
405 346 400 349
407 346 402 349
410 346 405 349
412 346 407 349
414 346 409 349
416 346 411 350
418 346 413 350
419 346 414 350
421 346 416 350
423 346 418 350
425 346 420 350
426 346 421 350
428 346 423 350
430 346 424 350
434 346 429 349
400 347 396 350
401 347 397 350
403 347 399 350
405 347 400 350
409 347 404 350
412 347 407 351
414 347 409 351
419 347 414 351
421 347 416 351
423 347 418 351
425 347 419 352
426 347 421 351
428 347 423 351
394 349 390 351
396 349 392 351
398 349 393 351
400 349 396 352
401 349 397 352
403 349 399 352
405 349 400 352
409 349 404 352
410 349 406 352
414 349 409 353
416 349 411 353
418 349 412 353
419 349 414 353
421 349 416 353
423 349 418 353
425 349 419 353
426 349 421 353
394 351 390 352
396 351 392 353
398 351 393 353
403 351 399 354
405 351 401 354
407 351 402 354
409 351 404 354
410 351 406 354
412 351 408 354
416 351 411 355
418 351 412 355
419 351 414 355
421 351 416 355
423 351 418 355
425 351 419 355
396 353 392 354
398 353 393 355
405 353 401 356
407 353 403 356
412 353 408 356
394 355 390 356
396 356 392 358
