414 305 410 309
416 305 411 309
417 305 413 309
419 305 415 310
421 305 417 311
423 305 419 312
425 305 421 311
426 305 422 311
428 305 424 312
430 305 426 311
432 305 428 311
434 305 429 311
435 305 430 310
437 305 432 310
439 305 434 310
441 305 436 310
412 306 407 314
416 306 412 313
417 306 414 313
419 306 415 312
421 306 417 313
423 306 419 313
425 306 421 313
426 306 422 313
428 306 424 313
430 306 426 313
432 306 428 313
434 306 429 313
435 306 430 312
437 306 432 313
439 306 434 313
441 306 436 313
414 308 410 315
417 308 413 315
419 308 415 313
421 308 417 315
423 308 419 315
425 308 421 315
426 308 422 315
428 308 424 315
430 308 426 315
432 308 427 315
434 308 429 315
435 308 430 315
437 308 432 315
439 308 434 315
441 308 436 315
389 310 385 317
391 310 388 317
393 310 390 317
394 310 391 317
398 310 395 317
400 310 396 317
412 310 408 317
414 310 410 317
417 310 413 317
419 310 415 317
423 310 418 317
425 310 420 317
426 310 422 317
428 310 423 317
430 310 425 317
432 310 427 317
434 310 429 317
435 310 430 317
437 310 432 317
439 310 434 317
441 310 436 317
442 310 438 316
389 312 385 318
393 312 389 318
400 312 396 319
412 312 408 319
414 312 410 319
417 312 413 319
419 312 414 318
421 312 416 318
423 312 418 318
425 312 420 319
426 312 421 319
428 312 423 319
430 312 425 319
432 312 427 319
434 312 428 319
437 312 432 319
439 312 434 318
441 312 435 319
442 312 437 318
391 314 388 320
398 314 394 320
400 314 396 321
401 314 397 320
410 314 406 320
412 314 408 321
414 314 410 321
417 314 413 320
419 314 414 320
421 314 416 320
423 314 418 320
425 314 420 320
426 314 421 320
428 314 423 320
430 314 425 321
432 314 426 321
435 314 430 320
437 314 432 320
439 314 434 320
441 314 435 320
442 314 437 320
391 315 387 322
396 315 393 321
398 315 394 322
400 315 396 322
410 315 406 322
416 315 411 322
417 315 413 322
419 315 414 322
421 315 416 322
423 315 418 322
425 315 420 322
426 315 421 322
428 315 423 322
430 315 425 322
434 315 428 322
435 315 430 322
437 315 431 322
439 315 433 322
441 315 435 322
442 315 437 322
446 315 440 322
393 317 389 323
400 317 396 324
401 317 398 323
409 317 404 323
410 317 406 324
416 317 411 324
417 317 413 324
419 317 414 324
421 317 416 324
423 317 418 324
425 317 420 324
426 317 421 324
428 317 423 324
432 317 427 324
434 317 428 324
435 317 430 324
437 317 432 324
439 317 433 324
442 317 436 323
444 317 438 324
446 317 439 324
384 319 379 320
385 319 381 320
391 319 387 324
393 319 389 324
396 319 392 325
398 319 394 325
401 319 397 326
403 319 399 325
407 319 402 325
409 319 404 326
410 319 406 326
414 319 409 326
416 319 411 326
417 319 412 326
419 319 414 326
421 319 416 326
423 319 417 326
425 319 419 326
426 319 421 326
428 319 423 326
430 319 425 325
432 319 427 325
434 319 428 325
435 319 430 325
437 319 431 325
439 319 433 325
442 319 436 325
444 319 438 326
384 321 379 322
385 321 381 322
391 321 387 326
393 321 389 326
394 321 391 326
396 321 392 326
398 321 394 326
400 321 395 327
405 321 400 327
407 321 402 327
409 321 404 327
412 321 407 328
414 321 409 328
416 321 410 328
417 321 412 328
419 321 414 328
421 321 415 328
423 321 417 328
425 321 419 328
426 321 420 328
428 321 422 328
430 321 425 327
432 321 427 327
434 321 428 327
435 321 429 327
437 321 431 327
439 321 433 327
442 321 436 327
444 321 437 328
384 322 379 323
385 322 381 323
389 322 384 324
391 322 387 328
393 322 389 328
394 322 391 328
396 322 392 328
398 322 393 328
400 322 395 328
401 322 396 328
403 322 398 329
405 322 399 328
407 322 402 329
409 322 403 329
410 322 405 329
412 322 407 329
414 322 409 330
416 322 410 329
417 322 412 329
419 322 414 329
421 322 415 330
423 322 417 330
425 322 418 330
426 322 420 329
428 322 422 329
430 322 424 329
432 322 426 329
434 322 427 329
435 322 429 329
439 322 432 329
441 322 434 329
442 322 435 329
444 322 437 329
446 322 439 329
448 322 441 329
384 324 379 324
385 324 381 325
389 324 384 325
391 324 385 325
393 324 389 329
396 324 392 329
398 324 393 329
400 324 395 330
401 324 397 330
403 324 398 331
407 324 401 329
409 324 403 330
410 324 405 331
412 324 406 331
414 324 408 331
416 324 410 331
417 324 412 331
419 324 414 331
421 324 415 331
423 324 417 331
425 324 418 331
426 324 420 331
428 324 422 331
430 324 424 331
432 324 426 331
434 324 427 331
435 324 429 331
439 324 432 331
441 324 434 331
442 324 435 331
444 324 437 331
446 324 439 331
448 324 440 331
384 326 379 326
385 326 381 327
389 326 384 327
391 326 385 327
400 326 395 331
401 326 396 332
407 326 401 331
409 326 403 332
410 326 404 333
412 326 408 333
416 326 410 333
417 326 412 333
419 326 413 333
421 326 415 333
423 326 416 333
425 326 419 333
426 326 420 333
428 326 422 333
430 326 424 333
432 326 425 333
434 326 427 333
435 326 429 333
439 326 432 333
441 326 434 333
442 326 435 333
444 326 437 333
446 326 439 333
448 326 440 332
450 326 442 333
385 328 380 328
389 328 383 328
393 328 388 331
396 328 391 331
403 328 397 333
405 328 399 333
407 328 401 334
409 328 403 334
416 328 410 335
417 328 411 335
419 328 413 334
421 328 415 335
423 328 417 335
425 328 418 335
426 328 420 335
428 328 422 335
435 328 429 334
439 328 432 334
441 328 433 335
442 328 435 335
444 328 437 335
446 328 438 334
448 328 440 334
450 328 442 334
451 328 444 334
384 330 379 330
385 330 380 330
389 330 383 330
391 330 385 330
393 330 387 331
396 330 390 333
398 330 392 334
400 330 394 334
401 330 396 335
405 330 399 335
407 330 401 336
409 330 402 336
410 330 404 336
412 330 406 336
414 330 408 336
416 330 409 336
417 330 411 336
419 330 413 337
421 330 414 337
423 330 416 337
425 330 418 337
426 330 420 337
428 330 421 337
432 330 425 336
434 330 426 336
435 330 428 336
437 330 430 336
439 330 431 336
441 330 433 336
442 330 435 336
444 330 436 336
446 330 438 336
448 330 440 336
450 330 442 336
451 330 444 336
387 331 381 332
389 331 383 332
391 331 385 332
393 331 386 333
396 331 390 334
398 331 391 335
400 331 393 335
401 331 395 336
405 331 399 337
407 331 401 337
409 331 402 337
410 331 404 338
412 331 406 338
414 331 407 338
416 331 409 338
417 331 411 338
419 331 413 338
421 331 414 338
423 331 416 338
425 331 418 338
426 331 419 338
428 331 421 338
434 331 426 338
435 331 428 338
437 331 429 338
439 331 431 338
441 331 433 338
442 331 434 338
444 331 436 338
446 331 438 338
448 331 440 338
450 331 442 338
451 331 444 338
385 333 379 332
389 333 383 334
393 333 386 334
394 333 388 335
396 333 390 336
398 333 391 337
400 333 393 337
401 333 395 337
405 333 399 338
407 333 400 339
409 333 402 339
410 333 404 340
412 333 406 340
414 333 407 340
416 333 409 340
417 333 411 340
419 333 412 340
421 333 414 340
423 333 416 340
425 333 418 340
426 333 419 340
432 333 424 339
434 333 426 340
435 333 428 340
437 333 429 340
439 333 431 340
441 333 433 339
442 333 434 339
444 333 436 340
446 333 438 339
448 333 440 339
450 333 441 339
385 335 378 334
391 335 385 336
394 335 388 336
398 335 391 338
400 335 393 338
401 335 395 339
403 335 397 339
409 335 402 341
410 335 404 341
412 335 405 341
414 335 407 342
416 335 409 342
417 335 411 342
419 335 412 341
421 335 414 341
423 335 416 342
425 335 417 342
426 335 419 342
430 335 422 341
432 335 424 341
434 335 426 341
435 335 427 341
437 335 429 341
439 335 431 342
441 335 433 341
442 335 434 341
444 335 436 341
446 335 438 341
450 335 441 341
451 335 443 341
387 337 380 336
389 337 382 337
391 337 384 338
393 337 386 338
394 337 388 338
396 337 390 339
398 337 392 340
400 337 393 340
401 337 395 340
403 337 397 341
405 337 399 341
407 337 400 342
412 337 405 343
414 337 407 343
416 337 409 343
417 337 411 343
419 337 412 343
421 337 414 343
423 337 416 344
425 337 417 344
426 337 419 343
430 337 422 343
432 337 424 343
434 337 426 343
435 337 427 343
437 337 429 343
439 337 431 343
441 337 432 343
442 337 434 343
444 337 436 343
446 337 438 343
451 337 443 343
387 338 380 338
389 338 382 338
393 338 386 339
394 338 387 340
396 338 389 340
400 338 393 342
401 338 394 342
403 338 396 342
405 338 398 343
407 338 400 343
409 338 402 343
410 338 403 343
412 338 405 345
414 338 407 345
416 338 409 345
417 338 410 345
419 338 412 345
421 338 414 345
423 338 415 345
425 338 417 345
430 338 422 345
432 338 424 345
434 338 425 345
435 338 427 345
437 338 429 345
439 338 431 345
441 338 433 345
442 338 434 345
444 338 435 345
446 338 437 345
450 338 441 344
387 340 380 339
389 340 382 341
391 340 384 340
393 340 386 341
394 340 387 341
396 340 389 341
398 340 391 342
400 340 393 343
401 340 394 343
403 340 396 344
405 340 398 344
407 340 400 345
409 340 402 345
410 340 403 345
412 340 405 346
414 340 407 347
416 340 408 347
417 340 410 347
419 340 412 346
421 340 414 347
423 340 415 347
428 340 420 346
430 340 422 346
432 340 423 346
434 340 425 346
435 340 427 346
437 340 429 346
439 340 431 346
442 340 434 346
450 340 441 346
451 340 444 347
391 342 384 343
393 342 386 343
394 342 387 343
396 342 389 343
398 342 391 344
401 342 395 345
403 342 396 345
405 342 398 346
407 342 400 347
409 342 401 347
410 342 403 347
414 342 406 348
416 342 408 348
417 342 410 348
419 342 411 348
421 342 413 348
423 342 415 348
430 342 422 348
432 342 423 348
434 342 425 348
435 342 427 348
437 342 428 348
446 342 437 347
451 342 444 349
391 344 384 345
394 344 387 345
396 344 389 345
398 344 391 346
400 344 393 346
405 344 398 347
407 344 400 348
409 344 401 348
410 344 402 348
412 344 404 349
414 344 406 350
416 344 408 350
417 344 410 350
419 344 411 350
421 344 413 350
426 344 418 350
428 344 420 350
430 344 421 350
432 344 423 350
393 346 385 347
398 346 391 347
400 346 393 348
401 346 394 348
403 346 396 348
407 346 399 349
409 346 401 350
410 346 402 350
412 346 404 351
419 346 411 352
426 346 418 352
428 346 419 352
394 347 387 347
396 347 388 347
400 347 392 349
401 347 394 349
403 347 395 350
405 347 397 350
407 347 399 351
409 347 401 351
410 347 402 352
412 347 404 352
416 347 408 353
417 347 409 354
419 347 411 353
426 347 418 353
428 347 419 353
432 347 426 354
434 347 428 354
394 349 386 349
396 349 388 349
398 349 390 349
401 349 393 351
403 349 395 351
405 349 397 352
409 349 401 353
410 349 402 353
412 349 404 354
414 349 406 354
417 349 409 355
425 349 416 355
426 349 417 355
432 349 426 356
434 349 428 356
394 351 386 350
396 351 388 351
398 351 390 351
400 351 392 351
401 351 394 352
403 351 395 353
405 351 397 353
407 351 399 354
410 351 402 355
412 351 404 355
414 351 406 356
416 351 407 356
434 351 431 356
396 353 388 352
398 353 390 353
400 353 392 353
405 353 397 355
407 353 399 355
414 353 406 358
416 353 407 358
417 353 409 358
419 353 411 358
400 355 392 355
401 355 393 355
423 356 416 362
426 356 421 362
428 356 423 362
