414 305 411 312
417 305 414 313
421 305 417 316
423 305 419 316
428 305 423 315
430 305 425 315
432 305 425 313
434 305 427 314
435 305 428 313
437 305 430 313
439 305 432 313
442 305 435 313
412 306 408 318
416 306 412 318
417 306 414 317
419 306 415 317
421 306 417 318
425 306 420 318
426 306 421 317
428 306 422 317
430 306 424 317
434 306 427 316
435 306 428 316
437 306 430 316
439 306 432 317
414 308 410 320
416 308 411 320
417 308 413 319
419 308 414 319
425 308 419 319
426 308 421 319
428 308 422 319
432 308 425 319
434 308 426 319
435 308 428 318
437 308 429 318
439 308 431 319
393 310 390 322
394 310 391 322
396 310 393 322
410 310 406 321
412 310 408 321
416 310 411 322
419 310 414 321
426 310 420 321
428 310 421 321
432 310 424 321
434 310 426 321
435 310 428 320
437 310 429 320
439 310 431 320
410 312 406 323
412 312 408 323
416 312 411 324
417 312 412 323
419 312 414 323
423 312 417 322
425 312 418 322
426 312 419 322
428 312 421 323
432 312 424 323
434 312 425 323
435 312 427 322
437 312 429 322
394 314 391 323
398 314 395 322
410 314 406 324
412 314 407 325
417 314 412 325
419 314 413 325
423 314 416 324
425 314 418 324
426 314 419 324
428 314 421 324
432 314 424 324
435 314 427 323
439 314 430 324
441 314 431 323
393 315 389 323
396 315 393 324
398 315 394 324
400 315 396 326
412 315 407 326
416 315 410 326
417 315 411 326
419 315 413 326
423 315 416 325
425 315 417 326
426 315 419 326
428 315 420 326
432 315 423 326
435 315 427 325
439 315 429 325
441 315 430 326
442 315 432 326
389 317 386 326
391 317 388 326
393 317 390 327
396 317 393 326
398 317 394 326
409 317 404 326
410 317 405 328
416 317 409 328
417 317 411 328
419 317 412 328
423 317 415 327
425 317 417 327
426 317 418 327
430 317 421 328
432 317 423 328
434 317 425 327
437 317 427 327
439 317 428 327
441 317 430 327
442 317 432 328
444 317 434 329
384 319 380 325
396 319 392 328
398 319 394 328
400 319 395 328
401 319 397 329
405 319 400 328
407 319 401 329
409 319 403 329
410 319 404 330
414 319 407 330
416 319 409 330
417 319 411 330
419 319 412 329
425 319 416 329
428 319 419 329
430 319 420 329
435 319 425 329
437 319 426 329
439 319 428 329
441 319 430 329
442 319 432 330
391 321 388 333
396 321 392 329
398 321 394 329
405 321 399 331
407 321 401 331
409 321 403 331
414 321 407 331
416 321 408 331
417 321 410 331
419 321 412 331
423 321 414 331
425 321 416 331
428 321 418 331
430 321 420 331
432 321 422 331
434 321 423 331
437 321 426 331
439 321 427 330
441 321 429 331
442 321 431 331
444 321 435 333
409 322 402 333
410 322 403 333
412 322 405 333
414 322 407 333
416 322 408 333
417 322 410 333
419 322 411 333
423 322 414 332
425 322 415 333
428 322 418 332
432 322 421 332
434 322 423 332
391 324 385 326
393 324 386 328
394 324 388 329
396 324 390 329
403 324 396 332
405 324 398 332
407 324 400 333
414 324 406 334
416 324 408 334
417 324 409 334
423 324 413 334
425 324 415 335
430 324 419 333
432 324 421 334
434 324 422 334
437 324 425 333
439 324 427 333
441 324 428 333
442 324 430 333
396 326 389 331
398 326 391 332
405 326 398 336
407 326 399 335
412 326 404 336
414 326 406 336
416 326 407 336
421 326 412 335
423 326 413 336
425 326 415 336
426 326 416 337
428 326 417 335
430 326 419 335
432 326 420 335
437 326 425 335
439 326 426 335
441 326 428 335
444 326 430 335
448 326 438 337
450 326 439 337
409 328 401 337
412 328 404 338
414 328 405 338
419 328 409 338
421 328 411 338
423 328 412 338
425 328 414 338
430 328 418 337
434 328 421 337
435 328 423 337
437 328 424 337
439 328 426 337
442 328 428 337
444 328 430 337
446 328 431 336
410 330 401 339
412 330 403 340
414 330 404 339
421 330 410 339
423 330 412 339
425 330 414 339
428 330 416 339
435 330 422 338
437 330 424 339
439 330 425 339
442 330 428 339
446 330 431 338
450 330 434 338
398 331 389 334
400 331 391 335
407 331 398 338
409 331 399 338
410 331 401 341
412 331 403 341
414 331 404 341
419 331 408 341
421 331 410 341
423 331 412 340
426 331 414 341
428 331 416 341
434 331 420 340
435 331 422 340
437 331 423 340
441 331 426 340
442 331 428 340
444 331 429 339
446 331 431 340
450 331 433 340
400 333 390 337
407 333 397 340
409 333 399 340
410 333 401 342
412 333 402 343
414 333 404 343
417 333 407 342
419 333 408 342
421 333 410 342
423 333 411 342
428 333 415 342
432 333 418 341
434 333 420 341
435 333 421 342
437 333 423 342
439 333 425 342
444 333 429 341
446 333 430 341
450 333 433 341
451 333 435 341
398 335 388 337
407 335 397 341
409 335 399 342
417 335 406 344
419 335 408 344
421 335 409 344
426 335 414 344
428 335 415 344
432 335 418 343
434 335 419 343
435 335 421 343
437 335 422 343
442 335 427 343
444 335 428 343
446 335 430 342
451 335 435 342
398 337 387 338
405 337 395 342
409 337 398 343
410 337 399 344
412 337 401 344
417 337 406 346
419 337 407 346
423 337 410 345
426 337 413 345
428 337 415 345
432 337 417 345
434 337 419 345
435 337 420 345
437 337 422 345
441 337 425 344
442 337 427 344
444 337 428 344
446 337 430 344
448 337 432 344
451 337 435 344
393 338 381 335
394 338 383 335
398 338 387 340
400 338 389 340
405 338 394 343
412 338 401 346
416 338 404 347
417 338 405 347
419 338 407 347
421 338 408 347
425 338 411 347
426 338 412 347
428 338 414 347
432 338 417 346
434 338 418 347
435 338 420 346
439 338 424 346
442 338 426 346
444 338 428 346
446 338 429 346
391 340 379 336
393 340 381 336
394 340 383 336
396 340 384 337
400 340 388 342
409 340 397 345
412 340 400 347
416 340 403 349
421 340 408 348
425 340 411 348
426 340 412 348
428 340 414 349
432 340 417 348
434 340 418 348
435 340 420 349
391 342 379 338
393 342 381 338
394 342 382 338
396 342 384 339
398 342 386 342
400 342 388 342
412 342 400 350
416 342 403 350
417 342 404 350
419 342 406 350
423 342 409 350
425 342 410 350
426 342 412 350
430 342 415 349
434 342 418 350
435 342 419 351
437 342 421 351
448 342 433 347
393 344 381 340
394 344 381 340
396 344 383 340
401 344 389 344
407 344 394 347
409 344 396 348
410 344 397 348
417 344 404 351
419 344 405 351
423 344 408 352
425 344 410 352
428 344 413 351
432 344 416 351
394 346 381 342
396 346 383 342
398 346 385 343
401 346 388 345
403 346 390 346
407 346 394 348
409 346 396 349
410 346 397 349
412 346 398 349
414 346 400 352
416 346 402 353
417 346 404 353
419 346 405 353
423 346 408 353
425 346 410 353
426 346 412 353
442 346 429 350
401 347 388 347
403 347 389 347
405 347 391 348
409 347 395 350
410 347 396 351
412 347 398 351
414 347 400 353
416 347 401 354
417 347 403 355
419 347 405 354
421 347 406 355
412 349 398 353
416 349 401 355
417 349 403 356
419 349 404 356
421 349 407 357
423 349 408 357
425 349 424 347
437 349 424 355
403 351 389 350
416 351 401 357
417 351 402 358
419 351 404 358
421 351 406 359
426 351 426 350
432 351 427 352
428 355 418 358
426 356 416 359
428 356 418 359
