417 305 413 312
419 305 415 312
423 305 419 314
425 305 420 314
426 305 422 313
430 305 425 314
432 305 426 313
434 305 428 312
435 305 429 312
437 305 431 312
439 305 433 312
441 305 435 312
412 306 408 316
414 306 410 315
417 306 413 315
419 306 415 314
421 306 416 314
423 306 419 316
425 306 420 316
426 306 421 315
428 306 423 315
432 306 426 315
434 306 428 315
435 306 429 315
437 306 431 315
439 306 433 316
412 308 408 318
414 308 410 317
416 308 412 317
419 308 414 317
421 308 416 317
423 308 418 317
425 308 420 317
426 308 421 317
428 308 423 317
432 308 426 317
434 308 428 317
435 308 429 317
437 308 431 317
389 310 385 319
391 310 388 319
393 310 390 319
410 310 406 318
412 310 408 319
414 310 410 320
416 310 411 319
419 310 414 319
421 310 416 319
423 310 418 319
425 310 419 319
428 310 422 319
432 310 426 319
434 310 427 319
435 310 429 319
437 310 430 319
439 310 432 318
441 310 434 318
389 312 385 320
393 312 389 321
394 312 391 320
396 312 393 320
398 312 394 320
410 312 406 320
416 312 411 321
419 312 414 321
421 312 416 321
423 312 417 321
425 312 419 321
426 312 421 321
428 312 422 321
432 312 425 321
434 312 427 321
435 312 429 321
437 312 430 321
439 312 432 320
441 312 434 320
394 314 391 321
396 314 393 321
398 314 394 322
400 314 396 322
410 314 406 322
412 314 407 322
414 314 409 323
416 314 411 323
419 314 414 323
421 314 415 323
423 314 417 323
425 314 419 323
426 314 420 323
428 314 422 323
432 314 425 323
434 314 427 323
435 314 428 323
437 314 430 323
439 314 432 322
441 314 433 322
389 315 385 322
391 315 387 323
393 315 389 323
394 315 391 323
396 315 393 323
398 315 394 324
400 315 396 324
410 315 405 324
412 315 407 324
414 315 409 324
416 315 410 324
419 315 413 325
421 315 415 325
423 315 417 325
426 315 420 324
428 315 422 324
432 315 425 324
434 315 426 324
435 315 428 324
437 315 429 324
439 315 431 324
441 315 433 325
442 315 435 324
446 315 437 324
391 317 387 324
393 317 390 325
398 317 394 325
400 317 396 325
401 317 398 326
409 317 403 325
410 317 405 326
412 317 407 326
414 317 408 326
417 317 412 326
419 317 413 326
421 317 415 326
423 317 416 326
425 317 418 326
426 317 419 326
430 317 423 326
432 317 424 326
434 317 426 326
435 317 427 326
384 319 379 321
391 319 387 326
393 319 389 326
405 319 399 326
407 319 401 326
409 319 403 327
410 319 405 328
412 319 406 328
416 319 409 328
417 319 411 328
419 319 413 328
421 319 414 328
423 319 416 328
425 319 418 328
428 319 420 328
430 319 422 328
432 319 424 328
434 319 425 328
435 319 427 328
437 319 429 328
439 319 431 328
442 319 434 328
444 319 435 328
396 321 392 327
398 321 394 328
403 321 397 328
405 321 399 328
407 321 401 328
409 321 403 329
410 321 404 330
412 321 406 330
416 321 409 330
417 321 411 330
419 321 413 330
421 321 414 330
425 321 417 330
428 321 420 329
430 321 422 329
432 321 423 330
434 321 425 330
435 321 426 330
441 321 432 330
442 321 433 330
444 321 435 330
387 322 381 322
393 322 388 329
394 322 390 329
396 322 392 329
398 322 393 329
401 322 395 330
403 322 397 330
405 322 399 330
407 322 401 331
409 322 403 331
410 322 404 331
412 322 406 331
414 322 407 331
417 322 410 331
419 322 412 331
421 322 414 332
423 322 415 331
425 322 417 331
428 322 420 331
430 322 421 331
432 322 423 331
434 322 425 331
439 322 430 331
441 322 431 331
442 322 433 331
444 322 434 331
446 322 436 331
385 324 379 324
387 324 381 324
401 324 395 331
403 324 397 332
405 324 399 332
407 324 400 332
409 324 402 332
410 324 404 333
412 324 405 333
414 324 407 333
417 324 410 333
419 324 412 333
423 324 415 333
426 324 418 333
428 324 420 333
430 324 421 333
432 324 423 333
434 324 424 333
435 324 426 333
439 324 429 333
441 324 431 333
442 324 432 333
444 324 434 333
446 324 436 333
385 326 379 325
387 326 381 325
389 326 383 326
396 326 389 330
398 326 391 330
401 326 395 333
403 326 396 333
405 326 398 333
407 326 400 333
409 326 402 334
410 326 403 335
412 326 405 335
416 326 408 335
417 326 410 335
419 326 411 335
421 326 413 334
423 326 415 334
426 326 417 334
428 326 419 335
430 326 421 335
432 326 423 335
435 326 426 334
439 326 429 334
441 326 431 335
442 326 432 334
444 326 433 334
446 326 435 334
450 326 439 334
387 328 380 326
389 328 382 327
393 328 386 330
398 328 391 332
400 328 393 333
403 328 396 335
405 328 398 335
407 328 400 336
409 328 402 336
410 328 403 337
414 328 406 337
416 328 408 337
417 328 409 337
421 328 413 336
423 328 414 337
426 328 417 336
428 328 419 337
430 328 421 337
437 328 427 336
439 328 429 336
441 328 430 336
442 328 432 336
444 328 433 336
448 328 437 336
451 328 444 338
385 330 379 327
389 330 382 329
391 330 384 330
393 330 386 332
394 330 387 332
398 330 389 333
400 330 392 335
401 330 395 335
407 330 400 338
409 330 401 338
410 330 403 338
414 330 406 338
416 330 408 338
417 330 409 338
419 330 411 338
421 330 412 338
423 330 414 338
426 330 417 338
428 330 418 338
434 330 423 338
437 330 427 338
439 330 428 338
441 330 430 338
442 330 431 338
448 330 436 337
450 330 438 338
451 330 445 340
385 331 378 329
387 331 380 329
391 331 383 331
393 331 385 333
398 331 389 334
403 331 396 337
410 331 402 340
414 331 406 340
416 331 407 340
419 331 410 340
421 331 412 340
423 331 414 340
426 331 417 340
428 331 418 340
430 331 420 340
434 331 423 339
435 331 425 339
437 331 426 339
439 331 428 339
441 331 429 340
442 331 431 340
446 331 434 339
448 331 436 339
450 331 437 339
451 331 439 339
385 333 378 330
389 333 380 331
393 333 385 335
400 333 391 336
403 333 395 339
409 333 400 339
410 333 402 339
414 333 405 342
417 333 409 341
419 333 410 341
421 333 412 341
425 333 415 341
426 333 416 341
428 333 418 342
434 333 423 341
435 333 424 341
437 333 426 341
439 333 428 341
446 333 434 341
448 333 435 341
450 333 437 341
451 333 439 341
385 335 378 332
389 335 380 333
400 335 391 338
401 335 393 339
407 335 398 341
409 335 400 341
410 335 402 341
412 335 403 342
416 335 407 343
417 335 408 343
419 335 410 343
421 335 411 343
425 335 415 343
426 335 416 343
430 335 419 343
434 335 422 343
435 335 424 343
437 335 425 343
439 335 427 343
441 335 429 343
442 335 430 343
446 335 433 343
448 335 435 343
450 335 437 343
451 335 439 343
385 337 378 334
391 337 381 335
393 337 383 335
401 337 393 340
403 337 394 341
405 337 396 341
409 337 400 343
414 337 404 345
416 337 406 345
417 337 408 345
419 337 409 345
423 337 412 345
425 337 414 345
426 337 416 345
428 337 417 345
430 337 419 345
434 337 422 344
435 337 423 345
437 337 425 345
439 337 427 345
441 337 429 344
442 337 430 345
446 337 433 345
450 337 436 345
451 337 438 345
391 338 381 336
393 338 383 337
394 338 385 337
398 338 389 340
400 338 390 341
403 338 394 342
405 338 396 343
407 338 397 343
410 338 400 344
412 338 402 344
414 338 404 346
416 338 406 347
417 338 407 346
419 338 409 346
423 338 412 347
425 338 414 347
428 338 417 346
430 338 419 346
434 338 421 346
435 338 423 346
437 338 425 346
441 338 428 346
442 338 430 346
446 338 433 346
448 338 435 346
450 338 436 346
451 338 439 347
389 340 379 337
393 340 383 338
394 340 385 338
396 340 386 339
398 340 388 342
400 340 390 342
401 340 392 343
405 340 395 344
407 340 397 345
409 340 399 345
410 340 400 345
412 340 402 346
414 340 404 348
416 340 406 348
417 340 407 348
421 340 410 348
423 340 412 348
426 340 415 348
428 340 417 348
430 340 418 348
434 340 421 348
435 340 423 348
437 340 425 349
439 340 427 347
441 340 429 347
444 340 431 348
446 340 433 347
450 340 436 348
391 342 381 339
393 342 383 340
394 342 384 340
396 342 386 341
398 342 388 343
400 342 390 344
401 342 392 344
403 342 393 345
405 342 395 346
407 342 397 347
409 342 398 347
410 342 400 347
412 342 401 347
414 342 404 350
416 342 405 350
417 342 407 350
421 342 410 350
425 342 413 349
426 342 415 349
428 342 416 349
430 342 418 349
432 342 420 350
434 342 422 350
437 342 424 351
442 342 430 349
446 342 433 349
391 344 381 341
394 344 384 342
396 344 386 343
400 344 390 345
401 344 391 345
403 344 393 346
407 344 396 348
409 344 398 348
410 344 399 348
412 344 401 349
414 344 403 351
423 344 411 351
425 344 413 351
426 344 415 351
428 344 417 351
430 344 418 351
432 344 420 352
434 344 422 352
435 344 424 352
442 344 430 352
444 344 431 352
396 346 385 345
398 346 387 345
401 346 391 347
403 346 393 347
405 346 394 348
410 346 399 350
412 346 401 351
419 346 407 353
421 346 409 353
423 346 411 353
425 346 413 353
426 346 414 353
428 346 416 353
430 346 418 353
439 346 428 353
441 346 429 353
442 346 431 353
394 347 383 344
398 347 387 347
400 347 389 348
401 347 390 349
403 347 392 349
405 347 394 349
409 347 396 350
414 347 402 353
416 347 404 354
419 347 407 354
421 347 409 354
423 347 411 355
425 347 412 355
426 347 414 355
394 349 383 346
396 349 385 346
409 349 396 352
414 349 402 355
416 349 404 357
417 349 406 357
419 349 407 356
421 349 409 356
423 349 410 356
439 349 431 355
396 351 385 348
400 351 388 349
401 351 390 351
414 351 402 356
421 351 408 358
423 351 410 358
400 353 388 351
414 353 402 358
416 353 404 359
419 353 406 359
421 353 408 359
428 356 422 362
396 358 397 358
