411 304 392 295
414 304 400 295
415 304 402 295
411 305 411 305
412 305 412 305
414 305 414 305
415 305 402 296
417 305 417 305
429 305 425 303
409 307 409 307
411 307 411 307
412 307 412 307
414 307 414 307
415 307 415 307
417 307 417 307
419 307 419 307
420 307 420 307
422 307 422 307
425 307 425 307
427 307 427 307
430 307 430 307
409 309 409 309
411 309 411 309
412 309 412 309
417 309 417 309
419 309 419 309
420 309 420 309
422 309 422 309
424 309 424 309
425 309 425 309
427 309 427 309
429 309 429 309
430 309 430 309
407 310 407 310
409 310 409 310
411 310 411 310
412 310 412 310
414 310 414 310
415 310 415 310
417 310 417 310
419 310 419 310
422 310 422 310
425 310 425 310
427 310 427 310
429 310 429 310
430 310 430 310
407 312 407 312
409 312 409 312
411 312 411 312
412 312 412 312
414 312 414 312
420 312 420 312
425 312 425 312
427 312 427 312
429 312 429 312
430 312 430 312
411 314 411 314
417 314 417 314
419 314 419 314
420 314 420 314
422 314 422 314
424 314 424 314
427 314 427 314
430 314 430 314
373 315 372 315
374 315 374 315
407 315 407 315
409 315 409 315
414 315 414 315
415 315 416 315
417 315 417 315
419 315 419 315
420 315 420 315
422 315 422 315
424 315 424 315
425 315 425 315
373 317 372 317
374 317 375 317
378 317 378 317
384 317 384 317
415 317 416 317
417 317 417 317
419 317 419 317
420 317 420 317
422 317 422 317
424 317 424 317
425 317 425 317
373 319 372 318
379 319 379 319
381 319 381 319
389 319 387 315
391 319 392 313
393 319 394 313
407 319 407 319
409 319 409 319
411 319 411 319
412 319 412 319
414 319 414 319
415 319 415 319
417 319 417 319
419 319 419 319
420 319 420 319
422 319 422 319
424 319 424 319
427 319 427 318
373 320 373 320
374 320 375 320
379 320 379 320
381 320 381 320
397 320 397 320
402 320 402 320
404 320 404 320
407 320 407 320
409 320 409 320
411 320 410 320
414 320 414 320
415 320 415 320
417 320 417 320
419 320 419 320
420 320 420 320
422 320 422 320
424 320 424 320
427 320 427 320
429 320 429 320
430 320 430 320
432 320 432 320
434 320 433 320
373 322 373 322
374 322 374 322
376 322 376 322
381 322 381 322
384 322 385 322
393 322 393 318
397 322 397 322
399 322 399 322
401 322 401 322
402 322 402 322
404 322 404 322
406 322 406 322
407 322 407 322
409 322 409 322
411 322 411 322
412 322 412 322
414 322 414 322
415 322 415 322
417 322 417 322
419 322 419 322
420 322 420 322
422 322 422 322
425 322 425 322
427 322 427 322
429 322 429 322
430 322 430 322
434 322 434 322
373 324 372 323
374 324 374 324
378 324 378 324
379 324 379 324
381 324 381 324
383 324 383 324
384 324 385 323
393 324 393 320
397 324 397 324
399 324 399 324
401 324 401 324
404 324 404 324
406 324 406 324
407 324 407 324
409 324 409 323
411 324 411 324
412 324 412 324
414 324 414 323
415 324 415 324
417 324 417 324
419 324 419 324
420 324 420 324
422 324 422 324
424 324 424 324
425 324 425 323
427 324 427 323
429 324 429 323
430 324 430 323
432 324 432 323
434 324 434 323
373 325 372 324
376 325 376 325
378 325 378 325
379 325 379 325
384 325 384 325
386 325 387 325
393 325 392 325
394 325 394 325
396 325 395 325
399 325 399 325
401 325 401 325
402 325 402 325
404 325 404 325
406 325 406 325
407 325 407 325
409 325 409 325
411 325 411 325
412 325 412 325
414 325 414 325
415 325 415 325
417 325 417 325
419 325 419 325
420 325 420 325
422 325 422 325
424 325 424 325
425 325 425 325
429 325 429 325
373 327 372 326
374 327 374 327
379 327 379 327
381 327 381 327
383 327 383 327
386 327 386 327
391 327 391 327
393 327 393 327
394 327 394 327
397 327 397 327
399 327 399 327
401 327 401 327
402 327 402 327
404 327 404 327
406 327 406 327
407 327 407 327
409 327 409 327
411 327 411 327
412 327 412 327
414 327 414 327
415 327 415 327
417 327 417 327
419 327 419 327
420 327 420 327
422 327 422 327
424 327 424 327
425 327 425 327
427 327 427 326
429 327 429 326
430 327 430 326
434 327 433 325
435 327 435 328
373 328 372 328
378 328 378 328
386 328 386 328
388 328 388 328
391 328 391 328
393 328 392 328
394 328 394 328
397 328 397 328
399 328 399 329
401 328 401 328
402 328 402 328
404 328 404 328
406 328 406 328
407 328 407 328
409 328 409 329
411 328 411 329
412 328 412 329
414 328 414 329
415 328 416 328
417 328 417 329
419 328 419 328
420 328 420 328
422 328 422 328
424 328 424 328
425 328 425 328
427 328 427 328
429 328 429 328
434 328 433 328
435 328 435 329
373 330 373 330
374 330 374 330
376 330 376 330
378 330 378 330
379 330 379 330
383 330 383 330
384 330 384 330
386 330 386 330
388 330 388 330
389 330 389 330
391 330 391 330
393 330 393 330
394 330 394 330
396 330 396 330
397 330 397 330
399 330 399 330
402 330 402 330
404 330 404 330
406 330 406 330
407 330 407 330
409 330 409 330
411 330 411 330
412 330 412 330
414 330 414 330
415 330 416 330
417 330 417 330
419 330 419 330
420 330 420 330
422 330 422 330
424 330 424 330
427 330 427 330
429 330 429 330
430 330 430 330
432 330 432 330
435 330 435 331
373 332 373 332
374 332 374 332
376 332 376 332
378 332 378 332
379 332 379 332
383 332 383 332
384 332 384 332
388 332 388 332
389 332 389 332
393 332 393 332
394 332 394 332
397 332 397 332
401 332 401 332
402 332 402 332
404 332 404 332
406 332 406 332
407 332 407 332
409 332 409 332
411 332 411 332
412 332 412 332
414 332 414 332
415 332 415 332
417 332 417 332
419 332 419 332
420 332 420 332
422 332 422 332
424 332 424 332
425 332 425 332
427 332 427 332
429 332 429 332
430 332 430 332
435 332 435 333
374 333 374 334
376 333 376 333
378 333 378 333
379 333 379 333
381 333 381 333
383 333 383 333
384 333 384 333
386 333 386 333
388 333 388 333
391 333 391 333
393 333 393 333
394 333 394 333
396 333 396 333
399 333 399 333
401 333 401 333
402 333 402 333
404 333 404 333
406 333 406 333
407 333 407 333
409 333 409 333
411 333 411 333
412 333 412 333
414 333 414 333
415 333 416 333
417 333 417 333
419 333 419 333
420 333 420 333
422 333 422 333
424 333 424 333
425 333 425 333
427 333 427 333
429 333 429 334
432 333 432 333
434 333 434 333
376 335 376 335
378 335 378 335
379 335 379 335
381 335 381 335
384 335 384 335
388 335 388 335
389 335 389 335
391 335 391 335
393 335 393 335
394 335 394 335
396 335 396 335
399 335 399 335
401 335 401 335
402 335 402 335
404 335 404 335
406 335 406 335
407 335 407 335
409 335 409 335
411 335 411 335
412 335 412 335
414 335 414 335
415 335 415 335
417 335 417 335
419 335 419 335
420 335 420 335
422 335 422 335
424 335 424 335
425 335 425 335
427 335 427 335
429 335 428 335
430 335 430 335
378 337 378 337
381 337 381 337
384 337 384 337
386 337 386 337
388 337 388 337
389 337 389 337
391 337 391 337
393 337 393 337
396 337 396 337
399 337 399 337
401 337 401 337
402 337 402 337
404 337 404 337
406 337 406 337
407 337 407 337
409 337 409 337
411 337 411 337
412 337 412 337
414 337 414 337
415 337 415 337
417 337 417 337
419 337 419 337
420 337 420 337
422 337 422 337
424 337 424 337
425 337 425 337
427 337 427 337
430 337 431 337
379 338 379 338
381 338 381 338
383 338 383 338
386 338 386 338
388 338 388 338
389 338 389 338
391 338 391 338
393 338 392 338
394 338 394 338
399 338 399 338
401 338 401 338
402 338 402 338
404 338 404 338
406 338 406 338
407 338 407 338
409 338 409 338
411 338 411 338
412 338 412 338
414 338 414 338
415 338 415 338
417 338 417 338
419 338 419 338
420 338 420 338
422 338 422 338
424 338 424 338
425 338 425 338
427 338 427 338
429 338 429 338
430 338 431 338
383 340 383 340
384 340 384 340
386 340 386 340
388 340 388 340
389 340 389 340
391 340 391 340
393 340 392 340
396 340 396 340
397 340 397 340
399 340 399 340
401 340 401 340
402 340 402 340
404 340 404 340
406 340 406 340
407 340 407 340
409 340 409 340
411 340 411 340
412 340 412 340
414 340 414 340
415 340 416 340
417 340 417 340
419 340 419 340
420 340 420 340
422 340 422 340
424 340 424 340
425 340 425 340
427 340 427 340
384 342 384 342
386 342 386 342
388 342 388 342
389 342 389 342
391 342 391 342
393 342 392 342
394 342 394 342
396 342 396 342
397 342 397 341
399 342 399 341
401 342 401 342
402 342 402 342
404 342 404 342
406 342 406 342
407 342 407 342
409 342 409 342
411 342 411 342
412 342 412 342
414 342 414 342
415 342 415 342
417 342 417 342
419 342 419 342
420 342 420 342
422 342 422 342
424 342 424 342
386 343 386 343
388 343 388 343
389 343 389 343
391 343 391 343
393 343 392 343
394 343 394 343
396 343 396 343
397 343 397 343
399 343 399 343
401 343 401 343
402 343 402 343
404 343 404 343
406 343 406 343
407 343 407 343
409 343 409 343
411 343 411 343
412 343 412 343
414 343 414 343
415 343 415 343
417 343 417 343
419 343 419 343
420 343 420 343
422 343 422 343
388 345 388 345
389 345 389 345
391 345 391 345
393 345 392 345
394 345 394 345
396 345 396 345
397 345 397 345
399 345 399 345
401 345 401 345
402 345 402 345
404 345 404 345
406 345 406 345
407 345 407 345
409 345 409 345
411 345 411 345
412 345 412 345
414 345 414 345
415 345 416 345
417 345 417 345
419 345 419 345
420 345 420 345
391 346 391 347
393 346 392 346
394 346 394 346
396 346 396 346
397 346 397 346
399 346 399 346
401 346 401 346
402 346 402 346
404 346 404 346
406 346 406 347
407 346 407 346
409 346 409 346
411 346 411 346
412 346 412 347
414 346 414 346
415 346 416 346
417 346 417 347
391 348 391 348
393 348 393 348
394 348 394 348
397 348 397 348
399 348 399 348
401 348 401 348
402 348 402 348
404 348 404 348
406 348 406 348
407 348 407 348
409 348 409 348
411 348 411 348
412 348 412 348
414 348 414 348
415 348 416 348
394 350 394 350
397 350 397 350
399 350 399 350
401 350 401 350
402 350 402 350
404 350 404 350
406 350 406 350
407 350 407 350
409 350 409 350
411 350 411 350
412 350 412 350
394 351 394 351
396 351 396 351
397 351 397 351
399 351 399 351
401 351 401 351
402 351 402 351
404 351 404 351
406 351 405 351
407 351 407 351
409 351 409 351
411 351 411 351
