411 314 411 314
412 314 412 314
414 314 414 314
415 314 415 314
416 314 416 314
418 314 418 314
419 314 419 314
420 314 420 314
421 314 421 314
423 314 423 314
425 314 425 314
427 314 426 314
428 314 428 314
429 314 429 314
410 316 410 316
411 316 411 316
412 316 412 316
414 316 414 315
415 316 415 316
416 316 416 316
418 316 418 316
419 316 419 316
420 316 420 316
421 316 421 316
423 316 423 316
425 316 425 316
427 316 426 316
429 316 429 316
410 317 410 317
411 317 411 317
412 317 412 317
414 317 414 317
415 317 415 317
416 317 416 317
418 317 418 317
419 317 419 317
420 317 420 317
421 317 421 317
423 317 423 317
425 317 425 317
432 317 432 317
410 318 410 318
411 318 411 318
412 318 412 318
414 318 414 318
415 318 415 318
418 318 418 318
419 318 419 318
420 318 420 318
421 318 421 318
424 318 424 318
425 318 425 318
429 318 429 318
435 318 436 318
409 319 409 319
410 319 410 319
411 319 411 319
412 319 412 319
414 319 414 319
415 319 415 320
416 319 416 319
418 319 418 319
419 319 419 319
420 319 420 319
421 319 421 319
424 319 424 319
425 319 425 319
429 319 429 319
432 319 432 319
433 319 433 319
409 321 409 321
410 321 410 321
411 321 411 321
412 321 412 321
414 321 414 321
415 321 415 321
416 321 416 321
418 321 418 321
419 321 419 321
420 321 420 321
421 321 421 321
423 321 423 321
425 321 425 321
427 321 426 321
429 321 429 321
430 321 430 321
432 321 431 321
433 321 433 321
435 321 436 321
407 322 407 322
409 322 409 322
411 322 411 322
412 322 412 322
414 322 414 322
415 322 415 322
418 322 418 322
419 322 419 322
420 322 420 322
421 322 421 322
423 322 423 322
425 322 425 322
427 322 426 322
428 322 428 322
429 322 429 322
430 322 430 322
432 322 432 322
433 322 433 322
407 323 407 323
410 323 410 323
411 323 411 323
412 323 412 323
414 323 414 323
415 323 415 323
418 323 418 323
419 323 419 323
420 323 420 323
421 323 421 323
424 323 424 323
425 323 425 323
428 323 428 323
429 323 429 323
435 323 436 324
437 323 438 323
406 324 406 324
407 324 407 324
409 324 409 324
410 324 410 324
411 324 411 324
414 324 414 324
415 324 415 325
416 324 416 324
418 324 418 324
419 324 419 324
420 324 420 324
421 324 421 324
424 324 424 325
425 324 425 324
428 324 428 324
429 324 429 325
434 324 434 323
435 324 436 325
437 324 438 325
406 326 406 326
409 326 409 326
410 326 410 326
411 326 411 326
414 326 414 326
415 326 415 326
416 326 416 326
418 326 418 326
419 326 419 326
420 326 420 326
423 326 423 326
424 326 424 326
425 326 425 326
428 326 428 326
430 326 430 326
432 326 431 325
407 327 407 327
409 327 409 327
411 327 411 327
415 327 415 327
416 327 416 327
418 327 418 327
419 327 419 327
420 327 420 327
423 327 423 327
424 327 424 327
425 327 425 327
428 327 428 327
432 327 431 326
406 328 406 328
407 328 407 328
409 328 409 328
410 328 410 328
411 328 411 328
414 328 414 328
416 328 416 328
418 328 418 328
419 328 419 328
420 328 420 328
423 328 423 328
424 328 424 328
425 328 425 328
428 328 428 329
429 328 429 329
393 330 393 330
395 330 395 330
396 330 396 330
397 330 397 330
398 330 398 330
400 330 400 330
401 330 401 330
402 330 402 330
403 330 403 330
405 330 405 330
406 330 406 330
407 330 407 330
409 330 409 330
410 330 410 330
411 330 411 330
412 330 412 330
415 330 415 330
416 330 416 330
418 330 418 330
419 330 419 330
420 330 420 330
421 330 421 330
423 330 423 330
424 330 424 330
425 330 425 330
428 330 428 330
429 330 429 330
395 331 395 331
396 331 396 331
397 331 397 331
398 331 398 331
400 331 400 331
401 331 401 331
402 331 402 331
403 331 403 331
405 331 405 331
406 331 406 331
407 331 407 331
409 331 409 331
410 331 410 331
411 331 411 331
412 331 412 331
415 331 415 331
416 331 416 331
418 331 418 331
419 331 419 331
420 331 420 331
423 331 423 331
425 331 425 331
427 331 427 331
428 331 428 332
429 331 429 331
432 331 432 330
393 332 393 332
395 332 395 332
396 332 396 332
397 332 397 332
398 332 398 332
400 332 400 332
402 332 402 332
405 332 405 332
406 332 406 332
407 332 407 332
409 332 409 332
410 332 410 332
411 332 411 332
412 332 412 332
414 332 414 332
416 332 416 332
418 332 418 332
419 332 419 332
420 332 420 332
423 332 423 332
424 332 424 332
425 332 425 332
427 332 426 332
428 332 428 332
429 332 429 332
432 332 432 332
435 332 437 331
393 333 393 333
395 333 395 333
396 333 396 334
397 333 397 334
398 333 398 333
400 333 400 333
401 333 401 334
402 333 402 334
403 333 403 333
405 333 405 333
406 333 406 333
407 333 407 333
409 333 409 333
410 333 410 333
411 333 411 333
412 333 412 333
414 333 414 334
418 333 418 333
419 333 419 333
420 333 420 333
423 333 423 334
424 333 424 334
425 333 425 334
427 333 426 334
428 333 428 334
429 333 429 334
432 333 432 334
393 335 393 335
395 335 395 335
396 335 396 335
397 335 397 335
398 335 398 335
400 335 400 335
402 335 402 335
403 335 403 335
405 335 405 335
406 335 406 335
407 335 407 335
409 335 409 335
410 335 410 335
411 335 411 335
412 335 412 335
414 335 414 335
416 335 416 335
418 335 418 335
419 335 419 335
420 335 420 335
423 335 423 335
424 335 424 335
425 335 425 335
427 335 427 335
429 335 429 335
433 335 432 337
393 336 393 336
395 336 395 336
396 336 396 336
397 336 397 336
400 336 400 336
401 336 401 336
402 336 402 336
403 336 403 336
406 336 406 336
407 336 407 336
409 336 409 336
410 336 410 336
411 336 411 336
412 336 412 336
415 336 415 336
416 336 416 336
418 336 418 336
419 336 419 336
424 336 424 336
425 336 425 336
428 336 428 336
429 336 429 336
430 336 430 336
398 337 398 337
403 337 403 337
405 337 405 337
406 337 406 337
407 337 407 337
409 337 409 337
410 337 410 337
411 337 411 337
415 337 415 337
416 337 416 337
418 337 418 337
419 337 419 337
421 337 421 337
423 337 423 337
425 337 425 337
428 337 428 337
430 337 430 337
393 339 393 339
395 339 395 339
396 339 396 339
397 339 397 338
400 339 400 338
401 339 401 338
402 339 402 338
405 339 405 339
406 339 406 339
407 339 407 339
409 339 409 339
410 339 410 338
411 339 411 339
412 339 413 339
414 339 414 339
415 339 415 339
416 339 416 339
418 339 418 339
419 339 419 339
421 339 421 339
423 339 423 339
424 339 424 339
427 339 427 339
428 339 428 339
429 339 429 338
393 340 393 340
396 340 396 340
397 340 397 340
398 340 398 339
401 340 401 340
403 340 403 340
405 340 405 340
406 340 406 340
410 340 410 340
411 340 411 340
412 340 413 340
414 340 414 340
416 340 416 340
419 340 419 340
420 340 420 340
423 340 423 340
424 340 424 340
427 340 426 340
428 340 428 340
429 340 429 340
393 341 393 341
398 341 398 340
400 341 400 341
402 341 402 341
403 341 404 341
405 341 405 341
406 341 406 341
407 341 407 341
409 341 409 341
410 341 410 341
411 341 411 341
412 341 412 341
414 341 414 341
415 341 415 341
421 341 421 341
423 341 423 341
424 341 424 341
393 342 393 342
395 342 395 342
396 342 396 342
400 342 400 342
401 342 401 342
402 342 402 342
405 342 405 342
406 342 406 342
407 342 407 342
409 342 409 342
410 342 410 342
411 342 411 342
415 342 415 342
416 342 416 342
418 342 418 342
419 342 419 342
420 342 420 342
421 342 421 343
423 342 422 342
393 344 393 344
395 344 394 344
397 344 397 343
398 344 398 343
400 344 400 343
402 344 402 344
403 344 403 344
405 344 405 344
406 344 406 344
407 344 407 344
409 344 409 344
411 344 411 344
412 344 412 344
414 344 414 343
421 344 421 344
393 345 393 345
395 345 394 345
396 345 396 345
397 345 397 345
398 345 398 345
400 345 400 345
401 345 401 345
402 345 402 345
403 345 403 345
406 345 406 345
409 345 409 345
410 345 410 345
411 345 411 345
412 345 412 345
415 345 415 345
421 345 423 343
395 346 395 346
396 346 396 346
397 346 397 346
398 346 398 346
400 346 400 346
401 346 401 346
405 346 405 346
406 346 406 346
407 346 407 346
409 346 409 346
410 346 410 346
412 346 412 346
414 346 414 346
415 346 415 346
418 346 418 346
419 346 418 347
395 348 395 347
396 348 396 347
397 348 397 347
401 348 401 347
402 348 402 347
403 348 403 347
405 348 405 348
407 348 407 347
411 348 411 348
412 348 412 348
414 348 414 348
415 348 415 348
416 348 416 347
396 349 396 348
398 349 398 349
400 349 400 349
401 349 401 349
402 349 402 349
403 349 403 349
405 349 405 349
406 349 406 349
407 349 407 349
409 349 409 349
411 349 411 349
412 349 412 349
414 349 414 349
415 349 415 349
397 350 397 350
398 350 398 350
400 350 400 350
401 350 401 350
402 350 402 350
403 350 403 350
405 350 405 350
406 350 406 350
407 350 407 350
409 350 409 350
410 350 410 350
411 350 411 350
412 350 412 350
