420 315 418 316
423 315 422 317
425 315 423 317
417 317 416 318
418 317 417 318
420 317 418 318
423 317 422 318
425 317 423 318
413 318 412 319
417 318 415 319
420 318 418 319
422 318 420 319
423 318 422 319
411 319 408 321
412 319 410 320
414 319 413 320
418 319 417 320
412 320 410 322
413 320 411 322
414 320 413 322
420 320 418 322
423 320 421 322
425 320 423 322
427 320 425 322
412 322 410 323
413 322 411 323
417 322 415 323
418 322 416 323
420 322 418 323
422 322 420 323
423 322 421 323
425 322 423 323
418 323 416 324
421 323 419 325
422 323 420 325
423 323 421 325
428 323 426 325
413 324 411 325
414 324 413 325
421 324 418 326
422 324 420 326
423 324 421 326
425 324 423 326
408 325 407 327
409 325 408 327
412 325 410 327
413 325 411 327
414 325 413 327
418 325 416 327
428 325 426 327
433 325 433 325
407 327 405 328
408 327 406 328
409 327 408 328
412 327 410 328
413 327 411 328
414 327 413 328
417 327 415 328
418 327 416 328
421 327 420 328
423 327 422 328
425 327 423 328
428 327 426 328
431 327 430 326
432 327 431 326
433 327 433 326
407 328 405 329
408 328 406 329
409 328 408 329
412 328 410 329
413 328 411 329
414 328 413 330
417 328 415 330
418 328 416 330
420 328 418 330
422 328 420 330
423 328 421 329
425 328 423 330
427 328 425 330
431 328 430 328
432 328 431 328
433 328 433 328
412 329 410 331
413 329 411 331
414 329 413 331
418 329 416 331
422 329 420 331
427 329 425 331
432 329 431 330
433 329 433 330
397 330 395 331
398 330 396 331
401 330 399 331
402 330 400 331
403 330 401 331
406 330 404 332
407 330 405 332
408 330 406 332
409 330 408 331
420 330 418 332
423 330 422 332
425 330 423 332
430 330 428 331
432 330 432 331
433 330 433 332
436 330 435 331
397 332 395 333
398 332 396 333
401 332 399 333
402 332 400 333
403 332 401 333
406 332 404 333
407 332 405 333
408 332 406 333
409 332 408 333
412 332 410 333
413 332 411 333
414 332 413 333
416 332 414 333
418 332 417 333
420 332 418 333
422 332 420 333
423 332 421 333
425 332 423 333
427 332 425 334
430 332 428 333
431 332 429 333
401 333 399 334
402 333 400 334
403 333 401 334
404 333 403 334
407 333 405 334
408 333 406 334
412 333 410 334
413 333 411 334
414 333 413 335
417 333 415 334
418 333 416 334
420 333 418 335
422 333 420 335
423 333 421 335
425 333 423 335
427 333 425 335
428 333 426 335
430 333 428 335
431 333 429 335
397 334 395 335
398 334 396 335
411 334 408 336
412 334 410 336
414 334 413 336
417 334 415 336
418 334 416 336
420 334 418 336
422 334 420 336
423 334 421 336
425 334 423 336
427 334 425 336
430 334 428 336
394 336 392 335
397 336 395 336
398 336 397 336
401 336 399 336
402 336 400 336
403 336 401 336
406 336 404 336
407 336 405 336
408 336 406 336
425 336 423 338
428 336 426 337
431 336 429 337
396 337 394 338
397 337 395 338
398 337 396 338
401 337 398 338
402 337 400 338
403 337 401 338
408 337 406 338
409 337 408 338
412 337 410 338
413 337 411 338
414 337 413 338
417 337 415 339
418 337 416 338
420 337 418 338
422 337 420 339
423 337 421 339
427 337 425 339
428 337 426 338
430 337 428 338
431 337 429 338
397 338 395 339
398 338 396 339
401 338 399 339
402 338 400 339
404 338 403 339
407 338 405 340
408 338 406 339
409 338 408 339
412 338 410 339
413 338 411 339
414 338 413 340
417 338 415 340
418 338 416 340
420 338 418 340
422 338 420 340
423 338 421 340
425 338 422 340
427 338 425 340
428 338 426 339
430 338 428 339
431 338 431 338
396 339 393 340
401 339 399 340
402 339 400 340
407 339 404 341
408 339 406 341
412 339 410 341
414 339 413 341
417 339 415 341
418 339 416 341
396 341 393 341
404 341 403 342
409 341 408 342
421 341 418 343
422 341 420 343
425 341 423 341
393 342 391 343
396 342 393 343
399 342 397 343
401 342 399 343
402 342 400 343
403 342 401 343
404 342 403 343
407 342 405 343
408 342 406 343
409 342 408 343
412 342 410 343
413 342 411 343
414 342 413 343
417 342 415 343
418 342 416 343
393 343 391 344
396 343 393 344
397 343 395 344
401 343 399 344
402 343 400 344
403 343 401 344
404 343 403 344
407 343 405 344
408 343 406 344
409 343 408 344
412 343 410 344
413 343 411 344
414 343 413 344
416 343 414 345
418 343 416 345
423 343 423 343
393 344 391 346
396 344 393 346
401 344 399 346
402 344 400 345
406 344 404 346
407 344 405 346
408 344 406 345
414 344 413 346
418 344 418 344
420 344 420 344
393 346 391 347
409 346 408 347
412 346 410 347
416 346 414 347
396 347 394 348
398 347 396 348
402 347 400 348
403 347 401 348
407 347 405 348
408 347 406 348
409 347 408 348
412 347 410 348
413 347 412 348
414 347 413 348
396 348 394 350
397 348 395 349
398 348 396 349
402 348 400 349
403 348 401 349
404 348 403 349
407 348 405 350
408 348 406 349
409 348 408 349
412 348 410 349
413 348 412 349
417 348 417 348
397 349 394 350
401 349 399 350
402 349 400 351
403 349 401 350
408 349 406 350
