411 314 411 314
412 314 412 314
413 314 413 314
414 314 414 314
416 314 416 314
417 314 417 314
418 314 418 314
420 314 420 314
421 314 421 314
423 314 423 314
425 314 425 314
426 314 426 314
427 314 427 314
428 314 428 314
412 315 412 315
413 315 413 315
414 315 414 315
416 315 416 315
418 315 418 315
420 315 419 315
421 315 421 315
422 315 422 315
423 315 423 315
425 315 425 315
426 315 426 315
411 317 411 317
412 317 412 317
413 317 413 317
416 317 416 317
417 317 417 317
418 317 418 317
420 317 419 317
421 317 421 317
422 317 422 317
423 317 423 317
425 317 425 317
426 317 426 317
409 318 409 318
411 318 411 318
412 318 412 318
413 318 413 318
416 318 416 318
417 318 417 318
418 318 418 318
420 318 419 318
421 318 421 318
422 318 422 318
423 318 423 318
425 318 425 318
427 318 427 318
435 318 436 318
411 319 411 319
412 319 412 319
413 319 413 319
414 319 414 319
417 319 417 319
418 319 418 319
420 319 420 319
421 319 421 319
422 319 422 319
423 319 423 319
425 319 425 319
427 319 427 319
411 320 411 320
412 320 412 320
413 320 413 321
414 320 414 321
417 320 417 320
418 320 418 320
420 320 420 320
421 320 421 320
422 320 422 320
423 320 423 320
425 320 425 320
426 320 426 320
427 320 427 321
413 322 413 322
414 322 414 322
417 322 417 322
418 322 418 322
420 322 420 322
421 322 421 322
422 322 422 322
423 322 423 322
425 322 425 322
428 322 428 322
432 322 432 322
433 322 434 322
407 323 407 323
408 323 408 323
411 323 411 323
413 323 413 323
414 323 415 324
416 323 416 323
417 323 417 323
418 323 418 323
420 323 420 323
421 323 421 323
422 323 422 323
423 323 423 323
426 323 426 323
428 323 428 323
430 323 430 323
431 323 431 323
406 324 406 324
407 324 407 324
408 324 408 324
411 324 411 324
412 324 412 324
414 324 415 325
425 324 425 324
406 325 406 325
408 325 408 325
409 325 409 325
412 325 412 326
413 325 413 326
414 325 415 326
417 325 417 325
418 325 418 325
420 325 420 325
421 325 421 325
422 325 422 325
423 325 423 325
428 325 428 325
406 327 406 327
411 327 411 327
416 327 416 327
417 327 417 327
418 327 418 327
420 327 420 327
421 327 421 327
422 327 422 327
423 327 423 327
425 327 425 327
426 327 426 327
427 327 427 327
428 327 428 327
430 327 430 327
431 327 431 327
433 327 433 326
406 328 406 328
407 328 407 328
412 328 412 328
413 328 413 328
414 328 415 328
416 328 416 328
417 328 417 328
418 328 418 328
420 328 420 328
421 328 421 328
422 328 422 328
423 328 423 328
425 328 425 328
426 328 426 328
427 328 427 328
428 328 428 328
430 328 430 328
406 329 406 329
407 329 407 329
409 329 409 329
411 329 411 329
412 329 412 329
413 329 413 329
414 329 415 329
416 329 416 329
417 329 417 329
418 329 418 329
420 329 420 329
421 329 421 329
422 329 422 329
423 329 423 329
425 329 425 329
426 329 426 329
427 329 427 329
428 329 428 329
393 330 393 330
396 330 396 330
397 330 397 330
402 330 402 330
404 330 404 330
409 330 409 330
411 330 411 330
413 330 413 330
416 330 416 330
417 330 417 330
418 330 418 331
420 330 420 331
421 330 421 330
422 330 422 330
423 330 423 330
425 330 425 330
426 330 426 330
427 330 427 330
428 330 428 330
432 330 432 330
433 330 434 330
435 330 435 330
393 332 393 332
396 332 396 332
397 332 397 332
398 332 398 332
399 332 399 332
401 332 401 332
402 332 402 332
403 332 403 332
407 332 407 332
408 332 408 332
409 332 409 332
411 332 411 332
412 332 412 332
413 332 413 332
414 332 415 332
416 332 416 332
417 332 417 332
418 332 418 332
420 332 420 332
421 332 421 332
422 332 422 332
423 332 423 332
425 332 425 332
426 332 426 332
427 332 427 332
428 332 428 332
430 332 430 332
431 332 431 332
432 332 432 332
433 332 434 331
436 332 438 330
393 333 393 333
396 333 396 333
397 333 397 333
398 333 398 333
399 333 399 333
401 333 401 333
404 333 404 333
406 333 406 333
407 333 407 333
408 333 408 333
409 333 409 333
411 333 411 333
412 333 412 333
413 333 413 333
414 333 415 333
416 333 416 333
417 333 417 333
418 333 418 333
420 333 420 333
421 333 421 333
422 333 422 333
423 333 423 333
425 333 425 333
426 333 426 333
427 333 427 333
428 333 428 333
430 333 430 333
431 333 431 333
432 333 432 333
433 333 434 333
435 333 435 333
393 334 393 334
394 334 394 334
398 334 398 334
399 334 399 334
401 334 401 334
403 334 403 334
406 334 406 334
407 334 407 334
408 334 408 334
409 334 409 334
411 334 411 334
412 334 412 334
413 334 413 334
414 334 415 334
416 334 416 334
417 334 417 334
418 334 418 334
420 334 420 334
421 334 421 334
422 334 422 334
423 334 423 334
425 334 425 334
426 334 426 334
427 334 427 334
428 334 428 334
430 334 430 334
431 334 431 334
433 334 433 334
435 334 435 334
393 336 393 335
394 336 394 335
396 336 396 336
397 336 397 335
398 336 398 335
399 336 399 335
401 336 401 335
403 336 403 335
404 336 404 335
406 336 406 335
407 336 407 335
408 336 408 336
409 336 409 336
411 336 411 336
412 336 412 336
413 336 413 336
414 336 415 336
416 336 416 336
417 336 417 335
418 336 418 336
420 336 420 336
421 336 421 336
422 336 422 335
423 336 423 335
425 336 425 335
426 336 426 335
427 336 427 335
428 336 428 335
430 336 430 336
431 336 431 336
432 336 432 336
393 337 393 337
394 337 394 337
396 337 396 337
397 337 397 337
399 337 399 336
401 337 401 336
403 337 403 337
404 337 404 337
406 337 406 337
407 337 407 337
408 337 408 337
409 337 409 337
411 337 411 337
412 337 412 337
413 337 413 337
414 337 415 337
416 337 416 337
417 337 417 337
418 337 418 337
420 337 420 337
421 337 421 337
422 337 422 337
423 337 423 337
425 337 425 337
426 337 426 337
427 337 427 337
428 337 428 337
430 337 430 337
431 337 431 337
432 337 432 337
393 338 393 338
394 338 394 338
396 338 396 338
398 338 398 338
399 338 399 337
401 338 401 338
402 338 402 338
403 338 403 338
404 338 404 338
407 338 407 338
408 338 408 338
409 338 409 338
411 338 411 338
412 338 412 338
413 338 413 338
414 338 415 338
416 338 416 338
417 338 417 338
418 338 418 338
420 338 420 338
421 338 421 338
422 338 422 338
423 338 423 338
425 338 425 338
426 338 426 338
427 338 427 338
428 338 428 338
431 338 430 339
393 339 393 339
394 339 394 339
396 339 396 339
397 339 397 339
398 339 398 339
399 339 399 339
401 339 401 339
402 339 402 339
403 339 403 339
404 339 405 339
407 339 407 339
408 339 408 339
409 339 409 339
411 339 411 339
412 339 412 339
413 339 413 339
414 339 415 339
416 339 416 339
417 339 417 339
418 339 418 339
420 339 420 339
421 339 421 339
422 339 422 339
423 339 423 339
425 339 425 339
426 339 426 339
427 339 427 339
428 339 429 339
430 339 428 340
393 341 393 341
394 341 394 341
396 341 396 340
398 341 398 340
399 341 399 340
401 341 401 340
402 341 402 340
403 341 403 340
404 341 405 340
407 341 407 341
408 341 408 341
409 341 409 341
411 341 411 341
412 341 412 341
414 341 415 340
416 341 416 341
417 341 417 341
418 341 418 341
420 341 420 341
421 341 421 341
422 341 422 341
423 341 423 341
425 341 425 341
426 341 426 341
393 342 393 342
394 342 394 342
396 342 396 342
397 342 397 342
398 342 398 341
399 342 399 341
401 342 401 342
402 342 402 342
403 342 403 342
406 342 406 342
407 342 407 342
408 342 408 342
409 342 409 342
411 342 411 342
412 342 412 342
413 342 413 342
414 342 415 342
416 342 416 342
417 342 417 342
418 342 418 342
420 342 419 342
421 342 421 342
422 342 422 342
423 342 423 342
393 343 393 343
394 343 394 343
396 343 396 343
397 343 397 343
401 343 401 343
403 343 403 343
404 343 404 343
406 343 406 343
407 343 407 343
408 343 408 343
409 343 409 343
411 343 411 343
412 343 412 343
413 343 413 343
414 343 415 343
416 343 416 343
417 343 417 343
418 343 418 343
420 343 419 343
421 343 420 343
422 343 422 343
423 343 423 343
393 344 393 344
394 344 394 344
396 344 396 344
401 344 401 345
403 344 403 344
404 344 404 344
406 344 406 344
407 344 407 344
408 344 408 344
409 344 409 344
411 344 411 344
412 344 412 344
413 344 413 344
414 344 415 344
416 344 416 344
417 344 417 344
418 344 418 344
420 344 420 344
393 346 393 346
394 346 394 346
396 346 396 346
401 346 401 346
403 346 403 346
404 346 404 346
406 346 406 346
407 346 407 346
408 346 408 346
409 346 409 346
411 346 411 346
412 346 412 346
413 346 413 346
414 346 415 346
416 346 416 346
417 346 417 346
418 346 418 346
394 347 394 347
396 347 396 347
397 347 397 347
398 347 398 347
399 347 399 347
401 347 401 347
403 347 403 347
404 347 404 347
406 347 406 347
407 347 407 347
408 347 408 347
409 347 409 347
411 347 411 347
412 347 412 347
413 347 413 347
414 347 415 347
416 347 416 347
417 347 417 347
418 347 418 347
396 348 396 348
397 348 397 348
398 348 398 348
399 348 399 348
401 348 401 348
402 348 402 348
403 348 403 348
406 348 406 348
407 348 407 348
408 348 408 348
409 348 409 348
411 348 411 348
412 348 412 348
413 348 413 348
414 348 415 348
416 348 416 348
417 348 417 348
396 349 396 349
397 349 397 349
398 349 398 349
399 349 399 349
401 349 401 349
403 349 403 349
404 349 404 349
406 349 406 349
407 349 407 349
408 349 408 349
409 349 409 349
411 349 411 349
412 349 412 349
413 349 413 349
414 349 415 349
