412 303 412 303
407 304 406 304
408 304 408 304
410 304 410 304
412 304 412 304
415 304 415 304
405 306 405 306
408 306 408 306
410 306 410 306
413 306 413 306
415 306 415 306
417 306 417 306
418 306 418 306
420 306 420 306
422 306 422 306
423 306 423 306
425 306 425 306
427 306 427 306
428 306 427 305
430 306 429 306
405 308 405 308
407 308 407 308
412 308 412 308
413 308 413 308
415 308 415 308
417 308 417 308
418 308 418 308
420 308 420 308
422 308 422 308
425 308 425 308
427 308 427 308
428 308 428 308
430 308 430 308
407 309 407 309
408 309 408 309
410 309 410 309
412 309 412 309
413 309 413 309
415 309 415 309
417 309 417 309
418 309 418 309
420 309 420 309
422 309 422 309
423 309 423 309
428 309 428 309
430 309 430 309
405 311 405 311
408 311 408 311
410 311 410 311
412 311 412 311
413 311 413 311
415 311 415 311
417 311 417 311
418 311 418 311
420 311 420 311
422 311 422 311
423 311 423 311
425 311 425 311
427 311 427 311
428 311 428 311
430 311 430 311
372 313 372 313
374 313 374 313
375 313 375 313
405 313 405 313
407 313 407 313
408 313 408 313
410 313 410 313
413 313 413 313
415 313 415 313
417 313 417 313
418 313 418 313
420 313 420 313
422 313 422 313
423 313 423 313
425 313 425 313
427 313 427 313
428 313 428 313
430 313 430 313
372 314 372 314
374 314 374 314
375 314 375 314
377 314 377 314
399 314 399 314
400 314 400 314
402 314 402 314
404 314 403 314
405 314 405 314
408 314 408 314
410 314 410 314
412 314 412 314
413 314 413 314
415 314 415 314
417 314 417 314
418 314 418 314
420 314 420 314
422 314 422 314
423 314 423 314
425 314 425 314
427 314 427 314
428 314 428 314
430 314 430 315
372 316 372 316
374 316 374 316
375 316 375 316
377 316 377 316
397 316 397 316
399 316 399 316
400 316 400 316
402 316 402 316
404 316 403 316
405 316 405 316
407 316 407 316
408 316 408 316
410 316 410 316
413 316 414 316
415 316 415 316
417 316 417 316
418 316 418 316
420 316 420 316
422 316 421 316
423 316 423 316
428 316 428 316
430 316 430 316
372 318 372 318
374 318 374 318
375 318 375 318
377 318 377 318
397 318 397 318
399 318 398 318
400 318 400 318
402 318 402 318
404 318 404 318
405 318 405 318
407 318 407 318
408 318 409 317
410 318 410 318
412 318 412 318
413 318 414 318
415 318 415 318
417 318 417 318
418 318 418 318
420 318 420 318
422 318 422 318
423 318 423 318
425 318 425 317
427 318 427 317
372 319 372 319
374 319 374 319
375 319 375 319
377 319 377 319
379 319 379 319
395 319 395 319
397 319 397 319
399 319 398 319
400 319 400 319
402 319 402 319
404 319 403 319
405 319 405 319
407 319 407 319
408 319 408 319
410 319 410 319
412 319 412 319
413 319 413 319
415 319 415 319
417 319 417 319
418 319 418 319
420 319 420 319
422 319 422 319
423 319 423 319
372 321 372 321
374 321 374 321
375 321 375 321
377 321 377 321
379 321 379 321
380 321 380 321
394 321 394 321
395 321 395 321
397 321 397 321
399 321 398 321
400 321 400 321
402 321 402 321
404 321 403 321
405 321 405 321
407 321 407 321
408 321 408 321
410 321 410 321
412 321 412 321
413 321 414 321
415 321 415 321
417 321 417 321
418 321 418 321
420 321 420 321
423 321 423 321
428 321 428 321
374 323 374 323
375 323 375 323
377 323 377 323
379 323 379 323
380 323 380 323
382 323 382 323
389 323 388 323
390 323 390 323
392 323 392 323
394 323 393 323
395 323 395 323
397 323 397 323
399 323 398 323
400 323 400 322
402 323 402 323
404 323 403 323
405 323 405 323
407 323 407 323
408 323 408 323
410 323 410 323
412 323 412 323
415 323 415 323
417 323 417 323
418 323 418 323
420 323 420 323
427 323 427 323
372 324 372 324
375 324 375 324
377 324 377 324
379 324 379 324
380 324 380 325
382 324 382 324
385 324 385 324
387 324 387 324
389 324 389 324
390 324 390 324
392 324 392 324
394 324 393 324
395 324 395 324
397 324 397 324
399 324 398 324
400 324 400 324
402 324 402 324
404 324 403 324
405 324 405 324
407 324 407 324
408 324 408 324
410 324 410 324
413 324 414 323
417 324 417 324
418 324 418 324
420 324 420 324
422 324 422 324
423 324 423 324
425 324 425 324
372 326 372 326
374 326 374 326
375 326 375 326
377 326 377 326
379 326 379 326
380 326 380 326
382 326 382 326
384 326 384 326
385 326 385 326
387 326 387 326
389 326 389 326
390 326 390 326
392 326 392 326
394 326 394 326
395 326 395 326
397 326 397 326
399 326 398 326
400 326 400 326
402 326 402 326
404 326 403 326
405 326 405 326
407 326 407 326
408 326 408 326
413 326 414 325
415 326 415 325
417 326 417 326
418 326 418 326
420 326 420 326
422 326 422 326
423 326 423 326
425 326 425 326
427 326 427 325
428 326 428 326
430 326 430 326
372 328 372 328
374 328 374 328
375 328 375 328
377 328 377 328
379 328 379 328
382 328 382 328
384 328 384 328
385 328 385 328
387 328 387 327
389 328 388 328
390 328 390 328
392 328 392 328
394 328 394 328
395 328 395 327
397 328 397 327
399 328 398 328
400 328 400 327
402 328 402 327
404 328 403 327
405 328 405 327
407 328 407 328
408 328 408 328
410 328 410 328
412 328 412 327
413 328 414 327
415 328 415 327
417 328 417 328
418 328 418 328
420 328 420 327
423 328 423 327
425 328 425 328
427 328 427 326
430 328 430 328
374 329 374 329
375 329 375 329
377 329 377 329
379 329 379 329
380 329 380 329
382 329 382 329
384 329 384 329
385 329 385 329
387 329 387 329
389 329 389 329
390 329 390 329
392 329 392 329
394 329 393 329
395 329 395 329
397 329 397 329
399 329 398 329
400 329 400 329
402 329 402 329
407 329 407 329
408 329 408 329
410 329 410 329
412 329 412 329
413 329 413 329
415 329 415 329
417 329 417 329
418 329 418 329
420 329 420 329
422 329 422 329
427 329 427 329
428 329 428 328
433 329 433 330
435 329 435 330
374 331 374 331
375 331 375 331
377 331 377 331
379 331 378 331
380 331 380 331
382 331 382 331
384 331 384 331
385 331 385 331
387 331 387 331
389 331 388 331
390 331 390 331
392 331 392 331
394 331 393 331
395 331 395 331
397 331 397 331
399 331 398 331
400 331 400 331
402 331 402 331
404 331 403 331
405 331 405 331
407 331 407 331
408 331 408 331
410 331 410 331
415 331 415 331
417 331 417 331
418 331 418 331
420 331 420 331
422 331 422 331
423 331 423 330
425 331 425 330
427 331 427 331
428 331 428 331
433 331 433 331
435 331 435 331
374 332 374 333
375 332 375 333
377 332 377 332
379 332 378 332
380 332 380 333
382 332 382 333
387 332 387 332
389 332 388 332
390 332 390 332
392 332 392 333
394 332 393 333
395 332 395 333
397 332 397 332
399 332 398 332
400 332 400 333
402 332 402 333
404 332 403 333
405 332 405 332
407 332 407 333
408 332 408 332
410 332 410 333
412 332 412 333
413 332 414 333
415 332 415 332
417 332 417 333
418 332 418 332
420 332 420 333
422 332 422 333
423 332 423 333
425 332 425 333
427 332 427 333
430 332 430 332
432 332 432 332
435 332 435 333
374 334 374 334
379 334 378 334
380 334 380 334
382 334 382 334
384 334 384 334
385 334 385 334
387 334 387 334
389 334 388 334
390 334 390 334
392 334 392 334
394 334 394 334
395 334 395 334
397 334 397 334
399 334 398 334
400 334 400 334
402 334 402 334
404 334 403 334
405 334 405 334
407 334 407 334
408 334 408 334
410 334 410 334
412 334 412 334
413 334 413 334
415 334 415 334
417 334 417 334
418 334 418 334
420 334 420 334
422 334 422 334
423 334 423 334
425 334 425 334
427 334 427 334
428 334 428 334
432 334 432 334
377 336 377 336
379 336 379 336
380 336 380 336
382 336 382 336
384 336 384 336
385 336 385 336
390 336 390 336
392 336 392 336
394 336 394 336
397 336 397 336
399 336 399 336
400 336 400 336
402 336 402 336
404 336 403 336
405 336 405 336
407 336 407 336
408 336 408 336
410 336 410 336
412 336 412 336
413 336 413 336
415 336 415 336
417 336 417 336
418 336 418 336
420 336 420 336
422 336 422 336
423 336 423 336
425 336 425 336
427 336 427 336
428 336 428 336
430 336 430 336
380 337 380 338
382 337 382 338
384 337 384 337
385 337 385 338
394 337 394 338
395 337 395 338
397 337 397 337
399 337 398 337
400 337 400 337
402 337 402 338
404 337 403 338
405 337 405 338
407 337 407 337
408 337 408 337
410 337 410 338
412 337 412 338
413 337 413 338
415 337 415 338
417 337 417 337
418 337 418 338
420 337 420 337
422 337 422 337
423 337 423 338
425 337 425 337
427 337 427 338
428 337 428 338
430 337 430 337
382 339 382 339
384 339 384 339
385 339 385 339
387 339 387 339
390 339 390 339
392 339 392 339
394 339 393 340
395 339 395 339
397 339 397 339
399 339 398 339
400 339 400 339
402 339 402 339
404 339 403 339
405 339 405 339
407 339 407 339
408 339 408 339
410 339 410 339
412 339 412 339
413 339 413 339
415 339 415 339
417 339 417 339
418 339 418 339
420 339 420 339
423 339 423 339
425 339 425 339
427 339 427 339
428 339 428 339
430 339 430 339
384 341 384 341
387 341 387 341
390 341 390 341
392 341 392 341
394 341 394 341
395 341 395 341
397 341 397 341
399 341 398 341
400 341 400 341
402 341 402 341
404 341 403 341
405 341 405 341
407 341 407 341
408 341 408 341
410 341 410 341
412 341 412 341
413 341 413 341
415 341 415 341
417 341 417 341
422 341 422 341
423 341 423 341
425 341 425 341
385 342 385 342
390 342 390 342
392 342 392 342
394 342 394 342
395 342 395 343
397 342 397 343
399 342 398 342
400 342 400 342
402 342 402 342
404 342 403 342
405 342 405 343
407 342 407 342
408 342 408 343
410 342 410 343
412 342 412 343
413 342 413 343
415 342 415 342
417 342 417 342
418 342 418 342
423 342 423 342
389 344 388 344
390 344 390 344
392 344 392 344
394 344 393 344
395 344 395 344
397 344 397 344
399 344 399 344
400 344 400 344
402 344 402 344
404 344 403 344
405 344 405 344
407 344 407 344
408 344 408 344
410 344 410 344
412 344 412 345
413 344 413 344
415 344 415 344
417 344 417 344
418 344 418 344
420 344 420 344
422 344 422 343
390 346 390 346
392 346 392 346
394 346 393 346
397 346 397 346
399 346 399 346
400 346 400 346
402 346 402 346
404 346 403 346
405 346 405 346
407 346 407 346
408 346 408 346
410 346 410 346
412 346 412 346
413 346 413 346
415 346 415 346
417 346 417 346
418 346 418 346
390 347 390 347
392 347 392 348
399 347 399 348
400 347 400 347
402 347 402 348
404 347 403 347
405 347 405 347
407 347 407 347
408 347 408 347
410 347 410 348
412 347 412 347
413 347 413 347
415 347 415 347
417 347 417 347
418 347 418 347
394 349 393 349
395 349 395 348
399 349 399 349
400 349 400 349
402 349 402 349
404 349 403 349
405 349 405 349
407 349 407 349
408 349 408 349
410 349 410 349
412 349 412 349
413 349 413 349
395 351 395 351
397 351 397 351
399 351 399 351
400 351 400 351
405 351 405 351
407 351 407 351
408 351 408 351
410 351 410 351
