440 279 433 288
433 280 426 290
434 280 428 289
431 282 425 291
433 282 426 291
434 282 428 291
437 282 430 291
439 282 431 291
443 282 436 291
446 282 439 291
431 283 425 293
433 283 426 293
436 283 428 293
437 283 430 293
439 283 432 293
446 283 438 292
454 283 441 290
431 285 425 295
433 285 426 295
436 285 428 294
437 285 430 294
439 285 432 294
440 285 433 294
442 285 435 295
448 285 440 294
449 285 441 294
457 285 444 291
431 286 425 296
433 286 426 296
434 286 427 296
437 286 430 296
439 286 432 296
440 286 433 296
442 286 435 296
443 286 436 296
445 286 438 296
454 286 444 294
455 286 446 294
457 286 447 294
458 286 446 293
459 286 450 294
431 287 425 298
433 287 426 298
434 287 427 298
437 287 430 298
439 287 432 298
440 287 433 298
442 287 435 298
443 287 436 298
445 287 438 298
446 287 439 298
454 287 445 296
455 287 446 296
457 287 448 296
464 287 456 296
465 287 457 296
473 287 467 298
474 287 469 298
482 287 479 298
431 289 425 301
433 289 426 299
434 289 428 299
436 289 429 299
439 289 432 299
440 289 433 299
442 289 435 299
443 289 436 299
445 289 438 299
446 289 439 299
448 289 441 299
449 289 441 299
452 289 443 298
454 289 445 298
455 289 447 298
458 289 449 297
459 289 451 297
461 289 453 298
462 289 454 298
464 289 456 298
465 289 458 298
468 289 462 298
471 289 465 300
473 289 467 300
474 289 469 300
476 289 471 300
477 289 472 300
433 290 427 301
434 290 428 301
436 290 429 301
437 290 431 301
440 290 433 301
442 290 435 301
443 290 436 301
445 290 438 301
446 290 439 301
448 290 441 301
451 290 443 300
452 290 445 300
454 290 446 300
455 290 447 299
457 290 449 299
458 290 451 300
461 290 453 300
462 290 455 300
464 290 456 300
465 290 458 300
467 290 460 301
468 290 462 300
470 290 464 301
471 290 465 301
473 290 467 301
474 290 469 301
476 290 471 301
477 290 472 301
479 290 475 302
482 290 479 301
433 292 427 303
434 292 428 303
436 292 430 303
437 292 431 303
440 292 433 303
442 292 435 303
443 292 437 303
445 292 438 303
446 292 440 303
448 292 441 302
449 292 442 302
451 292 444 302
454 292 446 302
455 292 448 302
457 292 449 302
458 292 450 302
459 292 452 302
461 292 454 302
464 292 456 302
465 292 458 301
467 292 460 302
468 292 462 302
470 292 464 302
471 292 465 303
473 292 467 303
474 292 469 303
476 292 471 303
477 292 472 303
479 292 474 303
482 292 479 303
433 293 426 304
434 293 428 304
436 293 429 305
437 293 431 305
439 293 432 305
440 293 434 305
443 293 437 304
445 293 438 304
446 293 440 304
448 293 441 304
449 293 442 304
451 293 444 304
452 293 446 304
454 293 448 304
457 293 449 303
458 293 450 303
459 293 452 303
461 293 454 303
462 293 455 303
465 293 458 303
467 293 460 304
468 293 462 304
470 293 464 304
471 293 465 304
473 293 467 304
474 293 469 304
476 293 471 305
477 293 472 305
479 293 474 305
480 293 476 305
482 293 479 304
433 295 426 306
434 295 428 306
436 295 429 306
437 295 431 306
439 295 433 306
440 295 434 306
443 295 437 306
445 295 438 306
446 295 440 306
448 295 441 306
449 295 442 305
451 295 444 305
452 295 446 306
454 295 447 306
458 295 451 305
459 295 452 305
461 295 454 305
462 295 455 305
465 295 458 305
467 295 460 306
468 295 462 306
470 295 464 306
471 295 465 306
473 295 467 306
474 295 469 306
476 295 471 306
477 295 472 306
479 295 474 306
480 295 476 307
434 296 428 308
436 296 430 307
437 296 431 308
439 296 433 308
440 296 434 308
443 296 437 307
445 296 438 307
446 296 440 307
448 296 441 307
449 296 443 307
451 296 444 307
452 296 446 307
454 296 447 307
455 296 449 307
458 296 451 307
459 296 452 307
461 296 454 307
462 296 456 307
464 296 457 307
465 296 459 307
467 296 460 307
468 296 462 308
470 296 464 308
471 296 465 307
473 296 467 307
474 296 469 308
476 296 471 308
477 296 472 308
479 296 474 308
480 296 476 308
436 298 430 309
437 298 431 309
439 298 433 309
440 298 434 309
442 298 436 309
445 298 438 309
446 298 440 309
448 298 442 309
449 298 443 309
451 298 445 309
452 298 446 309
454 298 447 309
455 298 449 309
457 298 450 309
461 298 454 309
462 298 456 309
464 298 458 309
465 298 459 309
467 298 460 309
468 298 462 310
470 298 464 309
471 298 465 309
473 298 467 309
474 298 469 310
476 298 471 310
477 298 472 310
479 298 474 310
480 298 476 309
482 298 484 298
483 298 485 298
437 299 431 310
439 299 433 311
440 299 434 311
442 299 436 311
443 299 437 311
446 299 440 311
448 299 442 311
449 299 443 311
451 299 445 311
452 299 446 311
454 299 448 310
455 299 449 310
457 299 450 310
458 299 452 311
461 299 455 310
462 299 456 311
464 299 457 311
465 299 459 311
467 299 461 311
468 299 462 311
470 299 464 311
471 299 465 311
473 299 467 311
474 299 469 311
476 299 471 311
477 299 472 311
479 299 474 311
482 299 484 300
483 299 485 300
439 301 433 313
440 301 434 313
442 301 436 313
443 301 437 313
445 301 439 312
448 301 442 312
449 301 443 312
451 301 445 312
452 301 446 312
454 301 448 312
455 301 449 312
457 301 450 312
458 301 452 312
461 301 455 312
462 301 456 312
465 301 459 312
467 301 461 313
468 301 462 313
470 301 464 313
471 301 465 312
473 301 467 312
474 301 469 313
476 301 471 313
477 301 472 313
482 301 484 302
439 302 433 314
440 302 434 314
442 302 436 314
443 302 437 314
445 302 439 314
446 302 440 314
448 302 442 314
449 302 444 314
452 302 446 314
454 302 448 314
455 302 449 314
457 302 450 314
458 302 452 314
461 302 455 314
464 302 458 313
467 302 461 314
468 302 463 314
470 302 464 314
471 302 465 314
473 302 467 314
474 302 469 314
476 302 471 314
477 302 472 314
442 304 436 316
443 304 438 316
445 304 439 316
446 304 440 316
448 304 442 316
451 304 445 316
452 304 446 315
454 304 448 315
455 304 449 315
457 304 451 316
458 304 452 315
459 304 454 315
462 304 456 315
464 304 458 315
465 304 459 316
467 304 461 316
468 304 462 316
470 304 464 316
476 304 471 316
477 304 472 316
443 305 438 318
445 305 439 317
446 305 441 317
448 305 442 317
449 305 444 317
452 305 446 317
454 305 448 317
455 305 449 317
457 305 451 317
458 305 452 317
459 305 454 317
462 305 456 317
464 305 458 317
465 305 459 317
467 305 461 317
471 305 465 317
473 305 467 316
474 305 469 317
445 307 439 319
446 307 441 319
448 307 442 319
449 307 444 319
452 307 446 319
454 307 448 319
455 307 449 319
457 307 451 319
458 307 452 319
459 307 454 319
461 307 455 319
464 307 458 319
465 307 459 319
467 307 461 319
468 307 462 318
470 307 464 318
471 307 465 318
473 307 467 318
474 307 468 318
476 307 471 318
482 307 482 307
445 308 439 321
446 308 441 321
448 308 443 321
449 308 444 321
452 308 446 321
455 308 449 321
457 308 451 321
458 308 453 320
459 308 454 321
461 308 456 321
464 308 458 320
465 308 459 321
467 308 461 321
470 308 464 320
471 308 465 320
473 308 467 320
474 308 468 320
480 308 480 308
482 308 482 308
449 310 444 322
454 310 449 322
457 310 451 322
464 310 458 322
465 310 459 322
467 310 461 322
468 310 463 322
470 310 464 322
471 310 465 322
473 310 467 322
474 310 469 322
476 310 471 321
482 310 482 310
451 311 451 324
464 311 457 324
465 311 461 325
470 311 464 324
471 311 465 324
473 311 467 324
476 311 469 324
