439 283 379 319
440 283 381 320
437 285 379 321
440 285 381 321
439 286 380 323
442 286 383 324
437 287 379 326
440 287 381 326
448 287 404 327
464 287 421 313
465 287 423 312
467 287 425 311
468 287 427 310
471 287 415 310
480 287 425 310
436 289 379 328
437 289 379 327
440 289 381 328
442 289 414 323
464 289 399 328
471 289 394 319
442 290 414 325
443 290 384 330
448 290 419 321
449 290 404 329
451 290 407 329
464 290 400 332
439 292 392 333
442 292 382 332
443 292 384 332
445 292 386 332
446 292 418 325
448 292 418 322
449 292 420 323
451 292 406 331
454 292 409 330
455 292 427 320
464 292 400 333
471 292 427 330
443 293 384 334
445 293 385 334
446 293 387 335
448 293 402 332
449 293 404 333
451 293 406 333
452 293 408 332
455 293 410 332
457 293 411 330
458 293 413 329
471 293 421 318
473 293 423 318
483 293 438 321
437 295 393 338
443 295 383 336
445 295 385 336
448 295 387 336
449 295 405 335
452 295 407 335
457 295 411 333
462 295 433 322
465 295 401 338
471 295 427 336
445 296 385 338
446 296 386 338
448 296 388 339
449 296 404 339
451 296 390 339
454 296 409 336
461 296 415 333
464 296 434 324
465 296 436 324
470 296 425 338
443 298 385 340
445 298 386 341
448 298 389 341
451 298 406 340
455 298 410 339
457 298 412 338
459 298 413 337
461 298 415 338
462 298 417 336
464 298 420 336
465 298 402 342
467 298 404 343
443 299 386 343
446 299 387 343
451 299 406 342
452 299 407 342
455 299 410 341
457 299 412 341
458 299 414 341
461 299 416 340
462 299 418 340
464 299 420 340
465 299 437 330
470 299 407 346
445 301 387 345
448 301 389 345
452 301 407 344
454 301 408 344
457 301 412 343
458 301 414 343
459 301 415 343
461 301 399 346
462 301 418 342
464 301 436 335
468 301 405 347
470 301 407 347
471 301 409 348
445 302 387 347
446 302 388 347
449 302 390 347
452 302 392 348
457 302 411 345
458 302 413 345
459 302 414 345
461 302 417 345
462 302 400 348
465 302 402 348
468 302 406 350
446 304 388 349
449 304 390 349
451 304 392 350
454 304 393 350
457 304 411 346
458 304 412 347
459 304 414 347
461 304 416 347
464 304 402 350
467 304 404 351
468 304 405 351
471 304 408 352
473 304 411 353
474 304 413 353
451 305 392 352
454 305 393 352
458 305 413 351
459 305 414 349
461 305 416 350
464 305 401 352
465 305 403 352
468 305 405 353
470 305 407 353
471 305 409 354
449 307 391 354
459 307 415 352
467 307 404 355
468 307 439 339
470 307 406 355
471 307 408 356
473 307 410 356
476 307 423 356
471 308 407 358
465 310 401 359
467 310 404 359
468 310 406 359
473 310 442 342
457 311 407 361
474 311 419 361
476 311 421 361
