439 285 403 314
440 285 404 314
436 286 401 316
440 286 405 316
443 286 407 315
437 287 402 318
464 287 425 314
437 289 402 320
439 289 404 320
442 289 407 320
443 289 408 320
436 290 402 323
439 290 405 322
443 290 408 322
445 290 410 322
448 290 412 321
464 290 426 319
470 290 435 322
476 290 445 324
437 292 404 325
445 292 410 324
448 292 412 323
449 292 413 323
451 292 415 323
464 292 426 321
465 292 428 321
470 292 435 324
474 292 443 326
476 292 445 326
442 293 407 327
443 293 409 327
446 293 411 325
448 293 413 325
451 293 415 325
452 293 417 325
465 293 428 323
467 293 431 325
443 295 409 329
445 295 411 329
448 295 413 327
449 295 414 327
452 295 417 327
459 295 422 326
461 295 424 326
462 295 425 326
465 295 428 326
468 295 433 327
443 296 409 330
445 296 411 330
446 296 412 330
449 296 415 329
451 296 416 330
452 296 418 329
459 296 423 328
461 296 424 328
462 296 426 328
464 296 428 328
465 296 429 328
467 296 431 329
468 296 433 329
473 296 439 329
474 296 442 330
446 298 413 332
448 298 414 332
451 298 417 332
452 298 418 331
455 298 420 331
458 298 422 330
459 298 423 330
461 298 425 330
464 298 428 330
465 298 430 330
467 298 431 331
468 298 433 331
470 298 435 331
471 298 437 332
473 298 440 332
474 298 442 332
476 298 444 332
445 299 412 334
448 299 415 334
449 299 416 334
451 299 416 333
452 299 418 333
454 299 419 333
457 299 422 333
459 299 423 332
461 299 425 332
462 299 427 332
465 299 429 332
467 299 431 333
468 299 433 333
470 299 435 332
471 299 437 333
473 299 440 334
474 299 442 335
476 299 444 335
446 301 414 337
448 301 415 337
451 301 418 336
452 301 419 336
454 301 419 335
455 301 421 335
458 301 423 335
459 301 425 335
461 301 426 334
462 301 427 334
464 301 429 334
465 301 430 335
468 301 433 335
470 301 434 334
471 301 437 335
473 301 440 337
474 301 442 337
476 301 444 337
446 302 414 339
448 302 416 339
449 302 417 339
452 302 419 338
455 302 421 337
457 302 423 337
459 302 425 337
461 302 426 337
462 302 427 336
464 302 429 337
465 302 430 336
467 302 432 337
468 302 434 337
471 302 437 337
448 304 416 341
449 304 417 341
451 304 419 341
461 304 427 339
462 304 428 339
465 304 430 338
467 304 432 338
468 304 434 339
471 304 436 339
473 304 440 339
474 304 441 340
451 305 419 343
461 305 427 341
462 305 428 341
464 305 430 341
465 305 431 340
467 305 432 340
468 305 434 340
470 305 435 340
471 305 437 340
473 305 439 341
474 305 441 341
451 307 419 344
464 307 430 343
465 307 431 343
468 307 434 342
470 307 435 342
471 307 437 342
473 307 439 342
470 308 435 344
471 308 437 344
473 308 439 345
474 308 441 345
