431 286 383 321
462 286 397 323
433 287 386 325
434 287 388 326
436 287 390 326
464 287 399 328
465 287 401 328
467 287 419 325
471 287 416 313
479 287 422 314
482 287 427 314
434 289 389 329
461 289 414 319
464 289 398 330
485 289 441 328
433 290 386 330
448 290 402 333
449 290 402 331
454 290 388 330
455 290 390 330
461 290 413 321
462 290 397 333
471 290 423 331
476 290 415 341
431 292 377 331
443 292 381 329
445 292 382 329
446 292 415 326
448 292 401 335
449 292 403 335
454 292 389 332
462 292 396 335
464 292 398 336
467 292 401 338
470 292 420 332
471 292 422 332
473 292 424 333
474 292 427 335
477 292 416 343
448 293 416 328
451 293 387 334
452 293 389 335
461 293 413 331
464 293 398 338
468 293 418 333
470 293 419 336
471 293 422 335
473 293 424 336
476 293 414 345
477 293 416 345
449 295 401 339
452 295 388 336
458 295 392 337
459 295 394 338
462 295 414 334
464 295 397 339
468 295 402 342
477 295 415 347
483 295 434 329
446 296 382 334
452 296 388 337
461 296 411 337
462 296 413 336
464 296 415 336
465 296 398 340
467 296 400 341
468 296 401 343
483 296 439 340
446 298 382 336
448 298 384 337
449 298 385 339
455 298 406 341
459 298 409 340
461 298 394 342
462 298 395 342
465 298 398 343
468 298 401 345
473 298 407 348
445 299 395 345
452 299 403 345
454 299 388 341
455 299 406 344
457 299 408 343
461 299 411 343
462 299 413 342
464 299 415 342
467 299 399 345
470 299 402 346
471 299 404 348
479 299 438 346
454 301 404 346
455 301 405 345
457 301 407 345
458 301 391 344
459 301 410 345
461 301 411 345
467 301 399 347
439 302 389 349
440 302 391 348
446 302 395 349
449 302 397 348
455 302 389 345
459 302 409 347
461 302 411 347
464 302 396 348
468 302 400 349
470 302 401 349
471 302 403 350
446 304 394 351
449 304 397 350
451 304 398 351
459 304 408 349
461 304 410 349
462 304 412 350
470 304 401 352
471 304 402 353
473 304 404 353
474 304 407 354
448 305 395 353
458 305 406 351
459 305 408 351
461 305 411 351
465 305 396 351
467 305 398 352
470 305 400 353
471 305 402 354
473 305 404 355
476 305 424 349
442 307 390 352
467 307 398 354
468 307 399 355
471 307 401 356
473 307 403 356
468 308 417 352
476 308 436 341
473 310 433 343
464 311 417 358
