437 283 401 312
440 283 404 312
446 283 409 310
437 285 401 314
439 285 403 314
440 285 404 314
445 285 407 312
436 286 401 316
439 286 403 316
440 286 405 316
443 286 407 315
462 286 423 312
437 287 402 318
439 287 404 318
442 287 406 318
459 287 443 317
464 287 425 314
468 287 447 297
431 289 406 339
433 289 408 339
437 289 402 320
439 289 404 320
442 289 407 320
443 289 408 320
462 289 423 316
464 289 425 317
476 289 457 311
431 290 406 341
433 290 408 341
436 290 402 323
439 290 405 322
442 290 421 321
443 290 408 322
445 290 410 322
448 290 412 321
458 290 465 323
464 290 426 319
470 290 435 322
471 290 449 313
473 290 452 313
476 290 445 324
431 292 408 343
433 292 409 343
437 292 404 325
439 292 417 323
442 292 421 323
443 292 422 322
445 292 410 324
448 292 412 323
449 292 413 323
451 292 415 323
464 292 426 321
465 292 428 321
470 292 435 324
471 292 451 316
474 292 443 326
476 292 445 326
477 292 460 317
480 292 467 317
433 293 402 328
437 293 419 326
442 293 407 327
443 293 409 327
446 293 411 325
448 293 413 325
451 293 415 325
452 293 417 325
465 293 428 323
467 293 431 325
471 293 451 318
474 293 456 320
476 293 459 320
436 295 404 330
437 295 418 328
440 295 420 328
443 295 409 329
445 295 411 329
448 295 413 327
449 295 414 327
452 295 417 327
458 295 420 326
459 295 422 326
461 295 424 326
462 295 425 326
465 295 428 326
468 295 433 327
471 295 452 321
473 295 454 322
434 296 403 332
443 296 409 330
445 296 411 330
446 296 412 330
449 296 415 329
451 296 416 330
452 296 418 329
459 296 423 328
461 296 424 328
462 296 426 328
464 296 428 328
465 296 429 328
467 296 431 329
468 296 433 329
470 296 450 323
471 296 452 323
473 296 439 329
474 296 442 330
476 296 456 322
436 298 405 333
439 298 407 333
442 298 409 333
443 298 410 333
446 298 413 332
448 298 414 332
451 298 417 332
452 298 418 331
455 298 420 331
458 298 422 330
459 298 423 330
461 298 425 330
464 298 428 330
465 298 430 330
467 298 431 331
468 298 433 331
470 298 435 331
471 298 437 332
473 298 440 332
474 298 442 332
476 298 444 332
437 299 406 335
440 299 408 335
442 299 410 335
443 299 411 335
445 299 412 334
448 299 415 334
449 299 416 334
451 299 416 333
452 299 418 333
454 299 419 333
457 299 422 333
459 299 423 332
461 299 425 332
462 299 427 332
465 299 429 332
467 299 431 333
468 299 433 333
470 299 435 332
471 299 437 333
473 299 440 334
474 299 442 335
476 299 444 335
439 301 408 338
442 301 410 337
445 301 412 336
446 301 414 337
448 301 415 337
451 301 418 336
452 301 419 336
454 301 419 335
455 301 421 335
458 301 423 335
459 301 425 335
461 301 426 334
462 301 427 334
464 301 429 334
465 301 430 335
468 301 433 335
470 301 434 334
471 301 437 335
473 301 440 337
474 301 442 337
476 301 444 337
440 302 409 339
443 302 412 339
446 302 414 339
448 302 416 339
449 302 417 339
452 302 419 338
455 302 421 337
457 302 423 337
459 302 425 337
461 302 426 337
462 302 427 336
464 302 429 337
465 302 430 336
467 302 432 337
468 302 434 337
471 302 437 337
477 302 447 339
442 304 411 341
445 304 413 341
448 304 416 341
449 304 417 341
451 304 419 341
454 304 421 340
455 304 422 339
457 304 423 339
458 304 425 339
461 304 427 339
462 304 428 339
465 304 430 338
467 304 432 338
468 304 434 339
471 304 436 339
473 304 440 339
474 304 441 340
442 305 411 343
445 305 413 343
446 305 415 343
451 305 419 343
454 305 421 342
455 305 422 342
457 305 423 341
458 305 424 341
461 305 427 341
462 305 428 341
464 305 430 341
465 305 431 340
467 305 432 340
468 305 434 340
470 305 435 340
471 305 437 340
473 305 439 341
474 305 441 341
477 305 446 341
445 307 413 346
448 307 416 345
451 307 419 344
454 307 421 344
455 307 422 344
461 307 426 343
462 307 428 343
464 307 430 343
465 307 431 343
468 307 434 342
470 307 435 342
471 307 437 342
473 307 439 342
474 307 441 343
476 307 443 343
445 308 413 348
446 308 415 347
454 308 420 346
455 308 422 346
461 308 426 345
462 308 428 345
465 308 431 345
470 308 435 344
471 308 437 344
473 308 439 345
474 308 441 345
465 310 431 347
467 310 433 347
471 310 437 346
473 310 439 346
462 311 427 349
464 311 430 349
467 311 433 349
476 311 444 347
