442 274 396 327
448 285 385 321
449 285 387 321
462 286 397 322
442 287 382 325
465 287 422 314
471 287 415 312
480 287 423 312
482 287 428 312
483 287 429 312
443 289 383 326
459 289 395 330
461 289 413 317
471 289 393 321
480 289 425 314
482 289 428 314
434 290 389 330
442 290 412 327
443 290 382 328
449 290 403 329
452 290 387 329
457 290 391 329
462 290 398 333
464 290 399 333
471 290 393 323
442 292 380 329
443 292 382 330
445 292 384 330
446 292 417 327
448 292 417 325
449 292 419 325
464 292 399 335
471 292 424 333
442 293 380 331
443 293 382 332
445 293 383 332
448 293 385 333
449 293 403 335
452 293 389 335
462 293 416 329
468 293 421 332
470 293 422 335
471 293 424 335
473 293 426 336
476 293 432 338
443 295 381 334
445 295 383 334
448 295 385 334
449 295 403 337
451 295 404 337
457 295 410 335
462 295 415 332
464 295 398 338
465 295 400 339
470 295 422 337
471 295 424 337
473 295 426 338
477 295 433 339
446 296 384 336
451 296 404 340
452 296 389 338
454 296 406 338
457 296 409 337
461 296 412 336
462 296 414 335
464 296 417 334
465 296 400 340
467 296 401 341
476 296 429 339
477 296 433 340
436 298 382 338
446 298 384 338
448 298 386 339
451 298 387 340
455 298 408 341
458 298 410 339
461 298 413 339
462 298 415 339
464 298 417 338
465 298 400 343
467 298 401 343
445 299 383 340
446 299 384 341
452 299 405 344
455 299 408 343
457 299 410 342
459 299 411 342
461 299 413 342
462 299 415 341
464 299 417 341
467 299 401 345
468 299 402 344
446 301 384 343
452 301 405 346
454 301 406 346
455 301 407 345
457 301 409 344
458 301 411 344
461 301 396 346
464 301 432 336
465 301 399 346
468 301 402 346
461 302 396 348
462 302 397 348
465 302 399 348
467 302 401 349
471 302 405 350
448 304 398 351
449 304 400 352
454 304 389 347
455 304 391 348
458 304 409 348
459 304 411 348
461 304 413 349
462 304 397 349
464 304 398 350
467 304 401 350
470 304 403 351
471 304 405 352
477 304 426 349
446 305 397 354
449 305 400 354
452 305 389 349
455 305 391 350
458 305 409 351
459 305 411 351
461 305 413 351
468 305 401 352
471 305 404 354
473 305 406 355
454 307 390 352
459 307 412 353
468 307 401 355
470 307 403 356
471 307 404 356
473 307 406 356
468 308 434 343
470 308 402 358
471 308 404 358
473 308 406 358
476 308 439 341
474 310 438 344
459 311 412 360
464 311 420 361
470 311 403 360
471 311 405 360
