439 283 379 319
437 285 379 321
440 285 381 321
439 286 380 323
437 287 379 326
440 287 381 326
437 289 379 327
440 289 381 328
443 290 384 330
464 290 400 332
442 292 382 332
443 292 384 332
445 292 386 332
464 292 400 333
443 293 384 334
445 293 385 334
446 293 387 335
443 295 383 336
445 295 385 336
448 295 387 336
465 295 401 338
445 296 385 338
446 296 386 338
448 296 388 339
451 296 390 339
443 298 385 340
445 298 386 341
448 298 389 341
465 298 402 342
467 298 404 343
443 299 386 343
446 299 387 343
470 299 407 346
445 301 387 345
448 301 389 345
461 301 399 346
468 301 405 347
470 301 407 347
471 301 409 348
445 302 387 347
446 302 388 347
449 302 390 347
452 302 392 348
462 302 400 348
465 302 402 348
468 302 406 350
449 304 390 349
451 304 392 350
454 304 393 350
464 304 402 350
467 304 404 351
468 304 405 351
471 304 408 352
473 304 411 353
474 304 413 353
451 305 392 352
464 305 401 352
465 305 403 352
468 305 405 353
470 305 407 353
471 305 409 354
467 307 404 355
470 307 406 355
471 307 408 356
473 307 410 356
467 310 404 359
