445 259 461 285
451 259 467 285
452 259 468 286
454 259 470 286
455 259 472 286
443 261 459 288
455 261 471 288
443 262 459 290
445 276 453 299
446 282 428 300
437 283 420 301
439 283 422 301
445 283 427 301
434 285 417 304
437 285 420 303
439 285 422 303
440 285 423 303
442 285 425 303
445 285 427 303
459 285 437 300
431 286 416 306
434 286 418 305
436 286 419 305
439 286 422 305
440 286 423 305
442 286 425 305
443 286 426 305
446 286 428 304
462 286 444 302
431 287 416 308
434 287 418 307
436 287 420 307
437 287 421 307
440 287 423 307
442 287 425 307
443 287 426 307
445 287 428 307
452 287 432 305
454 287 434 304
455 287 435 305
461 287 443 305
464 287 446 304
465 287 448 306
467 287 450 306
468 287 453 306
470 287 455 306
473 287 459 308
474 287 460 308
479 287 468 310
480 287 469 310
431 289 416 310
433 289 417 309
437 289 421 309
439 289 423 309
442 289 425 309
443 289 426 308
445 289 428 308
448 289 430 307
449 289 432 308
451 289 433 308
454 289 434 306
455 289 435 306
457 289 437 307
459 289 441 307
461 289 443 307
462 289 444 307
464 289 446 307
465 289 447 307
467 289 450 308
468 289 453 308
471 289 457 309
473 289 459 309
474 289 460 309
476 289 462 309
479 289 468 312
480 289 469 312
433 290 418 311
434 290 419 311
436 290 420 311
437 290 421 310
439 290 423 310
442 290 425 310
443 290 427 310
445 290 428 310
446 290 430 310
449 290 432 310
451 290 434 310
452 290 435 310
455 290 435 308
458 290 440 309
459 290 442 309
462 290 444 309
464 290 446 309
465 290 448 309
467 290 450 310
468 290 453 309
470 290 455 310
471 290 456 311
473 290 459 311
474 290 460 311
476 290 463 311
480 290 469 314
433 292 418 313
434 292 419 313
436 292 421 313
437 292 422 313
439 292 423 312
440 292 424 312
443 292 427 312
445 292 429 312
446 292 430 312
448 292 431 311
449 292 433 312
454 292 437 312
458 292 440 311
459 292 442 311
464 292 446 311
465 292 448 311
467 292 451 311
468 292 453 311
470 292 455 312
471 292 456 312
473 292 459 313
474 292 460 313
476 292 463 314
477 292 465 314
479 292 467 314
480 292 469 315
433 293 417 314
434 293 419 315
436 293 421 315
437 293 422 315
440 293 424 314
442 293 426 314
445 293 429 314
446 293 430 314
448 293 432 314
449 293 433 313
451 293 435 314
454 293 437 314
458 293 440 313
459 293 442 312
461 293 444 313
462 293 445 313
465 293 448 313
467 293 450 313
468 293 452 313
470 293 454 313
473 293 458 314
474 293 460 315
476 293 462 315
477 293 465 315
479 293 467 316
433 295 417 317
434 295 419 316
436 295 421 317
437 295 423 317
439 295 424 317
440 295 424 315
442 295 426 316
443 295 428 316
446 295 430 316
448 295 432 315
449 295 433 315
451 295 435 315
452 295 436 315
458 295 440 315
459 295 442 315
461 295 444 315
462 295 445 315
464 295 447 315
468 295 452 315
470 295 454 316
471 295 456 316
473 295 458 316
474 295 460 317
476 295 462 317
477 295 465 317
479 295 467 318
480 295 469 318
434 296 419 318
436 296 421 318
437 296 423 318
442 296 426 318
443 296 428 318
445 296 429 318
448 296 432 317
449 296 433 317
451 296 435 317
452 296 436 317
455 296 439 317
457 296 440 317
458 296 441 317
459 296 442 317
461 296 444 317
462 296 446 317
464 296 447 317
465 296 449 317
467 296 450 317
468 296 452 317
471 296 456 318
473 296 458 318
474 296 460 318
476 296 462 318
477 296 465 319
479 296 467 319
480 296 469 319
436 298 422 320
440 298 425 320
443 298 428 320
445 298 430 320
446 298 431 320
449 298 434 319
451 298 435 319
452 298 436 319
454 298 438 319
459 298 443 318
462 298 446 319
464 298 448 319
465 298 449 319
467 298 451 319
468 298 452 318
470 298 454 319
471 298 456 320
473 298 458 320
474 298 460 320
476 298 462 320
477 298 464 321
436 299 422 322
439 299 425 321
440 299 426 322
442 299 427 322
445 299 430 321
446 299 431 321
448 299 433 321
451 299 436 321
452 299 437 321
454 299 438 320
455 299 440 321
458 299 442 320
459 299 443 320
461 299 445 320
464 299 448 320
465 299 449 320
467 299 451 320
468 299 452 320
470 299 454 320
473 299 458 322
474 299 460 322
476 299 462 322
477 299 464 322
443 301 429 323
446 301 432 323
448 301 433 323
449 301 435 323
452 301 437 323
454 301 438 322
455 301 440 322
457 301 441 323
459 301 444 322
461 301 445 322
462 301 446 322
465 301 449 322
467 301 451 322
468 301 452 322
470 301 454 323
471 301 456 323
474 301 460 324
476 301 462 324
479 301 467 324
440 302 426 325
442 302 428 325
443 302 429 325
446 302 432 325
448 302 434 325
449 302 435 325
451 302 436 325
454 302 439 324
455 302 440 324
457 302 441 324
459 302 444 324
461 302 446 324
462 302 447 324
464 302 448 324
467 302 451 324
468 302 453 324
470 302 454 324
471 302 456 324
473 302 458 324
480 302 467 326
442 304 428 327
443 304 429 327
445 304 431 327
448 304 434 327
449 304 435 327
451 304 437 327
452 304 438 327
455 304 440 326
457 304 442 326
458 304 443 326
462 304 447 326
464 304 449 326
465 304 450 326
468 304 453 326
470 304 454 326
471 304 456 326
473 304 458 326
474 304 460 326
476 304 462 326
442 305 428 329
443 305 429 329
445 305 431 329
446 305 432 329
449 305 435 328
451 305 437 328
452 305 438 328
454 305 439 328
457 305 442 328
458 305 443 328
459 305 445 328
461 305 446 327
462 305 447 327
464 305 449 327
465 305 450 327
467 305 452 327
470 305 455 328
471 305 456 327
473 305 458 327
474 305 460 328
442 307 429 331
445 307 431 330
446 307 433 330
448 307 434 330
451 307 437 330
452 307 438 330
454 307 440 330
455 307 441 330
462 307 447 329
464 307 449 329
465 307 451 329
467 307 452 329
470 307 455 329
471 307 456 329
473 307 458 329
474 307 460 329
445 308 433 333
446 308 433 332
448 308 435 332
449 308 436 332
452 308 438 332
454 308 440 332
455 308 441 332
459 308 445 332
461 308 446 331
465 308 451 331
467 308 452 331
468 308 454 331
471 308 456 331
473 308 458 331
474 308 460 331
479 308 465 335
449 310 436 334
454 310 439 334
455 310 442 334
457 310 443 334
458 310 445 334
461 310 447 334
462 310 448 334
465 310 451 333
467 310 452 333
468 310 454 333
471 310 456 333
473 310 459 333
474 310 460 333
451 311 438 335
452 311 440 335
454 311 441 335
455 311 443 335
458 311 445 335
459 311 447 335
470 311 456 334
473 311 459 334
474 311 461 335
476 311 462 336
479 311 464 336
