451 259 458 291
452 259 462 291
445 276 443 305
436 280 408 304
434 282 408 306
437 282 409 306
434 283 408 308
437 283 410 308
439 283 412 308
440 283 413 308
442 283 415 308
446 283 419 306
431 285 406 310
434 285 408 310
436 285 409 310
439 285 412 310
440 285 413 310
442 285 415 310
445 285 417 308
448 285 421 311
431 286 406 312
433 286 407 312
436 286 410 312
437 286 411 312
440 286 414 312
442 286 415 312
443 286 417 312
445 286 417 310
462 286 433 308
431 287 406 314
433 287 408 314
434 287 409 314
437 287 411 314
439 287 413 314
440 287 414 314
443 287 417 314
464 287 435 310
465 287 437 310
480 287 473 309
433 289 408 315
434 289 409 316
437 289 411 315
439 289 413 315
440 289 414 316
442 289 416 316
455 289 424 312
461 289 432 313
462 289 433 313
464 289 435 313
468 289 443 314
471 289 458 306
476 289 453 316
431 290 406 317
434 290 409 318
436 290 411 317
437 290 412 317
440 290 415 317
442 290 416 317
443 290 418 317
449 290 422 316
451 290 424 316
452 290 425 316
459 290 432 315
464 290 435 315
467 290 440 316
468 290 443 316
471 290 447 318
473 290 449 318
474 290 451 319
476 290 454 319
477 290 456 318
431 292 406 319
433 292 409 320
436 292 411 320
437 292 413 320
440 292 415 319
442 292 416 319
443 292 418 319
449 292 422 318
451 292 424 318
452 292 426 318
461 292 433 317
462 292 435 317
467 292 440 318
468 292 443 318
470 292 444 319
471 292 458 309
473 292 450 320
474 292 452 321
476 292 454 321
477 292 456 321
433 293 409 321
434 293 411 323
436 293 413 322
440 293 429 320
442 293 416 321
446 293 420 320
448 293 422 320
449 293 423 320
452 293 426 320
459 293 431 319
461 293 433 319
462 293 435 319
464 293 436 319
465 293 438 319
467 293 440 321
468 293 442 320
470 293 444 321
473 293 450 322
474 293 452 322
476 293 454 322
477 293 456 323
433 295 410 324
436 295 413 324
437 295 414 324
440 295 429 322
443 295 418 323
445 295 420 323
446 295 422 323
448 295 422 322
449 295 424 322
451 295 425 322
452 295 427 322
459 295 431 321
461 295 433 321
462 295 435 321
464 295 436 321
467 295 441 323
468 295 442 322
470 295 444 323
471 295 459 315
473 295 449 323
474 295 451 324
477 295 457 325
479 295 459 325
433 296 410 326
436 296 412 325
437 296 414 326
440 296 416 325
443 296 418 325
445 296 420 325
446 296 421 325
449 296 424 324
451 296 425 324
452 296 427 324
455 296 429 324
459 296 431 323
461 296 433 323
462 296 435 323
464 296 437 323
465 296 439 324
468 296 442 324
471 296 446 325
473 296 448 325
474 296 451 326
476 296 454 326
477 296 457 327
480 296 471 316
436 298 413 327
437 298 414 327
439 298 415 327
442 298 418 327
445 298 420 327
446 298 422 327
448 298 423 327
449 298 424 326
451 298 426 326
452 298 427 326
455 298 429 326
457 298 431 326
459 298 433 325
461 298 434 325
462 298 436 325
465 298 439 326
467 298 440 325
468 298 442 326
470 298 445 327
473 298 449 327
474 298 451 327
476 298 454 328
436 299 414 330
437 299 414 329
439 299 416 329
440 299 417 329
443 299 420 329
446 299 422 329
448 299 424 329
449 299 425 329
451 299 426 328
452 299 427 328
454 299 428 328
455 299 430 328
458 299 432 328
461 299 435 327
462 299 436 327
464 299 438 327
467 299 441 327
468 299 442 327
470 299 444 328
473 299 449 329
474 299 451 329
476 299 453 330
477 299 455 330
439 301 416 331
440 301 417 331
443 301 420 331
445 301 421 331
446 301 423 331
448 301 424 331
451 301 427 331
452 301 427 329
454 301 429 329
455 301 430 329
457 301 432 330
459 301 434 329
461 301 436 330
462 301 437 329
464 301 438 329
465 301 440 329
470 301 444 330
471 301 447 331
473 301 449 331
474 301 451 331
476 301 453 331
477 301 455 332
479 301 457 332
483 301 462 332
439 302 416 333
440 302 417 333
442 302 419 333
445 302 422 333
446 302 423 333
448 302 425 333
449 302 426 333
452 302 428 333
454 302 429 332
455 302 430 331
457 302 432 332
459 302 434 332
461 302 436 332
462 302 437 332
464 302 439 331
465 302 440 331
467 302 442 331
468 302 443 332
470 302 445 332
477 302 455 333
440 304 418 335
442 304 419 335
443 304 421 335
446 304 423 335
448 304 425 335
449 304 426 335
451 304 428 335
455 304 431 334
457 304 432 334
458 304 434 334
461 304 436 334
462 304 438 334
465 304 440 333
467 304 442 333
468 304 443 333
470 304 445 334
471 304 447 333
473 304 449 334
474 304 451 334
476 304 453 334
442 305 419 337
443 305 421 337
445 305 422 337
448 305 424 337
449 305 426 337
451 305 428 337
454 305 430 336
457 305 432 335
458 305 434 335
459 305 435 335
462 305 438 335
467 305 442 335
468 305 443 335
470 305 445 335
471 305 446 335
473 305 448 335
474 305 451 335
476 305 453 336
442 307 421 341
443 307 420 339
445 307 422 339
448 307 425 339
449 307 426 339
451 307 428 339
454 307 430 338
455 307 432 338
458 307 434 337
459 307 435 337
462 307 438 337
464 307 439 337
468 307 443 337
470 307 445 337
471 307 446 337
473 307 448 337
474 307 451 337
448 308 424 340
455 308 432 340
457 308 433 340
459 308 435 340
461 308 437 340
465 308 441 340
467 308 442 338
470 308 445 339
471 308 447 339
473 308 449 339
474 308 451 339
459 310 435 341
461 310 437 341
462 310 439 342
467 310 442 342
471 310 447 341
473 310 449 341
474 310 450 341
452 311 433 344
465 311 441 344
468 311 444 344
471 311 449 343
474 311 450 343
476 311 452 343
477 311 456 343
