465 287 401 328
476 290 415 341
443 292 381 329
454 292 389 332
462 292 396 335
464 292 398 336
467 292 401 338
477 292 416 343
451 293 387 334
452 293 389 335
464 293 398 338
476 293 414 345
477 293 416 345
452 295 388 336
458 295 392 337
459 295 394 338
468 295 402 342
446 296 382 334
465 296 398 340
467 296 400 341
468 296 401 343
446 298 382 336
461 298 394 342
462 298 395 342
465 298 398 343
468 298 401 345
473 298 407 348
454 299 388 341
467 299 399 345
470 299 402 346
471 299 404 348
458 301 391 344
467 301 399 347
455 302 389 345
464 302 396 348
468 302 400 349
470 302 401 349
471 302 403 350
470 304 401 352
471 304 402 353
473 304 404 353
474 304 407 354
465 305 396 351
467 305 398 352
470 305 400 353
471 305 402 354
473 305 404 355
467 307 398 354
468 307 399 355
471 307 401 356
473 307 403 356
