434 282 408 306
437 282 409 306
434 283 408 308
437 283 410 308
439 283 412 308
440 283 413 308
431 285 406 310
434 285 408 310
436 285 409 310
439 285 412 310
440 285 413 310
445 285 417 308
431 286 406 312
436 286 410 312
437 286 411 312
440 286 414 312
431 287 406 314
433 287 408 314
434 287 409 314
437 287 411 314
439 287 413 314
440 287 414 314
433 289 408 315
434 289 409 316
437 289 411 315
439 289 413 315
440 289 414 316
442 289 416 316
468 289 443 314
476 289 453 316
434 290 409 318
436 290 411 317
437 290 412 317
440 290 415 317
442 290 416 317
443 290 418 317
449 290 422 316
451 290 424 316
464 290 435 315
467 290 440 316
468 290 443 316
471 290 447 318
473 290 449 318
474 290 451 319
476 290 454 319
477 290 456 318
436 292 411 320
437 292 413 320
440 292 415 319
442 292 416 319
443 292 418 319
449 292 422 318
451 292 424 318
452 292 426 318
461 292 433 317
462 292 435 317
467 292 440 318
468 292 443 318
470 292 444 319
473 292 450 320
474 292 452 321
476 292 454 321
477 292 456 321
442 293 416 321
446 293 420 320
448 293 422 320
449 293 423 320
452 293 426 320
459 293 431 319
461 293 433 319
462 293 435 319
464 293 436 319
465 293 438 319
467 293 440 321
468 293 442 320
470 293 444 321
473 293 450 322
474 293 452 322
476 293 454 322
477 293 456 323
443 295 418 323
445 295 420 323
446 295 422 323
448 295 422 322
449 295 424 322
451 295 425 322
452 295 427 322
459 295 431 321
461 295 433 321
462 295 435 321
464 295 436 321
467 295 441 323
468 295 442 322
470 295 444 323
473 295 449 323
474 295 451 324
477 295 457 325
440 296 416 325
443 296 418 325
445 296 420 325
446 296 421 325
449 296 424 324
451 296 425 324
452 296 427 324
459 296 431 323
461 296 433 323
462 296 435 323
464 296 437 323
465 296 439 324
468 296 442 324
471 296 446 325
473 296 448 325
474 296 451 326
476 296 454 326
477 296 457 327
442 298 418 327
445 298 420 327
446 298 422 327
448 298 423 327
449 298 424 326
451 298 426 326
452 298 427 326
455 298 429 326
457 298 431 326
459 298 433 325
461 298 434 325
462 298 436 325
465 298 439 326
467 298 440 325
468 298 442 326
470 298 445 327
473 298 449 327
474 298 451 327
476 298 454 328
443 299 420 329
446 299 422 329
448 299 424 329
449 299 425 329
451 299 426 328
452 299 427 328
454 299 428 328
455 299 430 328
458 299 432 328
461 299 435 327
462 299 436 327
464 299 438 327
467 299 441 327
468 299 442 327
470 299 444 328
473 299 449 329
474 299 451 329
476 299 453 330
445 301 421 331
446 301 423 331
448 301 424 331
451 301 427 331
452 301 427 329
454 301 429 329
455 301 430 329
457 301 432 330
459 301 434 329
461 301 436 330
462 301 437 329
464 301 438 329
465 301 440 329
470 301 444 330
471 301 447 331
473 301 449 331
474 301 451 331
445 302 422 333
446 302 423 333
448 302 425 333
449 302 426 333
452 302 428 333
454 302 429 332
455 302 430 331
457 302 432 332
459 302 434 332
461 302 436 332
462 302 437 332
464 302 439 331
465 302 440 331
467 302 442 331
468 302 443 332
470 302 445 332
448 304 425 335
449 304 426 335
451 304 428 335
458 304 434 334
461 304 436 334
462 304 438 334
465 304 440 333
467 304 442 333
468 304 443 333
470 304 445 334
471 304 447 333
449 305 426 337
458 305 434 335
459 305 435 335
462 305 438 335
467 305 442 335
468 305 443 335
470 305 445 335
471 305 446 335
473 305 448 335
459 307 435 337
462 307 438 337
464 307 439 337
468 307 443 337
470 307 445 337
471 307 446 337
467 308 442 338
470 308 445 339
471 308 447 339
471 310 447 341
473 310 449 341
