452 290 387 329
464 290 399 333
442 292 380 329
443 292 382 330
445 292 384 330
464 292 399 335
442 293 380 331
443 293 382 332
445 293 383 332
448 293 385 333
452 293 389 335
443 295 381 334
464 295 398 338
465 295 400 339
446 296 384 336
452 296 389 338
465 296 400 340
467 296 401 341
448 298 386 339
451 298 387 340
465 298 400 343
467 298 401 343
445 299 383 340
446 299 384 341
467 299 401 345
468 299 402 344
446 301 384 343
461 301 396 346
465 301 399 346
468 301 402 346
461 302 396 348
462 302 397 348
465 302 399 348
467 302 401 349
471 302 405 350
454 304 389 347
455 304 391 348
462 304 397 349
464 304 398 350
467 304 401 350
470 304 403 351
471 304 405 352
452 305 389 349
468 305 401 352
471 305 404 354
473 305 406 355
468 307 401 355
470 307 403 356
471 307 404 356
473 307 406 356
470 308 402 358
471 308 404 358
473 308 406 358
470 311 403 360
471 311 405 360
