437 285 420 303
439 285 422 303
440 285 423 303
431 286 416 306
436 286 419 305
439 286 422 305
440 286 423 305
442 286 425 305
443 286 426 305
446 286 428 304
431 287 416 308
436 287 420 307
437 287 421 307
442 287 425 307
443 287 426 307
445 287 428 307
467 287 450 306
468 287 453 306
470 287 455 306
473 287 459 308
474 287 460 308
479 287 468 310
480 287 469 310
433 289 417 309
437 289 421 309
439 289 423 309
442 289 425 309
443 289 426 308
445 289 428 308
448 289 430 307
449 289 432 308
451 289 433 308
467 289 450 308
468 289 453 308
471 289 457 309
473 289 459 309
474 289 460 309
476 289 462 309
479 289 468 312
480 289 469 312
433 290 418 311
434 290 419 311
437 290 421 310
439 290 423 310
442 290 425 310
443 290 427 310
445 290 428 310
446 290 430 310
449 290 432 310
451 290 434 310
464 290 446 309
465 290 448 309
467 290 450 310
468 290 453 309
470 290 455 310
471 290 456 311
473 290 459 311
474 290 460 311
476 290 463 311
436 292 421 313
437 292 422 313
439 292 423 312
440 292 424 312
443 292 427 312
445 292 429 312
446 292 430 312
448 292 431 311
449 292 433 312
454 292 437 312
464 292 446 311
465 292 448 311
467 292 451 311
468 292 453 311
470 292 455 312
471 292 456 312
473 292 459 313
474 292 460 313
476 292 463 314
477 292 465 314
436 293 421 315
437 293 422 315
442 293 426 314
445 293 429 314
446 293 430 314
448 293 432 314
449 293 433 313
451 293 435 314
454 293 437 314
458 293 440 313
459 293 442 312
461 293 444 313
462 293 445 313
465 293 448 313
467 293 450 313
468 293 452 313
470 293 454 313
473 293 458 314
474 293 460 315
476 293 462 315
437 295 423 317
439 295 424 317
440 295 424 315
442 295 426 316
443 295 428 316
446 295 430 316
448 295 432 315
449 295 433 315
451 295 435 315
452 295 436 315
458 295 440 315
459 295 442 315
461 295 444 315
462 295 445 315
464 295 447 315
468 295 452 315
470 295 454 316
471 295 456 316
473 295 458 316
474 295 460 317
476 295 462 317
442 296 426 318
443 296 428 318
445 296 429 318
448 296 432 317
449 296 433 317
451 296 435 317
452 296 436 317
455 296 439 317
458 296 441 317
459 296 442 317
461 296 444 317
462 296 446 317
465 296 449 317
467 296 450 317
468 296 452 317
471 296 456 318
473 296 458 318
474 296 460 318
476 296 462 318
440 298 425 320
443 298 428 320
445 298 430 320
446 298 431 320
449 298 434 319
451 298 435 319
452 298 436 319
454 298 438 319
462 298 446 319
464 298 448 319
465 298 449 319
467 298 451 319
468 298 452 318
470 298 454 319
471 298 456 320
473 298 458 320
474 298 460 320
476 298 462 320
440 299 426 322
442 299 427 322
445 299 430 321
446 299 431 321
448 299 433 321
451 299 436 321
452 299 437 321
454 299 438 320
455 299 440 321
458 299 442 320
461 299 445 320
464 299 448 320
465 299 449 320
467 299 451 320
468 299 452 320
470 299 454 320
473 299 458 322
474 299 460 322
476 299 462 322
443 301 429 323
446 301 432 323
448 301 433 323
449 301 435 323
452 301 437 323
454 301 438 322
455 301 440 322
457 301 441 323
459 301 444 322
462 301 446 322
465 301 449 322
467 301 451 322
468 301 452 322
470 301 454 323
471 301 456 323
474 301 460 324
476 301 462 324
443 302 429 325
446 302 432 325
448 302 434 325
449 302 435 325
451 302 436 325
454 302 439 324
455 302 440 324
457 302 441 324
459 302 444 324
464 302 448 324
467 302 451 324
468 302 453 324
470 302 454 324
471 302 456 324
473 302 458 324
445 304 431 327
448 304 434 327
449 304 435 327
451 304 437 327
452 304 438 327
455 304 440 326
457 304 442 326
458 304 443 326
462 304 447 326
465 304 450 326
468 304 453 326
470 304 454 326
471 304 456 326
473 304 458 326
474 304 460 326
476 304 462 326
446 305 432 329
449 305 435 328
451 305 437 328
452 305 438 328
454 305 439 328
457 305 442 328
461 305 446 327
462 305 447 327
467 305 452 327
470 305 455 328
471 305 456 327
473 305 458 327
474 305 460 328
448 307 434 330
451 307 437 330
452 307 438 330
454 307 440 330
462 307 447 329
464 307 449 329
470 307 455 329
471 307 456 329
473 307 458 329
474 307 460 329
461 308 446 331
467 308 452 331
468 308 454 331
471 308 456 331
473 308 458 331
465 310 451 333
467 310 452 333
468 310 454 333
471 310 456 333
473 310 459 333
474 310 460 333
470 311 456 334
473 311 459 334
