451 259 445 269
455 261 451 271
455 264 451 273
437 268 436 270
436 270 435 272
437 270 436 272
439 270 438 272
440 270 439 272
436 271 435 273
437 271 436 273
439 271 438 273
440 271 439 273
446 271 443 275
455 271 451 276
436 273 435 275
437 273 436 275
439 273 438 275
440 273 439 275
434 274 433 277
436 274 434 277
437 274 436 277
439 274 438 276
440 274 439 276
434 276 433 278
436 276 434 278
437 276 436 278
439 276 438 278
440 276 439 278
436 277 434 280
437 277 436 279
439 277 438 279
440 277 439 279
446 277 444 279
448 277 445 279
452 277 449 279
455 277 451 278
431 279 433 281
437 279 436 281
439 279 437 281
440 279 439 281
442 279 440 281
445 279 443 281
452 279 449 281
454 279 450 281
434 280 433 282
436 280 435 282
437 280 436 282
439 280 438 282
440 280 439 282
448 280 445 282
449 280 446 281
451 280 447 282
452 280 449 282
455 280 451 281
434 282 433 284
436 282 434 284
437 282 436 284
439 282 438 284
440 282 439 284
442 282 440 284
446 282 444 284
448 282 445 284
454 282 450 283
455 282 451 283
434 283 433 286
436 283 434 286
437 283 436 286
439 283 438 286
440 283 439 286
442 283 440 286
443 283 442 286
448 283 446 285
449 283 447 285
454 283 450 284
455 283 451 284
434 285 433 287
436 285 434 287
437 285 435 287
439 285 437 287
440 285 439 287
442 285 440 287
455 285 452 286
457 285 453 286
434 286 433 288
436 286 434 288
437 286 436 289
439 286 437 289
440 286 439 288
442 286 440 289
443 286 442 289
446 286 444 288
454 286 452 288
455 286 453 288
457 286 454 288
458 286 456 288
433 287 432 290
434 287 433 290
436 287 434 290
437 287 436 290
439 287 437 290
440 287 439 290
442 287 440 290
443 287 442 290
446 287 444 290
448 287 446 290
454 287 452 290
455 287 453 290
457 287 455 290
459 287 458 290
461 287 459 290
464 287 462 290
465 287 463 290
467 287 465 290
468 287 467 290
473 287 472 289
477 287 476 290
479 287 478 290
480 287 479 290
434 289 433 292
436 289 434 292
437 289 436 292
439 289 437 291
440 289 439 292
442 289 440 292
443 289 442 292
445 289 443 292
448 289 446 291
449 289 447 291
454 289 452 291
459 289 458 291
461 289 459 291
462 289 460 291
464 289 462 291
465 289 463 291
467 289 465 291
468 289 467 291
470 289 469 291
471 289 470 291
473 289 472 291
474 289 473 292
476 289 475 292
477 289 476 292
479 289 478 292
480 289 479 292
482 289 481 292
485 289 484 292
434 290 433 293
436 290 434 293
437 290 436 293
439 290 437 293
440 290 439 293
442 290 440 293
443 290 442 293
445 290 444 293
446 290 445 293
449 290 447 293
451 290 449 293
452 290 450 293
454 290 452 293
455 290 453 293
457 290 455 293
458 290 456 293
459 290 458 293
461 290 459 293
462 290 461 293
464 290 462 293
465 290 464 293
467 290 466 293
468 290 467 293
470 290 469 293
471 290 470 293
473 290 472 293
474 290 473 293
476 290 475 293
477 290 476 293
479 290 478 293
480 290 479 294
482 290 481 293
434 292 433 295
436 292 435 295
437 292 436 295
439 292 437 295
440 292 439 295
442 292 440 295
443 292 442 295
445 292 444 295
446 292 445 295
451 292 449 295
452 292 450 295
454 292 452 295
455 292 453 295
457 292 455 295
458 292 456 295
459 292 458 295
461 292 459 294
462 292 461 294
464 292 463 295
465 292 464 295
467 292 466 295
468 292 467 294
470 292 469 294
471 292 470 294
473 292 472 295
474 292 473 295
476 292 475 295
477 292 476 295
479 292 478 295
482 292 481 295
434 293 433 297
436 293 434 297
437 293 436 296
439 293 437 296
440 293 439 296
442 293 440 296
443 293 442 296
445 293 443 296
446 293 445 296
448 293 447 296
449 293 448 296
455 293 453 296
457 293 455 296
458 293 456 296
459 293 458 296
461 293 459 296
462 293 461 296
464 293 463 297
465 293 464 297
467 293 466 296
468 293 467 296
470 293 469 296
471 293 470 296
473 293 472 296
474 293 473 296
476 293 475 296
477 293 476 296
479 293 478 296
480 293 479 297
482 293 481 296
434 295 433 298
436 295 434 298
437 295 436 298
439 295 437 298
440 295 439 298
442 295 440 298
443 295 442 298
445 295 444 298
446 295 445 298
448 295 447 298
449 295 448 297
452 295 450 297
454 295 452 298
455 295 454 298
457 295 455 298
458 295 456 297
459 295 458 297
461 295 459 297
462 295 461 298
464 295 463 298
465 295 464 298
467 295 466 298
468 295 467 298
470 295 468 298
471 295 470 298
473 295 472 298
474 295 473 298
476 295 475 298
477 295 476 298
479 295 478 298
480 295 479 298
482 295 481 298
434 296 433 300
436 296 434 299
437 296 436 299
439 296 437 299
440 296 439 299
442 296 440 299
443 296 442 299
445 296 443 299
446 296 445 299
448 296 447 299
449 296 448 299
451 296 450 299
454 296 452 299
455 296 454 299
457 296 455 299
458 296 457 299
459 296 458 299
461 296 460 299
462 296 461 299
464 296 463 300
465 296 464 299
467 296 466 300
468 296 467 299
470 296 469 299
471 296 470 299
473 296 472 299
474 296 473 299
476 296 475 299
477 296 476 299
479 296 478 299
480 296 479 300
482 296 483 296
436 298 435 301
437 298 436 301
439 298 438 301
440 298 439 301
442 298 440 301
443 298 442 301
445 298 443 301
446 298 445 301
448 298 447 301
449 298 448 301
451 298 450 301
452 298 451 301
455 298 454 301
457 298 455 301
458 298 457 301
459 298 458 301
461 298 460 301
462 298 461 301
464 298 463 301
465 298 464 301
467 298 465 301
468 298 467 301
470 298 469 301
471 298 470 301
473 298 472 301
474 298 473 301
476 298 475 301
477 298 476 301
479 298 478 301
480 298 479 301
436 299 435 302
437 299 436 302
439 299 438 302
440 299 439 302
442 299 441 302
443 299 442 302
445 299 443 302
446 299 445 302
448 299 447 302
449 299 448 303
451 299 450 303
452 299 451 302
455 299 454 302
457 299 455 302
458 299 457 302
459 299 458 302
461 299 460 302
462 299 461 302
464 299 463 302
465 299 464 302
467 299 466 302
468 299 467 302
470 299 469 303
471 299 470 302
473 299 472 302
474 299 473 302
476 299 475 302
477 299 476 302
479 299 478 302
480 299 479 302
483 299 483 300
439 301 438 304
440 301 439 304
442 301 441 304
443 301 442 304
445 301 444 304
446 301 445 304
448 301 447 304
449 301 448 304
451 301 450 304
452 301 451 304
455 301 454 304
457 301 455 304
458 301 457 304
459 301 458 304
461 301 460 304
462 301 461 304
464 301 463 304
465 301 464 304
467 301 466 304
470 301 469 304
471 301 470 304
473 301 472 304
474 301 473 304
476 301 475 304
477 301 476 304
482 301 482 301
483 301 483 301
440 302 439 305
442 302 440 305
443 302 442 305
445 302 444 305
446 302 445 305
448 302 447 305
449 302 448 305
451 302 450 306
452 302 451 305
455 302 454 305
457 302 455 305
458 302 457 305
459 302 458 305
461 302 460 305
462 302 461 305
464 302 463 305
465 302 464 305
467 302 466 306
468 302 467 306
470 302 469 306
471 302 470 305
473 302 472 305
474 302 473 305
476 302 475 305
482 302 482 303
483 302 483 303
442 304 441 307
443 304 442 307
445 304 444 307
446 304 445 307
448 304 447 307
449 304 448 307
451 304 450 307
452 304 451 307
457 304 455 307
458 304 457 307
459 304 458 307
464 304 463 307
465 304 464 307
467 304 466 307
468 304 467 307
470 304 469 307
471 304 470 307
473 304 472 307
474 304 473 307
477 304 477 306
479 304 480 306
480 304 480 304
443 305 442 308
445 305 443 308
446 305 445 308
448 305 446 308
449 305 448 308
451 305 450 308
452 305 451 308
455 305 454 308
457 305 455 308
458 305 457 308
459 305 458 308
461 305 460 308
462 305 461 308
464 305 463 308
465 305 464 308
467 305 466 308
468 305 467 308
470 305 469 308
471 305 470 308
473 305 472 308
474 305 473 308
476 305 475 308
477 305 478 308
479 305 480 308
445 307 443 310
446 307 445 310
448 307 447 310
449 307 448 310
452 307 451 310
455 307 454 310
459 307 458 310
461 307 459 310
462 307 461 310
467 307 466 310
468 307 467 310
470 307 469 310
471 307 470 310
473 307 472 310
474 307 473 310
477 307 478 309
479 307 480 309
482 307 482 307
446 308 446 312
448 308 447 312
449 308 448 311
451 308 450 312
452 308 451 311
455 308 455 311
458 308 456 311
464 308 462 311
465 308 464 311
476 308 475 311
477 308 478 310
479 308 480 310
480 308 481 310
482 308 482 308
458 310 456 312
459 310 458 313
461 310 459 313
462 310 461 313
464 310 462 313
465 310 464 313
467 310 466 313
468 310 467 313
470 310 469 313
471 310 470 313
473 310 472 313
474 310 473 313
476 310 475 313
477 310 478 312
479 310 480 312
480 310 481 312
455 311 453 314
458 311 455 314
462 311 461 314
464 311 463 315
465 311 464 315
467 311 466 315
468 311 467 315
470 311 469 314
471 311 471 315
473 311 472 315
474 311 474 315
476 311 475 315
482 311 483 313
