433 286 386 324
436 287 391 328
482 287 427 315
483 287 430 314
436 289 406 331
449 289 403 330
461 289 413 322
464 289 399 331
482 289 427 316
483 289 429 317
485 289 438 326
431 290 382 330
439 290 408 332
442 290 427 338
445 290 414 324
446 290 415 325
448 290 402 335
449 290 402 333
451 290 404 333
464 290 398 333
468 290 404 338
471 290 421 331
431 292 382 332
446 292 415 327
448 292 401 336
452 292 405 334
464 292 397 335
468 292 419 330
471 292 421 333
473 292 423 334
474 292 425 335
433 293 383 334
458 293 410 334
468 293 417 333
471 293 420 335
473 293 422 336
474 293 424 337
476 293 426 337
483 293 433 325
461 295 411 335
462 295 413 334
464 295 396 338
465 295 398 339
470 295 418 338
476 295 425 339
480 295 436 340
483 295 435 330
433 296 381 335
434 296 383 336
449 296 415 335
451 296 402 341
461 296 410 338
462 296 412 336
464 296 396 341
465 296 398 341
467 296 399 342
468 296 401 344
470 296 418 340
477 296 426 340
479 296 433 343
480 296 435 342
436 298 386 338
445 298 394 343
451 298 402 342
454 298 404 342
455 298 405 342
457 298 406 341
459 298 408 341
462 298 411 340
465 298 398 343
473 298 405 348
477 298 425 342
479 298 432 344
452 299 402 345
454 299 403 344
455 299 405 344
458 299 408 343
461 299 410 343
462 299 411 342
464 299 413 343
467 299 398 345
468 299 399 343
471 299 403 348
439 301 388 344
448 301 396 348
452 301 402 346
455 301 404 346
458 301 407 345
459 301 408 345
461 301 393 345
462 301 411 344
465 301 396 346
467 301 398 346
468 301 399 347
471 301 402 350
440 302 390 347
455 302 404 347
458 302 406 347
459 302 407 347
461 302 392 346
462 302 394 347
464 302 413 349
467 302 397 348
468 302 399 349
482 302 434 333
483 302 435 333
448 304 394 351
449 304 396 351
451 304 397 352
459 304 407 349
461 304 408 349
462 304 410 350
468 304 398 351
470 304 399 351
457 305 404 351
458 305 405 352
459 305 406 351
461 305 408 351
467 305 413 347
468 305 415 348
455 307 402 354
459 307 407 353
462 307 410 352
468 307 414 349
470 307 416 350
445 308 399 354
457 308 404 355
468 308 414 351
476 308 432 341
464 310 425 347
473 310 429 343
451 311 400 355
