415 309 414 308
416 309 416 308
417 309 417 308
420 309 421 308
428 309 428 308
430 309 430 308
431 309 431 308
433 309 432 308
434 309 434 308
435 309 435 308
412 310 412 309
413 310 413 310
415 310 415 310
416 310 416 310
420 310 420 310
422 310 421 310
424 310 424 310
426 310 426 310
427 310 427 310
430 310 430 310
431 310 431 309
433 310 433 309
434 310 434 309
435 310 435 309
412 311 412 311
413 311 413 311
423 311 423 311
426 311 426 311
428 311 428 311
430 311 430 311
431 311 431 311
434 311 434 311
435 311 435 310
408 313 408 312
409 313 409 312
410 313 410 312
412 313 412 313
415 313 415 312
423 313 423 313
431 313 431 313
409 314 409 314
410 314 410 314
412 314 412 314
413 314 413 314
416 314 416 314
417 314 418 314
420 314 420 314
422 314 422 314
423 314 423 314
424 314 424 314
426 314 426 314
427 314 427 314
408 316 408 315
409 316 409 315
412 316 412 316
413 316 413 316
415 316 415 316
417 316 417 316
419 316 419 316
420 316 420 316
422 316 422 316
424 316 424 316
426 316 426 316
427 316 427 316
408 317 407 318
413 317 413 317
416 317 416 317
419 317 419 317
423 317 423 317
424 317 424 317
434 317 434 316
408 318 407 319
409 318 409 318
410 318 411 318
415 318 415 318
417 318 417 318
419 318 419 318
420 318 420 318
422 318 422 318
426 318 426 318
433 318 433 318
405 320 405 319
408 320 408 320
409 320 409 320
416 320 416 320
417 320 417 320
420 320 420 320
422 320 422 320
423 320 423 320
424 320 424 320
427 320 427 319
430 320 430 319
405 321 404 322
408 321 408 321
409 321 409 321
410 321 410 321
416 321 416 321
417 321 417 321
419 321 419 321
420 321 420 321
422 321 422 321
423 321 423 321
426 321 426 321
428 321 428 320
430 321 430 321
431 321 431 321
433 321 433 321
434 321 434 321
404 322 404 322
410 322 410 323
412 322 412 322
415 322 415 322
416 322 416 322
417 322 417 322
419 322 419 323
420 322 420 323
422 322 422 322
423 322 423 323
424 322 424 323
426 322 426 323
427 322 427 323
428 322 428 323
430 322 430 322
431 322 431 322
434 322 434 322
404 324 404 324
408 324 408 324
410 324 410 324
412 324 412 324
415 324 415 324
416 324 416 324
417 324 417 324
422 324 422 324
424 324 424 324
426 324 426 324
433 324 433 324
404 325 404 325
405 325 405 325
412 325 412 325
416 325 416 325
419 325 419 325
420 325 420 325
422 325 422 325
423 325 423 325
424 325 424 325
427 325 427 326
428 325 428 326
404 327 403 326
406 327 406 327
409 327 409 327
410 327 411 326
412 327 412 326
415 327 415 326
416 327 416 327
417 327 417 327
419 327 419 327
420 327 420 327
422 327 422 327
423 327 423 327
424 327 424 327
427 327 427 327
428 327 428 327
387 328 386 327
388 328 388 327
390 328 390 327
391 328 391 327
393 328 392 327
397 328 396 327
399 328 400 327
401 328 401 327
404 328 404 328
405 328 405 328
406 328 406 328
409 328 409 328
410 328 410 328
412 328 412 328
415 328 415 328
416 328 416 328
417 328 417 328
419 328 419 328
420 328 420 328
422 328 421 328
435 328 435 328
387 329 387 328
388 329 388 329
394 329 394 329
397 329 397 329
398 329 398 329
401 329 401 329
404 329 404 329
405 329 405 329
410 329 410 329
412 329 412 329
415 329 415 329
416 329 416 329
417 329 417 329
423 329 423 329
424 329 424 329
427 329 427 329
435 329 435 329
386 331 385 330
387 331 387 330
390 331 390 330
391 331 391 330
395 331 395 331
397 331 397 331
398 331 398 331
401 331 401 331
408 331 408 331
409 331 409 331
410 331 411 331
415 331 415 331
416 331 416 331
417 331 417 331
419 331 419 331
420 331 420 331
422 331 422 331
423 331 423 331
424 331 424 331
426 331 426 330
427 331 427 331
428 331 428 331
430 331 430 331
431 331 431 331
433 331 433 331
434 331 434 330
435 331 435 331
386 332 385 331
387 332 387 331
393 332 392 332
395 332 395 332
397 332 397 332
398 332 398 332
399 332 399 332
401 332 401 332
402 332 402 332
404 332 404 332
406 332 406 332
408 332 408 332
409 332 409 332
410 332 411 332
412 332 412 332
415 332 415 332
416 332 416 332
417 332 417 332
419 332 419 332
420 332 420 332
422 332 422 332
423 332 423 332
424 332 424 332
426 332 426 332
427 332 427 332
428 332 428 332
430 332 430 332
431 332 431 332
433 332 433 332
435 332 435 332
387 334 386 333
388 334 388 334
390 334 390 334
393 334 392 333
394 334 394 333
395 334 395 333
398 334 398 333
399 334 399 333
401 334 401 333
402 334 402 333
404 334 404 333
405 334 405 333
406 334 406 334
408 334 408 334
409 334 409 333
410 334 411 333
412 334 412 333
413 334 413 333
415 334 415 333
416 334 416 333
417 334 417 334
419 334 419 333
420 334 420 333
422 334 422 333
423 334 423 333
424 334 424 333
426 334 426 333
427 334 427 333
428 334 428 333
430 334 430 333
434 334 434 334
386 335 385 334
387 335 387 334
390 335 390 335
393 335 392 335
395 335 395 335
397 335 397 335
399 335 399 335
401 335 401 335
402 335 402 335
404 335 404 335
405 335 405 335
406 335 406 335
408 335 408 335
409 335 409 335
410 335 411 335
412 335 412 335
413 335 413 335
415 335 415 335
416 335 416 335
417 335 417 335
419 335 419 335
420 335 420 335
422 335 422 335
423 335 423 335
424 335 424 335
426 335 426 335
427 335 427 334
428 335 428 334
430 335 430 335
386 336 385 335
387 336 386 336
388 336 388 336
390 336 390 336
391 336 391 336
398 336 398 336
401 336 401 336
402 336 402 336
404 336 404 336
405 336 405 336
406 336 406 336
408 336 408 336
409 336 409 336
410 336 411 336
412 336 412 336
413 336 413 336
415 336 415 336
416 336 416 336
417 336 417 336
419 336 419 336
420 336 420 336
422 336 422 336
423 336 423 336
424 336 424 336
426 336 426 336
427 336 427 336
428 336 428 336
430 336 429 337
386 338 385 337
387 338 387 338
391 338 391 338
393 338 392 338
397 338 397 337
402 338 402 338
404 338 404 338
405 338 405 338
408 338 408 338
409 338 409 338
410 338 410 338
412 338 412 338
415 338 415 338
416 338 416 338
417 338 417 338
419 338 419 338
420 338 420 338
422 338 422 338
423 338 423 338
424 338 424 338
426 338 426 338
427 338 427 338
428 338 428 337
386 339 385 339
390 339 390 339
391 339 391 339
399 339 400 339
402 339 402 339
404 339 404 339
405 339 405 339
406 339 406 339
408 339 408 339
409 339 409 339
410 339 410 339
413 339 413 339
415 339 415 339
416 339 416 339
417 339 417 339
419 339 419 339
420 339 420 339
422 339 422 339
423 339 423 339
424 339 424 339
426 339 426 339
427 339 427 339
386 340 385 340
387 340 387 340
390 340 390 340
391 340 391 340
394 340 394 341
395 340 395 340
397 340 397 340
398 340 398 340
405 340 405 340
406 340 406 340
408 340 408 340
409 340 409 340
410 340 410 340
415 340 415 340
416 340 416 340
417 340 417 340
419 340 419 340
420 340 420 340
422 340 422 340
423 340 423 340
424 340 424 340
426 340 426 340
427 340 427 340
428 340 428 340
386 342 385 342
387 342 387 342
388 342 388 342
390 342 390 342
391 342 391 342
394 342 394 342
395 342 395 342
397 342 397 342
398 342 398 342
399 342 400 342
402 342 402 342
404 342 404 342
405 342 405 342
406 342 406 342
408 342 408 342
409 342 409 342
410 342 410 341
413 342 413 342
415 342 415 342
416 342 416 342
417 342 417 342
419 342 419 342
420 342 420 342
422 342 422 342
423 342 423 342
424 342 424 342
386 343 385 343
387 343 387 343
388 343 388 343
391 343 391 343
397 343 397 343
398 343 398 343
399 343 400 343
401 343 401 343
404 343 404 343
405 343 405 343
406 343 406 343
408 343 408 343
409 343 409 343
410 343 410 343
412 343 412 343
413 343 413 343
415 343 415 343
416 343 416 343
417 343 417 343
419 343 419 343
420 343 420 343
422 343 422 343
387 345 387 345
388 345 388 345
390 345 390 345
391 345 391 345
394 345 394 345
395 345 395 345
397 345 397 345
398 345 398 345
401 345 401 345
402 345 402 345
404 345 404 345
405 345 405 345
406 345 406 345
408 345 408 345
409 345 409 345
410 345 410 345
412 345 412 345
413 345 413 344
415 345 415 345
416 345 416 345
417 345 417 345
419 345 419 345
420 345 420 345
390 346 390 346
391 346 391 346
393 346 393 346
394 346 394 346
397 346 397 346
398 346 398 346
401 346 401 346
402 346 402 346
404 346 404 346
405 346 405 346
406 346 406 346
408 346 408 346
409 346 409 346
410 346 410 346
412 346 412 346
413 346 413 346
415 346 415 346
416 346 416 346
390 347 390 347
391 347 391 347
393 347 393 347
394 347 394 347
395 347 395 347
398 347 398 347
399 347 399 347
401 347 401 347
402 347 402 347
404 347 404 347
405 347 405 347
406 347 406 347
408 347 408 347
409 347 409 347
410 347 410 347
412 347 412 347
413 347 413 347
415 347 415 347
416 347 416 347
417 347 418 347
393 349 393 349
394 349 394 349
397 349 397 348
398 349 398 349
399 349 399 349
401 349 401 349
402 349 402 349
404 349 404 349
405 349 405 349
406 349 406 349
408 349 408 349
409 349 409 349
410 349 411 349
412 349 412 349
413 349 413 349
394 350 394 350
395 350 395 350
397 350 397 350
398 350 398 350
399 350 399 350
401 350 401 350
402 350 402 350
404 350 404 350
405 350 405 350
406 350 406 350
408 350 408 350
409 350 409 350
410 350 410 350
412 350 412 350
413 350 413 350
395 351 395 351
397 351 397 351
408 351 408 351
409 351 409 351
410 351 410 351
