420 310 420 310
422 310 421 310
423 310 423 310
424 310 424 310
430 310 430 310
413 311 413 311
415 311 415 311
417 311 417 311
419 311 419 312
420 311 420 312
422 311 422 312
423 311 423 312
424 311 424 311
426 311 426 311
428 311 429 311
430 311 430 311
431 311 431 311
408 313 372 307
412 313 412 313
413 313 413 313
415 313 415 313
416 313 416 313
419 313 419 313
420 313 420 313
422 313 422 313
423 313 423 313
424 313 424 313
427 313 427 313
428 313 428 313
430 313 430 313
431 313 431 313
408 314 372 309
410 314 410 314
412 314 412 314
413 314 413 314
415 314 415 314
416 314 416 314
417 314 418 314
420 314 420 314
422 314 422 314
423 314 423 314
427 314 427 314
428 314 428 314
420 316 420 316
409 317 410 317
410 317 411 317
413 317 413 317
415 317 415 317
419 317 419 317
422 317 422 317
423 317 423 317
410 318 410 318
412 318 412 318
413 318 413 318
415 318 415 318
416 318 416 318
422 318 422 318
423 318 423 318
424 318 424 318
427 318 427 318
408 320 408 320
410 320 410 320
412 320 412 320
413 320 413 320
415 320 415 320
416 320 416 320
419 320 419 320
420 320 420 320
422 320 422 320
423 320 423 320
424 320 424 320
428 320 428 319
430 320 430 320
431 320 431 320
433 320 433 320
409 321 409 321
410 321 411 321
412 321 412 321
413 321 413 321
415 321 415 321
416 321 416 321
419 321 419 321
420 321 420 321
422 321 422 321
423 321 423 321
424 321 424 321
428 321 428 321
431 321 431 321
433 321 433 321
409 322 409 322
410 322 410 323
412 322 412 323
413 322 413 323
415 322 415 323
416 322 416 323
419 322 419 322
420 322 420 322
422 322 422 323
423 322 423 323
430 322 430 322
431 322 431 323
433 322 433 322
413 324 413 324
419 324 419 324
424 324 424 324
428 324 429 324
430 324 430 324
431 324 432 324
405 325 405 325
412 325 412 325
415 325 415 325
416 325 416 325
420 325 420 325
422 325 422 325
423 325 423 325
427 325 427 325
428 325 428 325
430 325 430 326
405 327 405 327
406 327 406 327
408 327 408 327
410 327 411 327
412 327 412 327
413 327 413 327
415 327 415 327
416 327 416 327
419 327 419 327
420 327 420 327
422 327 422 327
423 327 423 327
424 327 424 327
428 327 428 327
430 327 430 328
394 328 394 328
395 328 395 328
404 328 404 328
405 328 405 328
406 328 406 328
410 328 410 328
412 328 412 328
413 328 413 328
415 328 415 328
416 328 416 328
420 328 420 328
422 328 422 328
423 328 423 328
424 328 424 328
427 328 427 328
428 328 428 328
433 328 432 328
434 328 434 328
391 329 391 330
394 329 394 329
395 329 395 329
397 329 397 330
398 329 398 329
399 329 400 329
402 329 402 329
404 329 404 329
405 329 405 329
406 329 406 329
408 329 408 329
410 329 410 330
412 329 412 330
413 329 413 329
415 329 415 329
420 329 420 329
422 329 422 329
423 329 423 329
424 329 424 329
427 329 427 329
428 329 428 329
430 329 430 330
431 329 431 329
434 329 434 329
402 331 402 331
404 331 404 331
405 331 405 331
406 331 406 331
408 331 408 331
410 331 410 331
412 331 412 331
413 331 413 331
419 331 419 331
420 331 420 331
422 331 422 331
423 331 423 331
424 331 424 331
427 331 427 331
428 331 428 331
430 331 430 331
431 331 431 331
433 331 433 331
435 331 435 331
388 332 388 332
394 332 394 332
395 332 395 332
397 332 397 332
398 332 398 332
399 332 400 332
412 332 412 332
413 332 413 332
419 332 419 332
423 332 423 332
424 332 424 332
428 332 428 332
430 332 430 332
431 332 431 332
435 332 435 333
386 334 372 323
390 334 390 334
394 334 394 334
395 334 395 334
397 334 397 333
398 334 398 333
399 334 400 333
404 334 404 333
406 334 406 334
409 334 409 334
415 334 415 333
416 334 416 334
420 334 420 334
422 334 422 334
427 334 427 333
386 335 372 324
388 335 388 335
390 335 390 335
391 335 391 335
394 335 394 335
395 335 395 335
397 335 397 335
398 335 398 335
399 335 400 335
402 335 402 335
404 335 404 335
405 335 405 335
406 335 406 335
408 335 408 335
410 335 411 335
412 335 412 335
413 335 413 335
415 335 415 335
416 335 416 335
419 335 419 335
420 335 420 335
422 335 422 335
423 335 423 335
424 335 424 335
427 335 427 335
428 335 428 335
430 335 430 335
431 335 432 334
386 336 372 326
387 336 374 326
390 336 390 336
391 336 391 336
394 336 394 336
395 336 395 336
397 336 397 336
398 336 398 336
399 336 399 336
402 336 402 336
404 336 404 336
405 336 405 336
406 336 406 336
408 336 408 336
410 336 411 336
412 336 412 336
413 336 413 336
415 336 415 336
416 336 416 336
419 336 419 336
420 336 420 336
422 336 422 336
423 336 423 336
424 336 424 336
427 336 427 336
428 336 429 336
430 336 430 336
386 338 372 328
388 338 388 338
390 338 390 338
391 338 391 338
395 338 395 338
397 338 397 338
398 338 398 338
399 338 400 338
402 338 402 338
404 338 404 338
405 338 405 338
406 338 406 338
408 338 408 338
410 338 411 338
412 338 412 337
413 338 413 338
415 338 415 338
416 338 416 338
419 338 419 338
420 338 420 338
422 338 422 338
423 338 423 338
424 338 424 338
427 338 427 338
428 338 428 338
387 339 387 339
388 339 388 339
390 339 390 339
393 339 392 339
398 339 398 339
402 339 402 339
404 339 404 339
405 339 405 339
406 339 406 339
408 339 408 339
410 339 411 339
412 339 412 339
413 339 413 339
415 339 415 339
417 339 417 339
419 339 419 339
420 339 420 339
422 339 422 339
423 339 423 339
424 339 424 339
427 339 427 339
428 339 429 339
394 340 394 340
395 340 395 339
415 340 415 340
422 340 422 340
423 340 423 340
424 340 424 340
386 342 385 342
387 342 387 342
388 342 388 342
390 342 390 342
393 342 393 342
394 342 394 341
395 342 396 341
397 342 397 342
398 342 398 342
402 342 402 342
404 342 404 342
405 342 405 342
406 342 406 342
408 342 408 342
410 342 411 342
413 342 413 342
417 342 417 342
419 342 419 342
386 343 385 343
387 343 387 343
388 343 388 343
390 343 390 343
391 343 391 343
394 343 394 343
397 343 397 343
398 343 398 343
399 343 400 343
404 343 404 343
405 343 405 343
406 343 406 343
408 343 408 343
410 343 410 343
412 343 412 343
413 343 413 343
415 343 415 343
420 343 420 343
422 343 422 343
387 345 387 345
388 345 388 344
390 345 390 345
391 345 391 345
394 345 394 345
395 345 395 345
397 345 397 345
398 345 398 345
401 345 401 345
402 345 402 345
404 345 404 345
405 345 405 345
406 345 406 345
408 345 408 345
410 345 411 345
412 345 412 345
413 345 413 345
415 345 415 345
416 345 416 345
419 345 419 345
420 345 420 345
390 346 390 346
391 346 391 346
394 346 394 346
395 346 395 346
397 346 397 346
398 346 398 346
402 346 402 346
404 346 404 346
405 346 405 346
406 346 406 346
408 346 408 346
410 346 411 346
412 346 412 346
413 346 413 346
415 346 415 346
419 346 419 346
390 347 390 347
393 347 393 347
395 347 395 348
397 347 397 348
401 347 401 347
402 347 402 347
404 347 404 347
405 347 405 347
406 347 406 347
409 347 409 347
410 347 411 347
412 347 412 347
415 347 415 347
416 347 417 347
397 349 397 349
394 350 393 350
398 350 398 350
402 350 402 350
404 350 404 350
405 350 405 350
406 350 406 350
408 350 408 350
410 350 411 350
412 350 412 350
413 350 413 350
397 351 397 351
