424 312 427 305
419 314 419 314
420 314 420 314
426 314 426 314
427 314 427 313
428 314 428 313
411 315 412 315
415 315 415 315
419 315 419 315
420 315 420 315
422 315 422 315
423 315 423 315
426 315 425 315
427 315 427 314
428 315 428 315
410 316 410 316
411 316 412 316
414 316 414 316
415 316 415 316
416 316 417 316
419 316 419 316
420 316 420 316
422 316 422 316
423 316 423 316
415 318 415 318
416 318 416 318
418 318 418 318
420 318 420 318
422 318 422 318
427 318 427 317
409 319 409 318
410 319 410 319
411 319 411 319
414 319 414 319
423 319 423 319
426 319 425 318
427 319 427 318
409 320 409 320
410 320 410 320
411 320 411 320
414 320 414 320
415 320 415 320
416 320 416 320
418 320 418 320
420 320 420 320
422 320 422 320
423 320 423 320
429 320 430 320
432 320 432 320
433 320 433 320
409 322 409 322
410 322 410 322
411 322 411 322
414 322 414 322
415 322 415 322
416 322 416 322
418 322 418 321
420 322 420 322
422 322 422 321
423 322 423 321
432 322 432 321
433 322 434 321
405 323 372 315
409 323 408 323
410 323 410 323
411 323 411 323
414 323 414 323
415 323 415 323
416 323 416 323
419 323 419 323
420 323 420 323
422 323 422 323
423 323 423 323
426 323 425 323
427 323 427 323
428 323 428 323
429 323 430 323
405 324 372 316
409 324 409 324
410 324 410 324
416 324 416 324
419 324 419 324
420 324 420 324
422 324 422 324
426 324 425 325
411 325 411 325
414 325 414 325
415 325 415 325
423 325 423 325
428 325 428 324
432 325 432 325
407 327 407 327
409 327 409 327
410 327 410 327
411 327 411 326
414 327 414 327
415 327 415 327
416 327 416 327
419 327 419 327
420 327 420 327
422 327 421 327
423 327 423 327
428 327 428 326
431 327 430 326
432 327 432 326
433 327 433 325
407 328 407 328
409 328 409 328
410 328 410 328
411 328 411 328
414 328 414 328
415 328 415 328
416 328 416 328
418 328 418 328
420 328 420 328
422 328 422 328
423 328 423 328
426 328 425 328
427 328 427 328
428 328 428 328
431 328 430 328
432 328 432 328
433 328 433 328
407 329 407 329
409 329 409 329
410 329 410 329
411 329 411 329
414 329 414 329
415 329 415 329
416 329 416 329
418 329 418 329
420 329 420 329
422 329 421 329
423 329 423 329
426 329 425 330
427 329 427 329
428 329 428 329
431 329 430 329
432 329 432 329
433 329 433 329
435 329 435 329
397 331 397 330
398 331 398 330
400 331 400 330
402 331 402 330
403 331 403 330
411 331 411 331
414 331 414 331
426 331 426 331
432 331 432 331
433 331 433 331
435 331 435 331
396 332 396 332
397 332 397 332
398 332 398 332
400 332 400 331
402 332 402 332
403 332 403 332
405 332 405 332
407 332 407 332
409 332 409 332
410 332 410 332
415 332 415 332
420 332 420 332
422 332 422 332
423 332 423 332
427 332 427 332
428 332 428 332
429 332 429 332
433 332 433 333
396 333 396 333
397 333 397 333
398 333 398 333
400 333 400 333
402 333 402 333
403 333 403 333
405 333 405 333
407 333 407 333
409 333 409 333
410 333 410 333
411 333 411 333
414 333 414 333
415 333 415 333
416 333 416 333
418 333 418 333
420 333 420 333
422 333 422 333
423 333 423 333
426 333 426 333
427 333 427 333
428 333 428 333
429 333 429 333
432 333 432 333
396 334 395 335
397 334 397 335
398 334 398 335
400 334 400 334
402 334 402 335
403 334 403 335
405 334 405 335
407 334 407 335
409 334 409 335
410 334 410 335
411 334 411 334
414 334 414 335
415 334 415 335
416 334 416 335
419 334 419 335
420 334 420 335
422 334 422 335
423 334 423 334
426 334 426 334
427 334 427 335
428 334 428 335
429 334 429 335
431 334 431 334
393 336 393 335
398 336 398 336
402 336 402 336
405 336 405 336
407 336 407 336
409 336 408 336
410 336 410 336
414 336 414 336
415 336 415 336
416 336 416 336
419 336 419 336
420 336 420 336
422 336 422 336
423 336 423 336
428 336 428 336
429 336 430 336
431 336 432 336
392 337 392 337
393 337 393 337
396 337 396 336
397 337 397 336
426 337 426 337
427 337 427 336
392 338 392 338
393 338 393 338
396 338 396 338
397 338 397 338
398 338 398 338
401 338 401 338
402 338 402 338
403 338 403 338
406 338 406 338
409 338 409 338
410 338 410 338
411 338 411 338
414 338 414 338
415 338 415 338
416 338 416 338
419 338 419 338
420 338 420 338
422 338 422 338
423 338 423 338
426 338 425 338
427 338 427 338
428 338 428 338
429 338 430 339
390 340 390 340
392 340 392 340
393 340 393 340
396 340 395 339
397 340 397 339
398 340 398 339
401 340 401 340
402 340 402 340
403 340 403 340
405 340 405 340
407 340 407 340
409 340 409 340
410 340 410 340
414 340 414 340
415 340 415 340
416 340 416 340
418 340 418 340
420 340 420 340
422 340 422 340
423 340 423 340
426 340 425 340
427 340 427 340
428 340 428 340
390 341 390 341
392 341 392 341
402 341 402 341
403 341 403 341
405 341 405 341
407 341 407 341
409 341 409 341
410 341 410 341
414 341 414 341
415 341 415 341
416 341 416 341
418 341 418 341
420 341 420 341
422 341 422 341
423 341 423 341
426 341 425 341
392 342 392 342
396 342 395 341
397 342 397 341
398 342 398 342
420 342 420 342
422 342 422 342
423 342 423 342
396 344 396 345
397 344 397 343
398 344 398 343
401 344 401 344
403 344 403 344
405 344 405 343
406 344 406 344
409 344 409 344
410 344 410 343
411 344 411 343
414 344 414 344
415 344 415 344
416 344 416 344
390 345 391 345
392 345 392 345
396 345 396 347
397 345 397 345
398 345 398 344
400 345 400 345
402 345 402 345
403 345 403 345
405 345 405 345
407 345 407 345
409 345 409 345
410 345 410 345
411 345 411 344
414 345 414 345
415 345 415 345
416 345 416 345
418 345 418 345
419 345 420 345
390 346 391 346
392 346 392 346
394 346 394 346
396 346 396 348
397 346 397 346
398 346 398 346
401 346 401 346
402 346 402 346
403 346 403 346
405 346 405 346
407 346 407 346
409 346 409 346
410 346 410 346
414 346 414 346
415 346 415 346
416 346 416 346
418 346 418 346
392 348 392 348
397 348 397 348
398 348 398 348
401 348 401 348
402 348 402 348
403 348 403 348
405 348 405 348
407 348 407 348
409 348 409 348
410 348 410 348
416 348 416 348
396 349 396 350
394 350 393 350
397 350 397 350
402 350 402 350
403 350 403 350
405 350 405 350
407 350 407 350
409 350 409 350
410 350 410 350
411 350 411 350
396 351 395 351
397 351 397 351
398 351 398 351
401 351 401 351
402 351 402 351
403 351 404 351
405 351 405 351
407 351 407 351
409 351 409 351
