454 255 459 291
455 255 461 291
449 257 456 293
442 266 408 307
431 278 406 305
436 278 408 304
431 281 412 326
433 281 414 326
436 281 408 309
437 281 409 308
440 281 412 308
442 281 413 308
436 282 408 311
437 282 410 310
439 282 411 310
442 282 414 310
443 282 415 311
434 284 407 313
437 284 410 312
439 284 411 312
440 284 413 312
443 284 416 312
445 284 417 313
434 286 408 314
436 286 409 314
439 286 412 314
440 286 413 314
442 286 415 314
443 286 416 315
448 286 429 331
449 286 431 331
485 286 476 312
433 287 407 317
434 287 408 317
436 287 410 317
437 287 411 317
440 287 413 316
442 287 415 316
443 287 416 316
449 287 431 333
433 288 408 319
434 288 409 319
436 288 410 319
437 288 411 319
439 288 413 319
442 288 415 318
443 288 417 318
445 288 418 318
451 288 423 317
452 288 424 317
466 288 437 316
469 288 441 317
472 288 446 318
473 288 448 318
475 288 451 319
476 288 454 320
437 290 413 322
439 290 428 319
442 290 415 320
443 290 417 320
445 290 418 320
446 290 420 320
449 290 422 319
464 290 435 318
467 290 439 318
469 290 441 319
472 290 446 320
473 290 448 320
476 290 454 322
478 290 468 313
437 292 413 323
440 292 414 322
442 292 430 321
443 292 417 322
445 292 418 322
446 292 420 322
448 292 421 322
449 292 422 321
451 292 424 321
452 292 426 321
454 292 428 321
464 292 436 320
466 292 437 320
467 292 439 320
472 292 446 322
473 292 448 322
485 292 476 320
442 293 416 324
445 293 419 324
446 293 420 324
448 293 422 324
449 293 423 324
452 293 426 323
454 293 427 323
460 293 432 323
461 293 433 323
463 293 435 323
466 293 437 321
467 293 439 322
469 293 441 322
470 293 444 324
472 293 446 324
473 293 448 324
476 293 464 315
478 293 457 327
479 293 469 316
481 293 470 316
485 293 476 322
443 294 418 327
445 294 419 326
448 294 422 326
449 294 424 326
452 294 426 325
454 294 427 325
457 294 430 325
460 294 432 325
461 294 433 324
463 294 435 324
464 294 437 324
466 294 437 324
467 294 439 324
469 294 440 323
470 294 444 326
472 294 446 326
473 294 448 326
475 294 451 326
476 294 454 326
478 294 467 318
479 294 469 318
482 294 473 316
440 296 416 328
443 296 419 328
445 296 420 328
446 296 421 328
449 296 424 329
451 296 425 328
452 296 426 327
454 296 427 327
455 296 429 327
458 296 431 327
460 296 433 327
463 296 435 326
464 296 437 326
466 296 438 326
467 296 440 327
469 296 441 326
470 296 444 328
472 296 446 328
473 296 448 328
475 296 451 328
476 296 454 329
479 296 469 320
481 296 471 318
482 296 473 318
445 298 420 330
446 298 422 330
448 298 423 330
449 298 425 330
452 298 427 330
455 298 429 329
457 298 431 329
460 298 433 329
461 298 435 329
463 298 436 329
466 298 439 328
467 298 440 329
469 298 442 329
470 298 444 329
472 298 446 329
473 298 448 330
481 298 471 320
482 298 473 320
446 299 422 332
448 299 423 332
449 299 425 332
451 299 427 332
454 299 428 331
458 299 433 331
461 299 435 331
463 299 436 330
464 299 438 330
466 299 439 330
470 299 444 331
473 299 448 332
475 299 451 332
476 299 453 332
478 299 455 332
448 300 424 334
449 300 425 334
451 300 427 334
454 300 429 334
455 300 430 334
460 300 435 333
463 300 437 332
464 300 438 332
466 300 440 333
467 300 441 333
470 300 444 332
472 300 446 333
473 300 449 334
475 300 451 334
476 300 453 334
478 300 454 334
482 300 466 331
451 302 427 336
452 302 428 336
455 302 431 335
457 302 432 335
460 302 435 335
461 302 436 335
464 302 438 335
466 302 440 335
467 302 441 335
469 302 443 335
472 302 446 334
473 302 448 335
475 302 450 335
476 302 453 335
451 304 427 338
452 304 428 338
454 304 430 338
457 304 433 338
458 304 434 337
461 304 436 337
463 304 438 337
466 304 440 337
467 304 442 337
469 304 443 337
470 304 445 337
473 304 449 337
475 304 451 337
476 304 452 337
455 305 432 339
458 305 434 339
463 305 438 339
464 305 440 339
467 305 442 338
469 305 444 338
470 305 445 338
472 305 446 338
473 305 449 339
475 305 451 339
476 305 452 339
452 306 430 343
454 306 431 344
469 306 444 340
472 306 447 341
473 306 448 341
475 306 450 340
463 308 436 344
475 308 450 342
470 310 443 344
475 310 451 344
478 310 458 344
