439 286 403 319
441 286 404 319
441 287 405 321
444 288 408 323
466 288 426 320
445 290 409 325
448 290 411 324
465 290 425 321
466 290 426 322
468 290 429 323
475 290 443 327
445 292 409 327
448 292 412 326
450 292 413 326
453 292 417 326
462 292 423 325
463 292 424 325
466 292 427 325
468 292 429 325
445 293 410 329
448 293 413 329
451 293 415 328
453 293 417 328
454 293 418 328
463 293 424 327
465 293 426 327
466 293 428 327
477 293 445 328
478 293 448 332
448 294 413 332
450 294 415 332
453 294 417 330
454 294 418 330
457 294 421 330
465 294 426 329
466 294 428 329
468 294 430 329
472 294 437 331
474 294 439 331
447 296 412 334
450 296 415 334
454 296 418 332
456 296 420 332
459 296 423 332
468 296 431 332
471 296 434 331
472 296 437 333
474 296 439 333
475 296 442 334
456 298 420 335
457 298 421 334
460 298 424 334
462 298 425 334
463 298 427 334
466 298 429 333
468 298 431 334
469 298 432 334
471 298 434 333
472 298 437 335
453 299 418 338
454 299 419 337
457 299 422 337
459 299 423 337
462 299 426 336
463 299 427 335
465 299 428 336
468 299 431 336
469 299 433 336
474 299 440 338
475 299 442 338
454 300 420 339
459 300 424 339
465 300 429 338
466 300 430 338
469 300 433 338
471 300 434 337
472 300 436 337
474 300 440 339
475 300 441 339
466 302 430 340
468 302 432 340
471 302 435 340
472 302 436 340
474 302 438 339
475 302 441 341
468 304 432 342
469 304 434 342
472 304 436 342
474 304 439 343
468 305 432 344
469 305 434 344
471 305 436 344
474 305 439 345
471 306 436 346
472 306 437 346
474 306 439 346
