456 255 454 296
448 260 450 301
432 280 404 330
432 281 404 332
433 281 406 332
432 282 405 335
433 282 407 334
435 282 409 333
445 282 416 333
432 284 405 336
433 284 407 337
435 284 408 337
436 284 411 335
433 286 407 338
435 286 408 338
439 286 403 319
441 286 404 319
450 286 422 336
432 287 406 340
435 287 409 340
436 287 410 340
441 287 405 321
445 287 418 339
450 287 422 339
432 288 406 342
433 288 408 342
435 288 410 342
436 288 412 342
441 288 417 322
442 288 419 322
444 288 408 323
447 288 419 341
450 288 412 322
466 288 426 320
472 288 449 314
474 288 451 314
480 288 466 317
481 288 468 317
435 290 414 324
436 290 416 324
438 290 417 324
444 290 421 323
445 290 409 325
448 290 411 324
465 290 425 321
466 290 426 322
468 290 429 323
472 290 451 317
474 290 452 317
475 290 443 327
478 290 461 319
445 292 409 327
447 292 411 327
448 292 412 326
450 292 413 326
453 292 417 326
462 292 423 325
463 292 424 325
466 292 427 325
468 292 429 325
472 292 451 320
474 292 453 320
475 292 455 320
481 292 468 320
444 293 422 328
445 293 410 329
447 293 411 329
448 293 413 329
451 293 415 328
453 293 417 328
454 293 418 328
463 293 424 327
465 293 426 327
466 293 428 327
474 293 453 322
475 293 455 322
477 293 445 328
478 293 448 332
483 293 465 320
448 294 413 332
450 294 415 332
453 294 417 330
454 294 418 330
457 294 421 330
465 294 426 329
466 294 428 329
468 294 430 329
472 294 437 331
474 294 439 331
475 294 454 324
477 294 457 324
478 294 460 324
480 294 461 325
447 296 412 334
450 296 415 334
454 296 418 332
456 296 420 332
459 296 423 332
468 296 431 332
471 296 434 331
472 296 437 333
474 296 439 333
475 296 442 334
478 296 460 326
481 296 464 326
483 296 467 325
444 298 411 336
445 298 412 337
447 298 413 335
448 298 414 336
456 298 420 335
457 298 421 334
460 298 424 334
462 298 425 334
463 298 427 334
466 298 429 333
468 298 431 334
469 298 432 334
471 298 434 333
472 298 437 335
481 298 465 327
447 299 414 338
450 299 416 339
453 299 418 338
454 299 419 337
457 299 422 337
459 299 423 337
462 299 426 336
463 299 427 335
465 299 428 336
468 299 431 336
469 299 433 336
474 299 440 338
475 299 442 338
447 300 414 341
448 300 415 340
451 300 418 340
454 300 420 339
459 300 424 339
463 300 427 338
465 300 429 338
466 300 430 338
469 300 433 338
471 300 434 337
472 300 436 337
474 300 440 339
475 300 441 339
448 302 415 343
451 302 418 343
453 302 420 342
454 302 421 343
457 302 423 341
459 302 424 341
462 302 427 341
465 302 429 340
466 302 430 340
468 302 432 340
471 302 435 340
472 302 436 340
474 302 438 339
475 302 441 341
477 302 443 341
450 304 417 344
453 304 419 344
454 304 421 345
457 304 423 343
459 304 425 343
460 304 426 343
463 304 428 343
468 304 432 342
469 304 434 342
472 304 436 342
474 304 439 343
475 304 441 343
477 304 443 343
450 305 417 346
454 305 421 346
456 305 422 346
459 305 425 345
462 305 427 345
465 305 428 345
468 305 432 344
469 305 434 344
471 305 436 344
474 305 439 345
475 305 441 345
469 306 434 346
471 306 436 346
472 306 437 346
474 306 439 346
477 308 443 347
