455 256 433 313
457 256 435 313
443 280 413 315
442 281 415 336
445 281 415 315
431 282 383 321
433 282 385 322
445 282 415 317
433 286 385 326
436 286 389 328
482 286 392 321
433 287 385 328
434 287 387 330
436 287 389 330
440 287 409 330
443 287 416 345
472 287 422 330
476 287 429 329
479 287 431 328
440 288 409 332
446 288 417 346
449 288 402 333
451 288 403 333
472 288 422 333
473 288 424 333
475 288 426 334
478 288 430 330
479 288 432 331
485 288 442 331
448 290 416 329
449 290 401 335
451 290 403 336
452 290 405 335
463 290 435 342
464 290 397 335
472 290 422 334
473 290 423 335
475 290 426 337
476 290 414 344
485 290 442 335
448 292 416 330
451 292 402 338
452 292 404 338
454 292 388 335
461 292 412 333
466 292 398 338
467 292 399 338
470 292 419 337
472 292 421 337
473 292 423 337
484 292 440 338
448 293 383 334
452 293 403 340
454 293 405 339
461 293 412 335
466 293 397 340
467 293 399 340
469 293 401 341
476 293 426 339
478 293 434 342
482 293 437 339
484 293 439 339
445 294 394 342
448 294 396 342
451 294 385 337
452 294 387 338
454 294 404 341
463 294 394 341
467 294 398 342
484 294 438 341
448 296 383 338
452 296 386 340
454 296 404 343
457 296 407 342
458 296 409 342
464 296 396 343
466 296 397 344
467 296 399 344
470 296 402 346
476 296 425 343
481 296 432 343
443 298 392 346
455 298 405 345
458 298 408 345
461 298 410 345
463 298 395 345
466 298 397 346
467 298 398 346
469 298 400 347
470 298 402 348
472 298 403 348
476 298 424 344
481 298 431 345
451 299 398 348
455 299 404 346
460 299 409 346
463 299 394 347
464 299 396 347
469 299 399 349
470 299 401 350
472 299 403 350
473 299 405 351
478 299 426 345
449 300 396 350
460 300 408 349
461 300 410 349
463 300 412 350
464 300 395 349
469 300 399 350
470 300 400 351
472 300 402 352
473 300 404 353
475 300 406 354
476 300 423 347
449 302 396 352
451 302 398 353
458 302 406 352
461 302 410 351
470 302 400 353
472 302 401 354
473 302 403 355
475 302 421 347
476 302 423 348
451 304 397 354
469 304 416 349
470 304 418 350
472 304 401 355
473 304 403 356
463 305 412 354
470 305 417 352
473 306 433 343
470 308 417 356
470 310 417 358
