439 278 430 290
435 281 426 293
435 282 426 295
441 282 432 295
442 282 433 295
435 284 426 297
436 284 428 297
441 284 432 297
442 284 434 297
436 286 428 298
438 286 429 298
439 286 431 298
442 286 434 298
444 286 435 299
447 286 438 298
448 286 439 298
450 286 441 298
438 287 429 300
439 287 431 300
441 287 432 300
444 287 435 300
445 287 437 300
447 287 438 299
448 287 439 299
450 287 441 299
465 287 454 298
466 287 456 298
468 287 459 300
469 287 461 300
474 287 467 300
475 287 469 300
477 287 470 300
439 288 431 302
441 288 433 302
442 288 434 302
445 288 437 301
447 288 438 301
448 288 440 301
450 288 441 301
451 288 442 301
453 288 444 301
465 288 456 301
466 288 457 301
468 288 459 301
469 288 461 302
471 288 463 301
472 288 465 302
474 288 467 302
475 288 469 302
477 288 470 302
441 290 433 303
442 290 434 303
445 290 437 303
447 290 438 303
448 290 440 303
450 290 441 303
451 290 443 303
453 290 444 303
454 290 446 303
456 290 448 303
459 290 449 302
460 290 451 303
462 290 453 303
463 290 454 303
465 290 456 303
466 290 457 303
468 290 459 303
469 290 461 303
471 290 463 303
472 290 465 303
474 290 467 303
475 290 469 304
477 290 471 304
478 290 472 303
480 290 475 305
442 292 434 305
445 292 437 305
447 292 438 305
448 292 440 305
450 292 442 305
451 292 443 305
453 292 445 305
454 292 446 305
456 292 448 305
459 292 449 305
460 292 451 305
462 292 453 305
463 292 454 304
465 292 456 304
466 292 457 305
468 292 459 305
469 292 461 305
471 292 463 305
472 292 465 305
474 292 467 305
475 292 469 305
477 292 471 305
478 292 473 305
480 292 474 306
444 293 436 307
447 293 438 307
448 293 440 307
450 293 442 307
451 293 443 306
453 293 445 307
454 293 446 306
459 293 449 307
460 293 451 306
462 293 453 306
463 293 455 306
465 293 456 306
466 293 458 306
468 293 459 307
469 293 461 306
471 293 463 307
472 293 465 307
474 293 467 307
475 293 469 307
477 293 471 307
478 293 473 308
445 294 438 309
447 294 439 309
450 294 442 308
451 294 443 308
453 294 445 308
454 294 446 308
456 294 448 308
460 294 451 308
462 294 453 308
463 294 455 308
466 294 458 308
468 294 460 308
469 294 461 308
471 294 463 308
472 294 465 309
474 294 467 309
475 294 469 308
477 294 471 308
478 294 473 309
447 296 439 310
448 296 441 310
451 296 444 310
453 296 445 310
454 296 447 310
456 296 448 310
457 296 449 310
459 296 451 310
460 296 452 310
462 296 454 310
465 296 456 309
466 296 458 309
468 296 460 310
469 296 461 310
471 296 463 309
472 296 465 310
474 296 467 310
475 296 469 311
477 296 471 311
478 296 472 311
450 298 442 312
453 298 445 311
454 298 447 311
456 298 448 312
457 298 450 312
459 298 451 312
460 298 452 311
462 298 454 311
463 298 455 311
466 298 458 311
468 298 460 311
469 298 461 311
471 298 463 311
472 298 465 311
474 298 467 313
475 298 469 312
477 298 471 312
451 299 444 313
454 299 447 313
456 299 448 313
457 299 450 313
459 299 451 313
460 299 453 313
462 299 454 313
463 299 456 313
465 299 457 313
466 299 459 313
469 299 461 312
471 299 463 313
472 299 465 313
477 299 470 314
453 300 446 316
456 300 448 315
457 300 450 315
459 300 451 315
460 300 453 315
462 300 454 315
463 300 456 315
465 300 457 315
466 300 459 315
468 300 461 315
471 300 463 314
472 300 465 314
474 300 467 315
475 300 469 315
456 302 449 318
457 302 450 316
459 302 451 316
460 302 453 316
462 302 454 316
463 302 456 316
465 302 457 316
466 302 459 316
468 302 461 317
469 302 462 317
471 302 463 316
472 302 465 316
474 302 467 316
475 302 469 317
465 304 457 318
466 304 459 318
468 304 460 318
469 304 462 318
471 304 464 318
474 304 467 318
475 304 469 318
468 305 461 320
469 305 462 320
471 305 464 320
472 305 465 320
474 305 467 320
475 305 469 320
471 306 464 321
472 306 465 322
474 306 467 322
471 308 465 323
472 308 466 323
