454 255 447 270
456 255 448 270
457 255 450 270
453 257 444 273
456 257 448 271
457 257 450 271
453 258 443 275
457 258 450 273
453 260 443 276
441 266 438 271
456 266 448 275
439 268 436 272
441 268 438 272
442 268 439 273
454 268 447 276
438 269 435 274
439 269 436 274
441 269 438 274
442 269 439 274
439 270 436 276
441 270 438 275
442 270 439 276
436 272 433 277
438 272 435 277
441 272 438 277
442 272 439 277
438 274 434 279
439 274 436 279
436 275 433 280
441 275 437 280
442 275 439 280
438 276 434 282
439 276 436 281
442 276 438 282
444 276 440 281
436 278 432 283
438 278 434 283
439 278 436 283
441 278 437 283
442 278 439 283
444 278 440 283
453 278 447 283
454 278 449 282
456 278 450 281
436 280 433 284
438 280 434 285
439 280 436 284
441 280 437 285
442 280 439 285
444 280 440 284
448 280 444 284
450 280 445 284
451 280 446 284
456 280 450 282
457 280 451 282
436 281 433 286
438 281 434 286
439 281 436 286
441 281 438 286
442 281 439 286
444 281 441 286
445 281 442 286
451 281 447 285
456 281 450 284
457 281 451 284
436 282 433 288
438 282 434 288
439 282 436 288
441 282 438 288
442 282 439 288
444 282 441 288
445 282 442 287
447 282 443 288
453 282 448 286
456 282 450 287
457 282 453 287
460 282 453 285
436 284 433 289
438 284 434 289
439 284 436 289
441 284 438 289
442 284 439 289
444 284 441 289
445 284 442 289
447 284 443 289
448 284 445 289
456 284 451 288
457 284 453 288
459 284 455 288
460 284 456 288
436 286 433 291
438 286 435 291
439 286 436 291
441 286 437 291
442 286 439 291
444 286 441 291
447 286 443 291
448 286 445 291
450 286 446 290
453 286 449 290
456 286 452 290
457 286 453 290
459 286 455 290
462 286 458 290
466 286 463 290
468 286 465 290
469 286 467 290
436 287 433 292
438 287 434 292
439 287 436 292
441 287 438 292
442 287 439 292
444 287 441 292
445 287 442 292
447 287 443 292
448 287 445 292
450 287 446 292
451 287 448 292
456 287 452 292
460 287 457 291
465 287 461 291
466 287 463 291
468 287 465 292
469 287 467 291
475 287 473 293
477 287 475 293
478 287 476 293
480 287 478 293
481 287 480 293
483 287 481 293
484 287 483 293
436 288 433 293
438 288 434 294
439 288 436 294
441 288 438 294
442 288 439 294
444 288 441 293
445 288 442 294
447 288 443 293
448 288 445 293
450 288 446 294
451 288 448 294
453 288 449 294
456 288 452 294
457 288 453 294
459 288 455 293
460 288 457 293
463 288 460 293
466 288 462 293
468 288 464 294
469 288 466 294
471 288 468 293
475 288 473 294
477 288 474 294
478 288 476 294
480 288 478 295
483 288 481 295
436 290 433 295
438 290 435 295
439 290 436 295
441 290 438 295
442 290 439 295
444 290 441 295
445 290 442 295
447 290 443 295
448 290 445 295
450 290 447 295
451 290 448 295
453 290 450 295
454 290 451 295
457 290 453 295
459 290 455 295
460 290 457 295
462 290 458 295
463 290 460 295
465 290 461 295
466 290 463 295
468 290 464 295
469 290 466 295
471 290 468 294
472 290 470 295
475 290 473 296
477 290 474 296
478 290 476 296
483 290 482 296
436 292 433 297
438 292 435 297
439 292 436 297
441 292 438 297
442 292 439 297
444 292 441 297
445 292 442 297
447 292 444 297
448 292 445 297
450 292 446 297
451 292 448 297
453 292 450 297
454 292 451 297
457 292 453 297
459 292 455 297
460 292 457 297
462 292 458 297
463 292 460 297
465 292 462 297
466 292 463 297
468 292 464 296
469 292 466 297
471 292 468 296
474 292 471 297
475 292 473 297
477 292 475 297
478 292 476 297
480 292 478 297
481 292 480 298
483 292 481 298
436 293 433 298
438 293 435 298
439 293 436 298
441 293 438 298
442 293 439 298
444 293 441 298
445 293 442 298
447 293 444 298
448 293 445 298
450 293 447 298
451 293 448 298
453 293 450 298
454 293 451 298
456 293 453 298
457 293 454 298
459 293 456 298
460 293 457 298
463 293 460 298
465 293 461 298
466 293 463 298
468 293 464 298
469 293 466 298
471 293 467 298
472 293 470 299
474 293 471 299
475 293 473 299
477 293 475 299
478 293 476 299
480 293 478 299
481 293 480 299
438 294 435 300
439 294 437 300
441 294 438 300
442 294 439 300
444 294 441 300
445 294 442 300
448 294 446 300
450 294 447 300
451 294 448 300
453 294 450 300
454 294 451 300
456 294 453 300
457 294 455 300
459 294 456 300
460 294 457 300
465 294 461 300
466 294 463 299
468 294 464 299
469 294 466 299
471 294 469 301
472 294 470 300
474 294 471 300
475 294 473 301
477 294 475 301
478 294 476 301
480 294 478 301
481 294 480 301
483 294 481 300
441 296 438 302
442 296 439 302
444 296 441 302
445 296 442 301
447 296 444 302
448 296 446 302
450 296 447 301
451 296 448 301
453 296 450 301
454 296 451 302
456 296 453 301
457 296 454 301
459 296 456 301
460 296 457 301
462 296 459 301
463 296 460 301
466 296 463 301
468 296 465 301
469 296 466 301
471 296 469 302
472 296 470 302
474 296 471 302
475 296 473 302
477 296 475 302
478 296 476 302
480 296 478 302
445 298 443 303
447 298 444 303
448 298 446 303
450 298 447 303
451 298 448 303
453 298 450 303
454 298 451 303
456 298 453 303
457 298 454 303
459 298 456 303
462 298 459 303
463 298 461 303
465 298 462 303
466 298 464 303
468 298 466 304
469 298 467 304
471 298 469 304
472 298 470 304
474 298 472 304
475 298 473 304
477 298 475 304
478 298 476 304
480 298 478 304
447 299 444 305
448 299 446 305
450 299 447 305
451 299 449 304
453 299 450 304
454 299 451 304
456 299 453 305
457 299 455 305
459 299 456 305
460 299 458 305
462 299 459 305
463 299 461 305
465 299 462 305
466 299 464 305
468 299 466 305
469 299 467 305
471 299 468 305
472 299 470 305
474 299 471 305
475 299 473 305
477 299 475 305
478 299 476 305
480 299 478 306
447 300 444 306
448 300 446 306
450 300 447 306
451 300 449 306
453 300 450 307
454 300 452 307
456 300 453 307
457 300 455 307
459 300 456 307
460 300 458 306
462 300 459 306
463 300 461 306
465 300 462 306
468 300 466 307
471 300 468 307
472 300 470 307
474 300 471 307
475 300 473 307
477 300 475 307
480 300 478 307
448 302 446 308
450 302 447 308
451 302 449 308
454 302 452 308
459 302 456 308
460 302 458 308
462 302 459 308
463 302 461 308
465 302 462 308
466 302 464 308
469 302 467 308
471 302 468 308
472 302 470 308
474 302 471 308
475 302 473 308
477 302 475 308
450 304 447 310
451 304 449 310
453 304 450 310
456 304 453 310
457 304 455 309
460 304 458 309
462 304 459 309
463 304 461 310
465 304 462 309
466 304 464 309
468 304 465 310
481 304 481 304
450 305 448 311
454 305 453 311
456 305 454 311
457 305 456 311
462 305 459 311
463 305 461 311
465 305 463 311
466 305 464 311
468 305 465 311
469 305 467 311
471 305 468 311
472 305 470 311
474 305 471 311
475 305 473 311
477 305 475 311
478 305 476 310
480 305 481 310
481 305 481 305
451 306 450 313
462 306 459 312
463 306 461 312
465 306 463 312
466 306 464 312
468 306 465 312
469 306 467 312
471 306 468 312
472 306 470 313
474 306 471 313
475 306 473 312
477 306 475 312
480 306 481 312
463 308 459 315
465 308 461 315
466 308 462 315
468 308 466 314
469 308 467 314
471 308 469 314
475 308 473 314
477 308 475 314
480 308 481 313
472 310 469 316
474 310 470 316
475 310 472 316
