448 260 409 315
440 268 384 315
458 274 397 316
432 280 382 339
433 281 384 342
434 282 386 343
436 282 387 343
433 284 385 347
439 284 432 329
445 284 393 345
446 284 409 340
448 284 411 340
442 286 423 341
474 286 423 308
475 286 424 308
439 287 421 344
445 287 417 320
446 287 427 339
450 287 398 349
466 287 400 325
472 287 428 326
440 288 393 332
442 288 414 324
444 288 397 331
445 288 426 343
446 288 418 321
452 288 408 327
472 288 429 328
442 290 414 326
444 290 397 333
445 290 399 333
448 290 403 332
451 290 407 330
452 290 409 329
456 290 411 329
472 290 429 330
478 290 440 332
484 290 444 327
445 292 387 336
446 292 388 336
450 292 391 336
451 292 407 332
452 292 408 332
454 292 410 331
462 292 398 335
466 292 402 335
468 292 404 336
472 292 429 332
474 292 432 333
475 292 433 333
480 292 446 333
484 292 445 329
446 293 388 339
448 293 402 338
450 293 391 338
451 293 423 327
452 293 409 335
454 293 410 334
456 293 412 333
458 293 414 332
462 293 417 330
463 293 433 321
470 293 428 335
472 293 429 335
474 293 432 335
475 293 433 335
445 294 388 341
446 294 389 342
450 294 422 331
452 294 425 329
454 294 410 336
463 294 418 332
464 294 402 339
469 294 406 340
476 294 435 337
446 296 390 343
451 296 424 333
452 296 394 342
454 296 410 338
456 296 412 338
457 296 413 338
458 296 415 337
463 296 401 342
464 296 422 336
469 296 407 342
470 296 409 343
481 296 445 338
445 298 389 347
446 298 403 346
450 298 405 346
457 298 414 340
458 298 415 340
463 298 420 339
464 298 422 339
466 298 423 339
469 298 407 344
446 299 391 349
452 299 395 348
454 299 396 348
460 299 417 342
463 299 403 347
470 299 408 346
474 299 430 340
448 300 392 351
451 300 394 350
454 300 396 350
462 300 402 349
464 300 404 349
468 300 406 349
470 300 408 348
472 300 410 348
474 300 430 342
448 302 392 353
450 302 394 353
452 302 396 353
460 302 417 348
462 302 402 351
463 302 420 346
464 302 404 351
474 302 412 351
475 302 417 353
450 304 393 355
452 304 396 355
454 304 397 355
460 304 419 350
466 304 406 354
468 304 407 354
470 304 409 353
472 304 411 353
474 304 413 353
456 305 399 356
458 305 434 345
468 305 407 356
469 305 409 356
470 305 443 338
472 305 411 355
476 310 416 361
