443 281 414 315
431 284 383 322
433 284 385 322
434 284 387 323
436 284 389 323
436 286 388 326
473 286 424 311
484 286 395 318
436 287 405 329
437 287 408 328
440 287 410 327
445 287 415 326
439 288 409 331
440 288 410 329
448 288 417 325
449 288 402 332
472 288 424 331
473 288 426 332
475 288 429 333
449 290 402 335
451 290 404 334
452 290 406 333
464 290 398 335
466 290 399 336
472 290 424 334
473 290 426 334
485 290 445 338
449 292 386 334
451 292 403 337
452 292 405 336
455 292 408 334
461 292 413 332
466 292 399 338
467 292 401 339
470 292 421 337
472 292 424 337
473 292 426 336
475 292 428 337
476 292 430 337
446 293 383 335
448 293 385 336
449 293 386 336
451 293 419 331
452 293 405 339
454 293 406 338
463 293 414 334
470 293 421 339
472 293 423 339
484 293 443 337
448 294 385 338
449 294 386 338
454 294 406 340
461 294 411 338
463 294 413 336
467 294 400 340
448 296 385 340
454 296 406 342
455 296 407 342
457 296 409 341
458 296 410 341
463 296 414 341
464 296 416 341
466 296 418 337
467 296 400 344
469 296 402 345
448 298 385 342
452 298 404 346
454 298 406 347
455 298 407 344
460 298 411 344
461 298 413 344
463 298 396 345
464 298 416 343
467 298 400 346
469 298 402 347
470 298 404 348
449 299 399 349
454 299 406 348
455 299 407 349
457 299 408 345
460 299 411 346
461 299 395 347
464 299 398 347
467 299 419 345
469 299 401 349
470 299 403 349
472 299 405 350
449 300 399 351
451 300 400 351
454 300 389 347
460 300 410 348
461 300 412 348
463 300 397 349
470 300 402 351
472 300 404 352
448 302 398 353
449 302 399 354
452 302 402 353
454 302 421 345
455 302 390 349
458 302 409 349
460 302 410 350
461 302 413 351
466 302 399 352
467 302 400 352
472 302 404 354
473 302 406 355
475 302 409 355
454 304 390 352
457 304 408 354
461 304 413 352
467 304 418 348
472 304 404 355
473 304 406 356
458 305 426 349
475 310 414 361
