437 281 409 308
436 282 408 311
437 282 410 310
437 284 410 312
439 284 411 312
439 286 412 314
440 286 413 314
443 286 416 315
440 287 413 316
437 288 411 319
442 288 415 318
445 288 418 318
466 288 437 316
469 288 441 317
472 288 446 318
473 288 448 318
475 288 451 319
476 288 454 320
442 290 415 320
443 290 417 320
445 290 418 320
446 290 420 320
449 290 422 319
464 290 435 318
467 290 439 318
469 290 441 319
472 290 446 320
473 290 448 320
476 290 454 322
443 292 417 322
445 292 418 322
449 292 422 321
451 292 424 321
452 292 426 321
454 292 428 321
464 292 436 320
466 292 437 320
467 292 439 320
472 292 446 322
473 292 448 322
445 293 419 324
446 293 420 324
449 293 423 324
452 293 426 323
454 293 427 323
460 293 432 323
463 293 435 323
466 293 437 321
467 293 439 322
469 293 441 322
470 293 444 324
472 293 446 324
473 293 448 324
445 294 419 326
449 294 424 326
452 294 426 325
454 294 427 325
457 294 430 325
460 294 432 325
461 294 433 324
463 294 435 324
464 294 437 324
466 294 437 324
467 294 439 324
469 294 440 323
470 294 444 326
472 294 446 326
473 294 448 326
475 294 451 326
476 294 454 326
446 296 421 328
449 296 424 329
451 296 425 328
452 296 426 327
454 296 427 327
455 296 429 327
458 296 431 327
460 296 433 327
463 296 435 326
464 296 437 326
466 296 438 326
467 296 440 327
469 296 441 326
470 296 444 328
472 296 446 328
473 296 448 328
448 298 423 330
449 298 425 330
452 298 427 330
455 298 429 329
457 298 431 329
460 298 433 329
461 298 435 329
463 298 436 329
466 298 439 328
467 298 440 329
469 298 442 329
470 298 444 329
472 298 446 329
473 298 448 330
449 299 425 332
451 299 427 332
454 299 428 331
458 299 433 331
461 299 435 331
463 299 436 330
464 299 438 330
466 299 439 330
470 299 444 331
473 299 448 332
451 300 427 334
454 300 429 334
455 300 430 334
460 300 435 333
463 300 437 332
464 300 438 332
466 300 440 333
467 300 441 333
470 300 444 332
472 300 446 333
473 300 449 334
451 302 427 336
452 302 428 336
455 302 431 335
457 302 432 335
461 302 436 335
464 302 438 335
466 302 440 335
467 302 441 335
469 302 443 335
472 302 446 334
473 302 448 335
469 304 443 337
470 304 445 337
473 304 449 337
469 305 444 338
470 305 445 338
472 305 446 338
