454 255 466 285
456 255 469 285
457 255 471 285
450 257 464 287
456 257 469 287
442 266 418 301
436 281 418 302
438 281 419 302
440 281 422 302
442 281 423 302
433 282 416 304
436 282 418 304
438 282 419 304
439 282 421 304
440 282 422 304
444 282 425 303
433 284 416 306
436 284 418 306
438 284 420 306
439 284 421 306
440 284 422 306
442 284 424 306
444 284 426 306
434 286 417 308
438 286 420 308
439 286 421 308
440 286 422 308
442 286 424 308
444 286 426 308
446 286 428 307
450 286 430 307
434 287 418 310
436 287 419 310
438 287 420 310
440 287 423 310
442 287 424 309
444 287 426 309
445 287 428 310
446 287 428 309
448 287 430 309
450 287 431 309
451 287 433 309
460 287 441 308
474 287 458 311
480 287 468 313
434 288 418 312
436 288 419 312
438 288 421 312
440 288 423 311
442 288 425 311
444 288 426 311
445 288 428 311
450 288 432 311
451 288 433 311
452 288 435 311
457 288 439 310
464 288 446 310
466 288 447 310
468 288 449 310
476 288 462 313
481 288 470 315
436 290 419 313
438 290 421 313
439 290 422 313
442 290 425 313
444 290 426 313
445 290 428 313
446 290 429 313
448 290 431 313
450 290 432 312
451 290 433 313
452 290 435 312
457 290 439 312
464 290 446 312
466 290 447 312
468 290 449 312
472 290 456 313
474 290 458 313
475 290 460 314
476 290 463 315
478 290 465 315
438 292 421 315
439 292 423 315
440 292 424 315
444 292 427 315
445 292 428 315
446 292 430 315
448 292 431 315
451 292 433 315
457 292 439 314
458 292 440 314
460 292 442 314
462 292 443 314
464 292 446 314
466 292 447 314
468 292 449 314
469 292 451 315
470 292 453 315
472 292 456 315
474 292 458 315
475 292 460 315
478 292 465 317
480 292 476 306
436 293 420 317
439 293 423 317
440 293 424 317
442 293 426 317
445 293 428 317
446 293 430 317
448 293 431 317
450 293 433 317
452 293 435 316
454 293 437 316
456 293 438 316
458 293 441 316
460 293 442 316
462 293 444 316
463 293 445 316
466 293 448 316
468 293 449 316
469 293 451 316
470 293 453 317
472 293 456 317
474 293 458 317
475 293 460 317
476 293 463 318
478 293 465 319
480 293 467 319
438 294 422 319
440 294 425 319
442 294 426 319
444 294 427 319
446 294 430 319
448 294 432 319
450 294 433 319
451 294 434 319
454 294 437 318
456 294 438 318
457 294 440 318
460 294 442 318
462 294 444 318
463 294 445 318
464 294 447 318
468 294 450 318
469 294 451 318
470 294 454 318
472 294 456 319
474 294 458 319
475 294 460 319
476 294 463 320
478 294 465 320
484 294 470 323
442 296 426 321
444 296 428 321
445 296 429 321
448 296 432 321
450 296 433 321
451 296 435 321
452 296 436 321
454 296 437 320
456 296 439 320
457 296 440 320
458 296 441 320
462 296 444 320
463 296 446 320
464 296 447 320
466 296 449 320
468 296 450 320
469 296 452 320
470 296 454 320
472 296 456 320
474 296 458 320
475 296 460 321
476 296 463 322
478 296 465 322
444 298 428 323
445 298 429 323
446 298 431 322
448 298 432 323
451 298 435 322
452 298 436 322
454 298 438 322
456 298 439 322
457 298 440 322
458 298 442 322
460 298 443 322
463 298 446 322
464 298 447 321
466 298 449 321
468 298 451 321
469 298 452 322
470 298 454 322
472 298 456 322
474 298 458 322
475 298 460 323
476 298 462 323
478 298 464 324
446 299 431 324
448 299 433 325
450 299 434 325
451 299 436 325
454 299 438 324
456 299 439 324
457 299 441 324
460 299 444 324
462 299 445 323
464 299 448 323
466 299 449 323
468 299 451 323
469 299 452 323
470 299 454 324
472 299 456 323
474 299 458 324
476 299 462 325
446 300 431 326
448 300 433 326
450 300 434 326
451 300 436 327
454 300 438 326
456 300 439 326
457 300 441 326
458 300 443 326
462 300 445 325
463 300 447 325
466 300 449 325
468 300 451 325
469 300 452 325
470 300 454 325
472 300 456 325
474 300 458 325
475 300 460 326
476 300 463 326
448 302 433 328
450 302 435 328
451 302 436 328
452 302 438 328
456 302 440 328
457 302 441 328
458 302 443 328
462 302 445 327
463 302 447 327
464 302 448 327
468 302 451 327
469 302 453 327
472 302 456 327
474 302 458 327
475 302 460 327
476 302 462 327
450 304 435 330
451 304 436 330
452 304 438 330
454 304 439 330
457 304 442 329
458 304 443 329
460 304 445 330
462 304 446 329
463 304 447 329
464 304 449 329
466 304 450 329
468 304 452 329
470 304 454 329
472 304 456 329
474 304 457 328
475 304 460 329
450 305 435 332
451 305 436 332
452 305 438 332
454 305 439 331
460 305 445 331
462 305 446 331
463 305 448 331
466 305 450 330
468 305 452 330
469 305 453 331
472 305 456 331
474 305 458 331
475 305 460 331
476 305 462 331
456 306 440 334
457 306 442 333
458 306 443 333
460 306 445 333
462 306 446 333
463 306 448 333
464 306 450 333
468 306 452 333
469 306 454 332
470 306 455 332
472 306 457 333
474 306 458 333
475 306 460 332
480 306 466 334
462 308 446 336
463 308 448 336
464 308 450 336
470 308 455 334
472 308 457 334
474 308 459 334
478 308 462 334
470 310 454 336
472 310 456 336
475 310 460 336
476 310 462 336
478 310 464 336
480 310 466 337
