445 292 387 336
450 292 391 336
446 293 388 339
445 294 388 341
446 294 389 342
464 294 402 339
469 294 406 340
446 296 390 343
452 296 394 342
463 296 401 342
469 296 407 342
470 296 409 343
445 298 389 347
469 298 407 344
452 299 395 348
454 299 396 348
463 299 403 347
470 299 408 346
451 300 394 350
454 300 396 350
462 300 402 349
464 300 404 349
468 300 406 349
470 300 408 348
472 300 410 348
462 302 402 351
464 302 404 351
474 302 412 351
470 304 409 353
472 304 411 353
474 304 413 353
472 305 411 355
