437 268 384 319
442 268 386 317
448 275 431 319
442 281 381 320
445 281 390 340
446 281 392 340
431 282 382 340
445 282 390 342
446 284 392 344
448 284 393 344
449 284 404 326
464 284 400 324
439 286 380 326
443 286 383 327
467 286 423 311
479 286 436 309
481 286 427 309
437 287 379 329
443 287 415 323
446 287 424 341
449 287 394 348
472 287 423 310
485 287 445 333
434 288 389 332
437 288 409 328
440 288 411 327
443 288 414 326
445 288 416 325
448 288 418 322
451 288 405 330
452 288 407 329
467 288 436 317
472 288 427 330
434 290 404 333
445 290 384 333
446 290 418 327
448 290 418 324
451 290 405 332
452 290 407 331
454 290 408 331
466 290 400 334
472 290 427 332
484 290 442 330
445 292 397 336
446 292 385 335
448 292 387 336
451 292 405 335
452 292 407 334
455 292 410 333
461 292 415 329
472 292 427 335
473 292 429 335
448 293 387 338
451 293 405 337
452 293 407 337
454 293 409 336
470 293 425 337
472 293 427 337
473 293 429 337
451 294 405 339
452 294 407 340
454 294 408 338
461 294 414 335
463 294 416 336
473 294 412 345
451 296 422 335
454 296 408 341
457 296 411 340
458 296 412 340
463 296 416 339
448 298 401 346
449 298 403 346
451 298 406 345
455 298 409 343
463 298 417 342
448 299 389 347
449 299 402 349
455 299 409 345
460 299 414 345
461 299 398 347
469 299 405 348
470 299 406 348
448 300 389 349
449 300 402 351
451 300 404 351
458 300 397 349
469 300 404 349
470 300 406 350
472 300 408 350
473 300 411 353
449 302 390 351
454 302 425 344
458 302 412 349
460 302 414 349
461 302 416 350
464 302 401 352
467 302 403 352
470 302 406 352
472 302 407 352
473 302 409 353
475 302 413 355
458 304 413 353
460 304 415 352
469 304 439 339
473 304 409 355
457 305 428 348
469 305 438 341
470 305 407 356
478 305 445 338
475 306 442 342
