436 281 418 302
438 281 419 302
440 281 422 302
436 282 418 304
438 282 419 304
439 282 421 304
440 282 422 304
436 284 418 306
438 284 420 306
439 284 421 306
440 284 422 306
442 284 424 306
438 286 420 308
439 286 421 308
440 286 422 308
442 286 424 308
444 286 426 308
438 287 420 310
440 287 423 310
442 287 424 309
444 287 426 309
445 287 428 310
474 287 458 311
480 287 468 313
438 288 421 312
440 288 423 311
442 288 425 311
444 288 426 311
445 288 428 311
464 288 446 310
466 288 447 310
468 288 449 310
476 288 462 313
439 290 422 313
442 290 425 313
444 290 426 313
445 290 428 313
446 290 429 313
448 290 431 313
450 290 432 312
451 290 433 313
452 290 435 312
464 290 446 312
466 290 447 312
468 290 449 312
472 290 456 313
474 290 458 313
475 290 460 314
476 290 463 315
478 290 465 315
445 292 428 315
446 292 430 315
451 292 433 315
460 292 442 314
464 292 446 314
466 292 447 314
468 292 449 314
469 292 451 315
470 292 453 315
472 292 456 315
474 292 458 315
475 292 460 315
478 292 465 317
446 293 430 317
448 293 431 317
450 293 433 317
452 293 435 316
454 293 437 316
456 293 438 316
462 293 444 316
463 293 445 316
466 293 448 316
468 293 449 316
469 293 451 316
470 293 453 317
472 293 456 317
474 293 458 317
475 293 460 317
476 293 463 318
444 294 427 319
446 294 430 319
448 294 432 319
450 294 433 319
451 294 434 319
454 294 437 318
456 294 438 318
457 294 440 318
460 294 442 318
462 294 444 318
463 294 445 318
464 294 447 318
468 294 450 318
469 294 451 318
470 294 454 318
472 294 456 319
474 294 458 319
475 294 460 319
476 294 463 320
445 296 429 321
448 296 432 321
450 296 433 321
451 296 435 321
452 296 436 321
454 296 437 320
456 296 439 320
457 296 440 320
458 296 441 320
462 296 444 320
463 296 446 320
464 296 447 320
466 296 449 320
468 296 450 320
469 296 452 320
470 296 454 320
472 296 456 320
474 296 458 320
475 296 460 321
444 298 428 323
445 298 429 323
451 298 435 322
452 298 436 322
454 298 438 322
456 298 439 322
457 298 440 322
458 298 442 322
460 298 443 322
463 298 446 322
464 298 447 321
466 298 449 321
468 298 451 321
469 298 452 322
470 298 454 322
472 298 456 322
474 298 458 322
475 298 460 323
476 298 462 323
454 299 438 324
456 299 439 324
457 299 441 324
460 299 444 324
462 299 445 323
464 299 448 323
466 299 449 323
468 299 451 323
469 299 452 323
470 299 454 324
472 299 456 323
474 299 458 324
476 299 462 325
446 300 431 326
454 300 438 326
456 300 439 326
457 300 441 326
458 300 443 326
462 300 445 325
463 300 447 325
466 300 449 325
468 300 451 325
469 300 452 325
470 300 454 325
472 300 456 325
474 300 458 325
475 300 460 326
456 302 440 328
457 302 441 328
458 302 443 328
462 302 445 327
463 302 447 327
464 302 448 327
468 302 451 327
469 302 453 327
472 302 456 327
464 304 449 329
466 304 450 329
468 304 452 329
470 304 454 329
472 304 456 329
466 305 450 330
468 305 452 330
469 305 453 331
472 305 456 331
470 308 455 334
472 308 457 334
