432 278 425 290
436 278 427 290
439 278 430 290
436 280 428 292
439 280 430 292
441 280 431 292
444 280 435 291
448 280 438 292
450 280 440 292
457 280 443 289
435 281 426 293
438 281 428 293
439 281 430 293
441 281 432 293
450 281 440 293
456 281 441 290
457 281 443 290
433 282 425 295
435 282 426 295
438 282 429 295
439 282 430 295
441 282 432 295
442 282 433 295
444 282 435 295
445 282 436 295
447 282 438 295
433 284 425 297
435 284 426 297
436 284 428 297
438 284 429 296
441 284 432 297
442 284 434 297
444 284 435 297
445 284 436 296
447 284 438 296
462 284 446 293
463 284 448 293
433 286 425 298
435 286 426 298
436 286 428 298
438 286 429 298
439 286 431 298
442 286 434 298
444 286 435 299
445 286 436 298
447 286 438 298
448 286 439 298
450 286 441 298
456 286 446 296
459 286 448 296
481 286 479 282
484 286 482 282
432 287 425 302
435 287 427 300
436 287 428 300
438 287 429 300
439 287 431 300
441 287 432 300
444 287 435 300
445 287 437 300
447 287 438 299
448 287 439 299
450 287 441 299
451 287 443 300
456 287 446 298
457 287 447 298
465 287 454 298
466 287 456 298
468 287 459 300
469 287 461 300
474 287 467 300
475 287 469 300
477 287 470 300
435 288 427 302
436 288 428 302
438 288 430 302
439 288 431 302
441 288 433 302
442 288 434 302
445 288 437 301
447 288 438 301
448 288 440 301
450 288 441 301
451 288 442 301
453 288 444 301
457 288 447 300
459 288 449 300
465 288 456 301
466 288 457 301
468 288 459 301
469 288 461 302
471 288 463 301
472 288 465 302
474 288 467 302
475 288 469 302
477 288 470 302
480 288 475 303
481 288 477 303
435 290 427 303
436 290 428 303
438 290 430 303
439 290 431 303
441 290 433 303
442 290 434 303
445 290 437 303
447 290 438 303
448 290 440 303
450 290 441 303
451 290 443 303
453 290 444 303
454 290 446 303
456 290 448 303
459 290 449 302
460 290 451 303
462 290 453 303
463 290 454 303
465 290 456 303
466 290 457 303
468 290 459 303
469 290 461 303
471 290 463 303
472 290 465 303
474 290 467 303
475 290 469 304
477 290 471 304
478 290 472 303
480 290 475 305
435 292 427 305
436 292 429 305
438 292 430 305
439 292 431 305
441 292 433 305
442 292 434 305
445 292 437 305
447 292 438 305
448 292 440 305
450 292 442 305
451 292 443 305
453 292 445 305
454 292 446 305
456 292 448 305
459 292 449 305
460 292 451 305
462 292 453 305
463 292 454 304
465 292 456 304
466 292 457 305
468 292 459 305
469 292 461 305
471 292 463 305
472 292 465 305
474 292 467 305
475 292 469 305
477 292 471 305
478 292 473 305
480 292 474 306
436 293 429 307
438 293 430 307
439 293 432 307
441 293 433 307
442 293 435 307
444 293 436 307
447 293 438 307
448 293 440 307
450 293 442 307
451 293 443 306
453 293 445 307
454 293 446 306
456 293 448 307
459 293 449 307
460 293 451 306
462 293 453 306
463 293 455 306
465 293 456 306
466 293 458 306
468 293 459 307
469 293 461 306
471 293 463 307
472 293 465 307
474 293 467 307
475 293 469 307
477 293 471 307
478 293 473 308
480 293 474 308
481 293 476 308
438 294 430 309
439 294 432 309
441 294 433 309
442 294 435 309
444 294 436 309
445 294 438 309
447 294 439 309
450 294 442 308
451 294 443 308
453 294 445 308
454 294 446 308
456 294 448 308
457 294 449 308
460 294 451 308
462 294 453 308
463 294 455 308
465 294 456 308
466 294 458 308
468 294 460 308
469 294 461 308
471 294 463 308
472 294 465 309
474 294 467 309
475 294 469 308
477 294 471 308
478 294 473 309
480 294 474 310
481 294 476 310
484 294 477 311
441 296 433 310
442 296 435 310
444 296 436 310
445 296 438 310
447 296 439 310
448 296 441 310
451 296 444 310
453 296 445 310
454 296 447 310
456 296 448 310
457 296 449 310
459 296 451 310
460 296 452 310
462 296 454 310
465 296 456 309
466 296 458 309
468 296 460 310
469 296 461 310
471 296 463 309
472 296 465 310
474 296 467 310
475 296 469 311
477 296 471 311
478 296 472 311
480 296 474 311
481 296 476 312
484 296 477 313
444 298 437 312
445 298 438 312
447 298 439 312
448 298 441 312
450 298 442 312
453 298 445 311
454 298 447 311
456 298 448 312
457 298 450 312
459 298 451 312
460 298 452 311
462 298 454 311
463 298 455 311
466 298 458 311
468 298 460 311
469 298 461 311
471 298 463 311
472 298 465 311
474 298 467 313
475 298 469 312
477 298 471 312
478 298 472 313
480 298 474 313
481 298 474 314
447 299 440 313
448 299 441 313
450 299 443 313
451 299 444 313
454 299 447 313
456 299 448 313
457 299 450 313
459 299 451 313
460 299 453 313
462 299 454 313
463 299 456 313
465 299 457 313
466 299 459 313
469 299 461 312
471 299 463 313
472 299 465 313
477 299 470 314
447 300 440 315
448 300 441 315
451 300 444 315
453 300 446 316
456 300 448 315
457 300 450 315
459 300 451 315
460 300 453 315
462 300 454 315
463 300 456 315
465 300 457 315
466 300 459 315
468 300 461 315
471 300 463 314
472 300 465 314
474 300 467 315
475 300 469 315
483 300 474 318
448 302 442 317
450 302 443 317
451 302 444 317
456 302 449 318
457 302 450 316
459 302 451 316
460 302 453 316
462 302 454 316
463 302 456 316
465 302 457 316
466 302 459 316
468 302 461 317
469 302 462 317
471 302 463 316
472 302 465 316
474 302 467 316
475 302 469 317
477 302 470 316
480 302 473 320
481 302 474 320
450 304 443 319
451 304 444 319
453 304 446 318
454 304 447 318
459 304 451 318
460 304 453 318
462 304 455 318
463 304 456 318
465 304 457 318
466 304 459 318
468 304 460 318
469 304 462 318
471 304 464 318
474 304 467 318
475 304 469 318
477 304 470 318
450 305 444 321
451 305 445 320
453 305 446 320
454 305 448 320
456 305 449 320
460 305 453 320
462 305 455 320
463 305 456 320
465 305 458 320
466 305 459 320
468 305 461 320
469 305 462 320
471 305 464 320
472 305 465 320
474 305 467 320
475 305 469 320
477 305 470 320
454 306 448 323
456 306 449 321
459 306 451 321
460 306 453 322
463 306 456 321
465 306 458 322
466 306 459 321
468 306 461 321
469 306 463 321
471 306 464 321
472 306 465 322
474 306 467 322
475 306 469 321
463 308 456 325
465 308 457 325
471 308 465 323
472 308 466 323
474 308 467 323
475 308 469 323
477 308 470 323
472 310 466 325
475 310 469 326
480 310 474 326
