457 258 454 261
457 260 454 262
438 266 436 268
444 266 442 269
436 268 435 270
438 268 436 270
441 268 439 270
442 268 441 270
444 268 442 270
435 269 433 271
436 269 435 272
438 269 436 272
442 269 441 271
444 269 442 271
435 270 433 272
436 270 435 273
442 270 441 273
444 270 442 272
441 272 439 274
442 272 441 274
444 272 442 274
451 272 448 275
453 272 449 275
439 274 438 276
441 274 439 276
442 274 441 276
444 274 442 276
438 275 436 277
441 275 439 277
442 275 441 277
444 275 442 277
451 275 448 277
454 275 452 277
438 276 436 279
439 276 437 279
444 276 442 279
448 276 446 279
450 276 447 279
454 276 452 279
456 276 454 278
436 278 434 280
438 278 436 280
439 278 437 280
441 278 439 280
442 278 440 280
444 278 442 280
447 278 445 280
450 278 447 280
451 278 449 280
454 278 452 280
435 280 433 282
436 280 434 282
438 280 436 282
441 280 439 282
442 280 440 282
444 280 442 282
435 281 433 283
436 281 434 283
438 281 436 283
441 281 439 283
442 281 440 283
436 282 435 285
438 282 436 285
441 282 439 285
442 282 441 285
456 282 454 285
457 282 455 284
459 282 456 285
438 284 436 287
441 284 439 287
442 284 441 287
444 284 442 286
457 284 455 286
459 284 456 286
460 284 458 286
432 286 431 289
438 286 436 288
439 286 438 288
441 286 439 288
442 286 441 288
444 286 442 288
445 286 443 288
460 286 458 288
468 286 466 288
474 286 473 287
475 286 474 287
477 286 475 287
435 287 433 290
439 287 438 290
441 287 439 289
442 287 441 289
444 287 442 290
445 287 443 289
447 287 445 289
457 287 455 289
459 287 457 289
460 287 458 289
469 287 468 289
471 287 469 289
475 287 474 289
477 287 475 289
478 287 477 289
432 288 431 292
438 288 436 291
439 288 438 291
444 288 442 291
445 288 443 291
447 288 445 291
448 288 446 290
469 288 468 291
472 288 471 291
475 288 474 291
477 288 476 291
478 288 477 291
435 290 433 292
436 290 435 292
441 290 439 292
442 290 441 292
444 290 442 293
445 290 443 292
447 290 445 293
448 290 446 292
450 290 448 292
451 290 449 292
453 290 451 292
454 290 452 293
456 290 454 292
457 290 455 292
460 290 458 292
462 290 460 292
463 290 461 292
466 290 464 292
468 290 466 292
471 290 469 292
474 290 472 292
475 290 474 293
477 290 476 292
478 290 477 292
480 290 479 292
444 292 442 295
445 292 444 295
447 292 445 295
450 292 448 294
451 292 450 294
453 292 451 295
454 292 453 294
456 292 455 294
457 292 456 295
459 292 458 295
463 292 461 294
465 292 463 293
466 292 464 293
468 292 466 294
469 292 468 294
471 292 469 294
472 292 471 294
474 292 472 294
475 292 474 295
477 292 476 294
478 292 477 294
480 292 479 294
481 292 480 295
483 292 482 295
436 293 435 296
441 293 439 296
444 293 442 296
445 293 444 296
447 293 445 296
448 293 447 296
450 293 448 296
453 293 451 296
454 293 452 296
456 293 455 296
457 293 456 296
459 293 458 296
460 293 459 296
462 293 461 296
465 293 463 295
468 293 466 295
469 293 468 296
471 293 469 296
472 293 471 296
474 293 472 296
475 293 474 296
477 293 476 296
478 293 477 296
480 293 479 296
481 293 480 296
483 293 481 296
438 294 436 298
441 294 439 298
442 294 441 298
444 294 442 298
445 294 444 297
447 294 445 297
448 294 447 298
453 294 452 298
454 294 453 298
457 294 456 297
459 294 458 297
462 294 460 297
465 294 463 297
466 294 464 296
468 294 466 296
469 294 468 298
471 294 470 298
472 294 471 297
474 294 473 297
475 294 474 298
477 294 476 298
480 294 479 298
481 294 480 298
484 294 483 298
441 296 439 299
442 296 441 299
444 296 442 299
447 296 445 299
448 296 447 299
450 296 449 299
451 296 449 298
453 296 452 299
454 296 453 299
457 296 456 299
459 296 458 299
460 296 459 299
462 296 460 299
463 296 462 299
465 296 463 298
466 296 465 299
468 296 466 299
469 296 468 299
471 296 470 299
472 296 471 299
474 296 473 299
475 296 474 299
477 296 476 299
478 296 477 299
480 296 479 299
481 296 480 300
444 298 442 300
445 298 444 300
450 298 448 300
453 298 451 300
454 298 453 300
456 298 454 301
457 298 456 300
459 298 457 300
460 298 459 300
462 298 460 300
463 298 462 301
465 298 463 300
466 298 465 300
468 298 467 301
469 298 468 301
471 298 470 301
472 298 471 300
474 298 473 300
475 298 474 301
477 298 476 301
478 298 477 301
480 298 479 300
453 299 451 301
454 299 453 302
456 299 455 302
457 299 456 302
459 299 458 302
460 299 459 302
462 299 460 302
463 299 462 302
465 299 463 302
466 299 465 302
468 299 467 302
469 299 468 302
471 299 470 302
472 299 471 302
474 299 473 302
475 299 474 302
477 299 476 302
478 299 477 302
447 300 446 303
454 300 453 304
456 300 454 304
459 300 458 303
460 300 459 304
462 300 461 303
463 300 462 303
465 300 463 303
466 300 465 303
468 300 467 304
472 300 471 304
475 300 474 303
483 300 483 301
454 302 453 305
456 302 454 305
462 302 461 305
468 302 466 305
469 302 468 305
471 302 470 305
472 302 471 305
456 304 455 307
469 304 468 306
471 304 470 307
472 304 471 306
474 304 473 306
475 304 474 306
477 304 475 306
450 305 449 308
451 305 451 308
468 305 467 308
469 305 468 308
471 305 470 308
472 305 471 308
474 305 473 308
475 305 474 308
477 305 475 308
469 306 468 309
471 306 470 309
472 306 471 309
474 306 473 309
468 308 466 311
469 308 469 311
471 308 470 311
