464 290 397 335
476 290 414 344
454 292 388 335
466 292 398 338
467 292 399 338
448 293 383 334
466 293 397 340
467 293 399 340
469 293 401 341
451 294 385 337
452 294 387 338
463 294 394 341
467 294 398 342
452 296 386 340
464 296 396 343
466 296 397 344
467 296 399 344
470 296 402 346
463 298 395 345
466 298 397 346
467 298 398 346
469 298 400 347
470 298 402 348
472 298 403 348
463 299 394 347
464 299 396 347
469 299 399 349
470 299 401 350
472 299 403 350
473 299 405 351
464 300 395 349
469 300 399 350
470 300 400 351
472 300 402 352
473 300 404 353
470 302 400 353
472 302 401 354
473 302 403 355
472 304 401 355
473 304 403 356
