425 309 425 309
427 309 427 309
419 310 419 310
422 310 422 310
424 310 424 310
425 310 425 310
427 310 427 310
428 310 428 310
416 312 416 312
421 312 421 312
422 312 422 312
424 312 424 312
425 312 425 312
427 312 427 312
428 312 428 312
430 312 430 312
431 312 431 312
415 313 415 313
416 313 416 313
424 313 424 313
425 313 425 313
427 313 427 313
428 313 428 313
430 313 430 313
431 313 431 313
412 315 412 315
413 315 413 315
415 315 415 315
416 315 416 315
418 315 418 315
421 315 421 315
422 315 422 315
424 315 424 315
425 315 425 315
427 315 427 315
428 315 428 315
430 315 430 315
431 315 431 315
409 316 409 317
410 316 410 316
412 316 412 316
413 316 413 316
415 316 415 316
416 316 416 316
418 316 418 316
421 316 421 316
422 316 422 316
424 316 424 316
425 316 425 316
427 316 427 316
431 316 431 317
409 318 409 318
410 318 410 318
412 318 412 318
413 318 413 318
415 318 415 318
416 318 416 318
419 318 419 318
421 318 421 318
422 318 422 318
424 318 424 318
425 318 425 318
409 319 408 319
410 319 410 319
412 319 412 319
413 319 413 319
415 319 415 319
416 319 416 319
418 319 418 319
421 319 421 319
422 319 422 319
424 319 424 319
405 321 404 321
409 321 408 321
410 321 410 321
412 321 412 321
413 321 413 321
419 321 419 321
424 321 424 321
433 321 433 321
412 322 412 323
415 322 415 322
416 322 416 322
421 322 421 322
422 322 422 322
425 322 425 322
433 322 433 323
407 324 407 324
409 324 408 324
410 324 410 324
413 324 413 324
415 324 415 324
416 324 416 324
418 324 418 324
421 324 421 324
425 324 425 324
428 324 428 324
405 325 405 325
407 325 407 325
409 325 409 325
410 325 410 325
415 325 415 325
416 325 416 325
419 325 419 325
421 325 421 325
424 325 424 325
425 325 425 325
427 325 427 325
428 325 428 325
404 327 404 327
405 327 405 327
407 327 407 327
409 327 408 327
410 327 410 327
412 327 412 327
415 327 415 327
416 327 416 327
419 327 419 327
422 327 422 327
424 327 424 327
425 327 425 327
427 327 427 326
428 327 428 326
396 328 396 328
401 328 401 328
404 328 404 328
405 328 406 328
407 328 407 328
409 328 408 328
410 328 410 329
412 328 412 329
413 328 413 328
415 328 415 328
416 328 416 328
418 328 418 328
421 328 421 328
422 328 422 328
424 328 424 328
425 328 425 328
427 328 427 328
428 328 428 328
395 330 395 330
396 330 396 330
398 330 398 330
401 330 401 330
402 330 402 330
404 330 404 330
405 330 405 330
407 330 407 330
409 330 408 330
410 330 410 330
412 330 412 330
413 330 413 330
415 330 415 330
416 330 416 330
418 330 418 330
421 330 421 330
422 330 422 330
424 330 424 330
425 330 425 330
427 330 427 330
433 330 433 330
380 331 379 331
381 331 381 332
395 331 395 331
396 331 396 331
398 331 398 331
402 331 402 331
404 331 404 331
405 331 406 331
407 331 407 331
409 331 408 331
410 331 410 332
412 331 412 332
413 331 413 331
415 331 415 331
416 331 416 331
419 331 419 331
421 331 421 331
422 331 422 331
424 331 424 331
425 331 425 331
427 331 427 331
428 331 428 332
433 331 433 332
434 331 434 332
389 333 389 333
390 333 390 333
392 333 392 333
393 333 393 333
395 333 395 333
396 333 396 333
398 333 398 333
401 333 401 333
404 333 404 333
405 333 405 333
407 333 407 333
409 333 408 333
410 333 410 333
412 333 412 333
413 333 413 333
415 333 415 333
416 333 416 333
419 333 419 333
421 333 421 333
422 333 422 333
424 333 424 333
427 333 427 333
428 333 428 333
431 333 432 333
433 333 434 333
434 333 435 333
384 334 384 334
387 334 387 334
389 334 389 334
390 334 390 335
392 334 392 334
393 334 393 334
395 334 395 335
396 334 396 334
398 334 398 335
399 334 399 334
402 334 402 335
404 334 404 334
405 334 406 334
407 334 407 334
409 334 409 334
410 334 410 334
412 334 412 334
413 334 413 335
415 334 415 334
416 334 416 334
419 334 419 334
421 334 421 335
422 334 422 334
424 334 424 335
427 334 427 335
428 334 428 335
430 334 430 335
383 336 383 336
384 336 384 336
389 336 389 336
390 336 390 336
392 336 392 336
396 336 396 336
398 336 398 336
399 336 399 336
402 336 403 336
404 336 404 336
405 336 405 336
407 336 407 336
409 336 408 336
410 336 410 336
412 336 412 336
413 336 413 336
415 336 415 336
416 336 416 336
419 336 419 336
421 336 421 336
422 336 422 336
424 336 424 336
425 336 425 336
427 336 427 336
428 336 428 336
430 336 430 336
381 338 381 338
383 338 382 338
384 338 384 337
386 338 386 338
389 338 389 338
390 338 390 338
392 338 392 338
393 338 393 337
395 338 395 338
399 338 399 338
401 338 401 338
402 338 402 338
404 338 404 338
405 338 405 338
407 338 407 338
409 338 408 338
410 338 410 338
412 338 412 338
413 338 413 338
415 338 415 338
416 338 416 338
419 338 419 338
421 338 421 338
422 338 422 338
424 338 424 338
425 338 425 338
427 338 427 338
428 338 428 338
430 338 430 338
386 339 386 339
387 339 387 339
389 339 389 339
393 339 393 339
395 339 395 339
396 339 396 339
401 339 401 339
402 339 402 339
404 339 404 339
405 339 405 339
407 339 407 339
415 339 415 339
422 339 422 339
424 339 424 339
425 339 425 339
427 339 427 339
428 339 429 339
390 341 390 341
392 341 392 341
395 341 395 341
396 341 396 341
409 341 409 340
410 341 410 340
412 341 412 340
413 341 413 340
416 341 416 341
418 341 418 341
421 341 421 341
387 342 387 342
389 342 389 342
390 342 390 342
393 342 393 342
401 342 401 342
402 342 402 342
404 342 404 342
405 342 406 342
407 342 407 342
409 342 409 342
410 342 410 342
412 342 412 342
413 342 413 342
415 342 415 342
416 342 416 342
419 342 419 342
422 342 422 342
424 342 424 342
387 344 387 344
389 344 389 344
390 344 390 344
392 344 392 344
393 344 393 343
395 344 395 344
396 344 396 344
398 344 398 344
401 344 401 344
402 344 402 344
404 344 404 344
405 344 406 344
407 344 407 344
409 344 409 344
410 344 410 343
412 344 412 343
413 344 413 343
415 344 415 344
416 344 416 344
419 344 419 344
421 344 421 344
387 345 387 345
389 345 389 345
390 345 390 345
392 345 392 345
393 345 393 345
395 345 395 345
396 345 396 345
398 345 398 345
399 345 399 345
402 345 402 345
404 345 404 345
405 345 406 345
407 345 407 345
409 345 409 345
410 345 410 345
412 345 412 345
413 345 413 345
415 345 415 345
416 345 416 345
418 345 418 345
390 347 390 347
392 347 392 347
393 347 393 347
395 347 395 347
396 347 396 347
398 347 398 347
401 347 401 347
402 347 402 347
404 347 404 347
405 347 405 347
407 347 407 347
409 347 408 347
410 347 410 347
412 347 412 347
413 347 413 347
415 347 415 347
416 347 417 346
392 348 392 348
393 348 393 348
401 348 401 348
402 348 403 348
404 348 404 348
405 348 406 348
407 348 407 348
409 348 408 348
410 348 410 348
412 348 412 348
413 348 413 348
415 348 415 348
416 348 417 348
398 350 398 349
401 350 401 350
402 350 402 350
404 350 404 350
405 350 405 350
407 350 407 350
409 350 409 350
410 350 410 350
412 350 412 350
413 350 413 350
395 351 394 351
396 351 396 351
398 351 398 351
401 351 401 351
402 351 402 351
404 351 404 351
405 351 405 351
407 351 407 351
409 351 408 351
410 351 410 351
