412 309 411 308
413 309 413 308
415 309 415 308
416 309 416 309
424 309 424 308
427 309 427 309
428 309 428 308
431 309 431 308
433 309 433 308
413 310 413 310
415 310 415 310
416 310 416 310
425 310 425 310
427 310 427 310
428 310 428 310
430 310 430 310
431 310 431 309
410 312 410 312
416 312 416 312
421 312 421 312
422 312 422 312
424 312 424 312
425 312 425 312
428 312 428 312
431 312 431 312
410 313 410 313
412 313 412 313
413 313 413 313
415 313 415 313
418 313 418 313
419 313 419 313
422 313 422 314
425 313 425 313
428 313 428 313
431 313 431 313
410 315 410 315
413 315 413 315
424 315 424 315
427 315 427 315
430 315 430 315
431 315 431 315
409 316 409 316
412 316 411 316
413 316 413 316
415 316 415 316
418 316 418 316
419 316 419 316
422 316 422 316
424 316 424 316
425 316 425 316
428 316 428 316
431 316 431 316
407 318 407 318
409 318 409 318
410 318 410 318
412 318 412 318
415 318 415 318
418 318 418 318
421 318 421 318
422 318 422 318
424 318 424 318
425 318 425 317
427 318 427 317
428 318 428 318
433 318 433 318
434 318 434 317
405 319 406 319
407 319 407 319
409 319 409 319
410 319 410 319
412 319 412 319
413 319 413 319
415 319 415 319
418 319 418 319
419 319 419 319
421 319 421 319
422 319 422 319
424 319 424 319
425 319 425 319
433 319 433 319
405 321 406 321
407 321 407 321
409 321 409 321
410 321 410 321
412 321 412 321
415 321 415 321
418 321 418 321
419 321 419 321
421 321 421 321
422 321 422 321
424 321 424 321
430 321 430 321
433 321 433 321
434 321 434 321
386 322 386 321
387 322 387 321
389 322 389 321
390 322 390 321
392 322 392 321
393 322 393 322
395 322 395 322
405 322 405 322
407 322 407 322
409 322 408 322
413 322 413 322
415 322 415 322
418 322 418 322
421 322 421 322
422 322 422 322
425 322 425 322
428 322 428 322
430 322 430 322
433 322 433 322
383 324 383 323
386 324 386 323
387 324 387 323
389 324 389 323
390 324 390 323
392 324 392 323
393 324 393 324
395 324 395 324
404 324 404 324
407 324 407 324
409 324 409 324
410 324 410 324
413 324 413 324
416 324 416 324
418 324 418 324
421 324 421 324
422 324 422 324
424 324 424 324
425 324 425 324
427 324 427 323
428 324 428 323
431 324 431 324
381 325 381 325
386 325 386 324
387 325 387 324
389 325 389 324
390 325 390 324
392 325 392 325
393 325 393 325
395 325 395 325
404 325 404 325
405 325 406 325
407 325 407 325
409 325 409 325
410 325 410 325
413 325 413 325
416 325 416 325
419 325 419 325
421 325 421 325
422 325 422 325
424 325 424 325
425 325 425 325
380 327 380 327
381 327 381 327
384 327 384 326
386 327 386 326
387 327 387 326
389 327 389 326
390 327 390 326
392 327 392 326
393 327 393 327
395 327 395 327
396 327 396 327
399 327 399 327
401 327 401 327
402 327 402 327
404 327 404 327
405 327 406 327
407 327 407 327
409 327 409 327
410 327 410 327
413 327 413 327
415 327 415 327
416 327 416 327
419 327 419 327
421 327 421 327
422 327 422 327
424 327 424 327
425 327 425 327
427 327 427 327
428 327 428 327
433 327 433 324
434 327 434 327
380 328 380 328
381 328 381 328
384 328 384 328
386 328 386 328
387 328 387 328
389 328 389 328
390 328 390 328
392 328 392 328
393 328 393 328
395 328 395 328
396 328 396 328
398 328 398 328
399 328 399 328
401 328 401 328
402 328 402 328
404 328 404 328
405 328 405 328
407 328 407 328
409 328 409 328
410 328 410 328
413 328 413 328
415 328 415 328
416 328 416 328
419 328 419 328
421 328 421 328
422 328 422 328
424 328 424 328
425 328 425 329
427 328 427 329
428 328 428 329
380 330 379 330
381 330 381 330
383 330 383 330
386 330 386 330
387 330 387 330
389 330 389 330
390 330 390 330
392 330 392 330
393 330 393 330
395 330 395 330
396 330 396 330
398 330 398 330
399 330 399 330
401 330 401 330
402 330 402 330
404 330 404 330
405 330 406 330
407 330 407 330
409 330 409 330
410 330 410 330
413 330 413 330
415 330 415 330
416 330 416 330
419 330 419 330
421 330 421 330
422 330 422 330
424 330 424 330
425 330 425 330
427 330 427 330
428 330 428 330
434 330 434 330
380 331 380 331
381 331 381 331
383 331 383 331
384 331 384 331
386 331 386 331
387 331 387 331
389 331 389 331
390 331 390 331
392 331 392 331
393 331 393 331
395 331 395 331
396 331 396 331
398 331 398 331
399 331 399 332
401 331 401 331
402 331 402 331
404 331 404 331
405 331 405 331
407 331 407 331
409 331 409 331
410 331 410 331
412 331 412 332
413 331 413 331
416 331 416 331
418 331 418 331
419 331 419 331
421 331 421 331
422 331 422 331
424 331 424 332
425 331 425 331
427 331 427 331
428 331 428 332
430 331 430 332
431 331 431 332
380 333 380 333
381 333 381 333
383 333 383 333
384 333 384 333
386 333 386 333
387 333 387 333
389 333 389 333
390 333 390 333
392 333 392 333
393 333 393 333
395 333 395 333
396 333 396 333
398 333 398 333
399 333 399 333
401 333 401 333
402 333 402 333
404 333 404 333
405 333 405 333
407 333 407 333
409 333 409 333
410 333 410 333
412 333 412 333
413 333 413 333
415 333 415 333
416 333 416 333
419 333 419 333
421 333 421 333
422 333 422 333
424 333 424 333
425 333 425 333
427 333 427 333
428 333 428 333
431 333 431 333
433 333 433 334
380 334 380 334
381 334 381 334
383 334 383 334
384 334 384 334
386 334 386 334
387 334 387 334
389 334 389 334
390 334 390 335
392 334 392 334
393 334 393 334
395 334 395 334
396 334 396 334
398 334 398 335
399 334 399 334
401 334 401 334
402 334 402 334
404 334 404 334
405 334 406 334
407 334 407 334
409 334 409 334
410 334 410 334
412 334 412 334
413 334 413 334
415 334 415 334
416 334 416 334
419 334 419 335
421 334 421 335
422 334 422 335
424 334 424 334
425 334 425 335
427 334 427 335
428 334 428 335
380 336 380 336
381 336 381 336
383 336 383 336
384 336 384 336
386 336 386 336
387 336 387 336
389 336 389 336
390 336 390 336
392 336 392 336
393 336 393 336
395 336 395 336
396 336 396 336
398 336 398 336
399 336 399 336
401 336 401 336
402 336 402 336
404 336 404 336
405 336 406 336
407 336 407 336
409 336 409 336
410 336 410 336
412 336 412 336
413 336 413 336
415 336 415 336
416 336 416 336
419 336 419 336
421 336 421 336
422 336 422 336
424 336 424 336
425 336 425 336
427 336 427 336
428 336 428 336
380 338 380 338
381 338 381 337
383 338 383 338
384 338 384 338
386 338 386 338
387 338 387 338
389 338 389 338
390 338 390 338
392 338 392 338
393 338 393 337
395 338 395 337
396 338 396 337
398 338 398 338
399 338 399 338
401 338 401 337
402 338 403 338
404 338 404 338
405 338 406 338
407 338 407 338
409 338 409 338
410 338 410 338
412 338 412 337
413 338 413 337
415 338 415 337
416 338 416 337
419 338 419 338
421 338 421 338
422 338 422 338
424 338 424 338
425 338 425 338
427 338 427 338
430 338 431 336
384 339 384 339
386 339 386 339
387 339 387 339
389 339 389 339
390 339 390 339
392 339 392 339
393 339 393 339
398 339 398 339
399 339 399 339
401 339 401 339
402 339 402 339
404 339 404 339
405 339 406 339
407 339 407 339
409 339 409 339
410 339 410 339
412 339 412 339
413 339 413 339
415 339 415 339
418 339 418 339
419 339 419 339
421 339 421 339
422 339 422 339
424 339 424 339
425 339 425 339
427 339 427 339
428 339 428 339
384 341 384 341
386 341 386 341
387 341 387 341
389 341 389 341
390 341 390 341
392 341 392 341
393 341 393 341
395 341 395 341
396 341 396 340
398 341 398 341
399 341 399 341
401 341 401 341
402 341 402 341
404 341 404 341
405 341 406 341
407 341 407 341
409 341 409 341
410 341 410 341
412 341 412 340
413 341 413 340
415 341 415 341
416 341 416 341
419 341 419 341
421 341 421 341
422 341 422 341
424 341 424 341
425 341 425 341
384 342 384 342
386 342 386 342
387 342 387 342
389 342 389 342
390 342 390 342
392 342 392 342
393 342 393 342
395 342 395 342
396 342 396 342
398 342 398 342
399 342 399 342
401 342 401 342
402 342 402 342
404 342 404 342
405 342 405 342
407 342 407 342
409 342 409 342
410 342 410 342
412 342 412 342
413 342 413 342
415 342 415 342
416 342 416 342
419 342 419 342
421 342 421 342
422 342 422 342
424 342 424 342
386 344 386 344
387 344 387 344
389 344 389 344
390 344 390 344
392 344 392 344
393 344 393 344
395 344 395 344
396 344 396 344
398 344 398 344
399 344 399 344
401 344 401 344
402 344 402 344
404 344 404 344
405 344 405 344
407 344 407 344
409 344 409 344
410 344 410 344
412 344 412 343
413 344 413 343
415 344 415 344
416 344 416 344
419 344 419 344
421 344 420 344
387 345 387 345
389 345 389 345
390 345 390 345
392 345 392 345
393 345 393 345
395 345 395 345
396 345 396 345
398 345 398 346
399 345 399 345
401 345 401 345
402 345 402 345
404 345 404 345
405 345 405 345
407 345 407 345
409 345 409 345
410 345 410 345
412 345 412 345
413 345 413 345
415 345 415 345
416 345 416 345
390 347 390 347
392 347 392 347
393 347 393 347
396 347 396 347
398 347 398 347
399 347 399 346
401 347 401 347
402 347 403 347
404 347 404 347
405 347 406 347
407 347 407 347
409 347 409 347
410 347 410 347
412 347 412 347
413 347 413 347
415 347 415 347
416 347 417 347
392 348 392 348
393 348 393 348
395 348 395 349
398 348 398 348
399 348 399 348
401 348 401 348
402 348 403 348
404 348 404 348
405 348 406 348
407 348 407 348
409 348 409 348
410 348 410 348
412 348 412 348
413 348 413 348
415 348 415 348
416 348 417 348
395 350 395 350
396 350 396 350
398 350 398 350
399 350 399 350
401 350 401 350
402 350 403 350
404 350 404 350
405 350 406 350
407 350 407 350
409 350 409 350
410 350 410 350
412 350 412 350
395 351 394 351
396 351 396 351
398 351 398 351
399 351 399 351
401 351 401 351
402 351 402 351
404 351 404 351
405 351 406 351
407 351 407 351
409 351 409 351
410 351 410 351
