420 316 419 317
421 316 420 316
416 317 415 318
418 317 416 318
421 317 420 318
423 317 421 318
425 317 423 318
414 318 412 320
415 318 413 319
416 318 414 319
418 318 416 319
420 318 418 320
421 318 420 320
423 318 421 320
412 319 410 321
414 319 412 321
415 319 413 321
416 319 414 321
418 319 416 321
420 319 418 321
421 319 420 321
423 319 421 321
412 321 410 322
414 321 412 322
415 321 413 323
416 322 414 323
419 322 417 323
420 322 418 323
421 322 420 323
423 322 421 323
424 322 422 324
427 322 425 324
430 322 430 323
410 323 408 324
411 323 410 324
414 323 412 324
415 323 413 324
419 323 417 325
420 323 418 325
421 323 420 325
423 323 421 325
424 323 422 325
427 323 425 325
428 323 426 325
410 324 408 326
411 324 409 326
414 324 412 326
415 324 413 326
416 324 414 326
419 324 417 326
420 324 418 326
421 324 419 326
423 324 421 326
425 324 423 326
428 324 426 326
414 326 412 327
415 326 413 327
416 326 414 327
419 326 417 327
428 326 426 327
409 327 407 328
410 327 408 328
411 327 409 328
421 327 420 328
423 327 421 328
424 327 423 328
432 327 431 327
433 327 432 326
409 328 407 330
410 328 408 329
411 328 409 330
414 328 412 330
415 328 413 330
416 328 414 330
418 328 416 330
421 328 420 330
423 328 421 330
424 328 422 330
427 328 425 330
430 328 429 328
432 328 431 328
401 330 399 330
403 330 402 331
405 330 403 331
406 330 404 331
407 330 406 331
410 330 408 331
411 330 409 331
414 330 412 331
415 330 413 331
416 330 414 331
418 330 416 331
420 330 418 331
421 330 419 331
423 330 421 331
425 330 423 331
427 330 425 331
430 330 429 330
437 330 435 331
397 331 395 331
403 331 402 332
405 331 403 332
406 331 404 332
411 331 409 332
414 331 412 333
415 331 413 333
416 331 415 333
418 331 416 332
420 331 418 333
421 331 419 333
423 331 421 333
425 331 423 332
428 331 426 333
430 331 429 331
397 332 395 333
398 332 396 333
400 332 398 333
401 332 399 333
410 332 408 333
415 332 413 334
421 332 419 334
425 332 423 334
397 333 395 334
398 333 396 334
400 333 398 334
401 333 399 334
405 333 403 335
406 333 404 335
410 333 408 334
411 333 409 335
412 333 411 335
416 333 414 335
418 333 416 335
420 333 418 335
423 333 421 335
427 333 425 335
428 333 426 335
398 335 396 336
400 335 398 336
401 335 399 336
403 335 402 336
405 335 403 336
406 335 404 336
409 335 406 336
410 335 408 336
411 335 409 336
412 335 411 336
415 335 413 336
416 335 414 336
418 335 416 336
420 335 418 336
421 335 419 336
423 335 421 336
427 335 425 336
428 335 426 336
430 335 429 336
403 336 402 337
406 336 404 337
409 336 406 338
410 336 408 338
411 336 409 337
415 336 413 338
416 336 414 338
418 336 416 338
420 336 418 338
421 336 419 338
423 336 421 338
425 336 423 338
427 336 425 338
428 336 426 338
395 337 393 338
397 337 395 338
398 337 396 338
400 337 398 338
401 337 399 338
409 337 406 339
410 337 407 339
411 337 409 339
415 337 413 339
416 337 414 339
418 337 415 339
420 337 418 339
421 337 419 339
427 337 425 339
430 337 429 338
397 339 395 339
398 339 396 339
400 339 398 339
401 339 399 340
403 339 402 340
405 339 403 340
406 339 404 340
423 339 421 340
424 339 422 340
428 339 426 340
429 339 427 340
398 340 396 340
400 340 398 341
401 340 399 341
405 340 403 341
406 340 404 341
407 340 406 341
410 340 408 341
411 340 409 341
416 340 414 341
418 340 415 342
420 340 418 342
421 340 419 342
424 340 422 341
428 340 426 341
395 341 392 342
400 341 398 342
401 341 399 342
403 341 402 342
405 341 403 342
406 341 404 342
407 341 405 342
410 341 408 342
411 341 409 342
412 341 410 342
415 341 413 342
416 341 414 343
418 341 415 343
421 341 419 343
423 341 421 342
425 341 422 343
393 342 391 344
398 342 396 343
403 342 402 344
405 342 403 344
406 342 404 344
407 342 405 344
415 342 413 344
416 342 414 344
418 342 416 344
420 342 418 344
421 342 419 344
395 344 392 345
398 344 396 344
400 344 398 345
401 344 399 345
410 344 408 345
411 344 409 345
412 344 411 345
419 344 416 346
393 345 391 346
395 345 392 346
397 345 395 346
398 345 396 346
400 345 398 346
401 345 399 346
403 345 402 346
405 345 403 346
406 345 404 346
409 345 407 346
410 345 408 346
411 345 409 346
412 345 411 346
416 345 415 346
393 346 391 348
395 346 393 348
400 346 398 347
401 346 399 347
403 346 401 347
405 346 403 348
406 346 404 348
407 346 405 348
410 346 408 347
411 346 409 348
412 346 411 348
418 346 418 346
395 348 393 349
397 348 394 348
398 348 396 348
401 348 399 349
405 348 402 349
406 348 404 349
407 348 405 349
410 348 408 349
412 348 411 349
414 348 412 348
416 348 416 348
397 349 394 349
398 349 396 349
400 349 398 350
411 349 410 350
414 349 412 350
415 349 414 349
397 350 394 351
398 350 396 351
400 350 397 351
401 350 399 351
402 350 400 351
405 350 403 351
406 350 404 351
407 350 406 351
409 350 407 351
411 350 409 351
412 350 411 351
