412 313 412 313
413 313 413 313
414 313 414 313
416 313 416 313
417 313 417 313
418 313 418 313
420 313 420 313
424 313 424 312
426 313 426 313
428 313 428 313
429 313 429 313
431 313 431 313
433 313 432 312
434 313 434 312
435 313 435 312
412 314 412 314
413 314 413 314
414 314 414 314
416 314 416 314
417 314 417 314
418 314 418 314
420 314 420 314
421 314 421 314
422 314 422 314
425 314 425 314
426 314 426 314
428 314 428 314
429 314 429 314
431 314 431 314
434 314 434 314
435 314 435 314
409 315 409 315
410 315 410 315
412 315 412 315
413 315 413 315
420 315 420 315
421 315 421 315
422 315 422 315
424 315 424 315
425 315 425 315
426 315 426 315
428 315 428 315
429 315 429 315
408 317 408 316
409 317 409 317
410 317 411 316
412 317 412 316
414 317 414 316
416 317 416 317
418 317 418 316
420 317 420 317
421 317 421 317
422 317 422 317
424 317 424 317
425 317 425 317
426 317 426 316
408 318 408 318
409 318 409 318
412 318 412 318
413 318 413 318
417 318 417 318
418 318 418 318
420 318 420 318
421 318 421 318
422 318 422 318
424 318 424 318
425 318 425 318
431 318 432 318
408 319 408 319
409 319 409 319
410 319 410 319
412 319 412 319
413 319 413 319
416 319 416 319
417 319 417 319
418 319 418 319
420 319 420 319
421 319 421 319
422 319 422 319
424 319 424 319
425 319 425 319
431 319 432 319
408 320 408 320
409 320 409 321
410 320 410 321
416 320 416 320
417 320 417 321
418 320 418 320
420 320 420 320
422 320 422 321
424 320 423 320
425 320 425 320
431 320 432 320
433 320 433 321
435 320 435 320
406 322 406 322
414 322 414 322
416 322 416 322
417 322 417 322
418 322 418 322
420 322 420 322
422 322 422 322
424 322 424 322
425 322 425 322
430 322 430 322
431 322 432 322
433 322 433 322
435 322 435 322
408 323 408 323
409 323 409 323
410 323 410 323
412 323 412 323
414 323 414 323
416 323 416 323
417 323 417 323
418 323 418 323
420 323 420 323
421 323 421 323
422 323 422 323
424 323 424 323
429 323 429 324
431 323 432 324
433 323 433 324
435 323 435 323
406 324 406 324
409 324 409 324
412 324 412 324
416 324 416 324
417 324 417 324
418 324 418 324
420 324 420 324
422 324 422 324
424 324 424 324
426 324 426 325
428 324 428 325
430 324 431 324
431 324 432 325
435 324 435 325
406 326 406 326
408 326 408 326
409 326 409 326
410 326 410 326
412 326 412 326
416 326 416 326
417 326 417 326
418 326 418 326
420 326 420 326
421 326 421 326
422 326 422 326
424 326 424 326
425 326 425 326
428 326 428 327
433 326 433 327
435 326 435 327
404 327 404 327
405 327 405 327
406 327 406 327
408 327 408 327
409 327 409 327
410 327 410 327
414 327 414 327
416 327 416 327
417 327 417 327
418 327 418 327
420 327 420 327
421 327 421 327
422 327 422 327
424 327 424 327
425 327 425 327
431 327 432 327
434 327 434 328
435 327 435 328
404 328 404 328
405 328 405 328
406 328 406 328
408 328 408 328
410 328 410 328
412 328 412 328
414 328 414 328
416 328 416 328
417 328 417 328
418 328 418 328
420 328 420 328
421 328 421 328
422 328 422 328
424 328 424 328
426 328 426 328
428 328 428 328
429 328 429 328
431 328 432 328
435 328 435 329
404 330 404 330
405 330 405 330
406 330 406 330
410 330 410 330
412 330 412 330
414 330 414 330
416 330 416 330
417 330 417 330
418 330 418 330
422 330 422 330
424 330 424 330
426 330 426 329
428 330 428 329
431 330 432 329
435 330 435 331
391 331 391 331
392 331 392 331
393 331 393 331
395 331 395 331
401 331 401 331
404 331 404 331
405 331 405 331
408 331 408 331
409 331 409 331
410 331 410 331
412 331 412 331
413 331 413 331
416 331 416 331
417 331 417 331
418 331 418 331
420 331 419 331
421 331 421 331
422 331 422 331
424 331 424 331
425 331 425 331
426 331 426 331
429 331 429 331
430 331 430 331
435 331 434 333
391 332 391 332
392 332 392 332
393 332 393 332
395 332 395 332
396 332 396 332
397 332 397 332
398 332 398 332
400 332 400 332
401 332 401 332
402 332 402 332
406 332 406 332
408 332 408 332
409 332 409 332
410 332 410 332
412 332 412 332
413 332 413 332
414 332 415 332
417 332 417 332
418 332 418 332
420 332 419 332
421 332 421 332
422 332 422 332
426 332 426 332
434 332 432 334
435 332 434 334
391 334 391 334
392 334 392 334
393 334 393 334
395 334 394 334
396 334 396 334
397 334 397 334
398 334 398 334
400 334 400 334
401 334 401 334
402 334 402 334
404 334 404 334
405 334 405 334
406 334 406 334
408 334 408 334
409 334 409 334
410 334 410 334
412 334 412 334
416 334 416 334
417 334 417 334
418 334 418 334
420 334 420 334
425 334 425 334
428 334 428 333
429 334 429 334
430 334 431 334
391 335 391 335
392 335 392 335
393 335 393 335
395 335 394 335
397 335 397 335
398 335 399 335
400 335 400 335
401 335 401 335
402 335 402 335
404 335 404 335
405 335 405 335
406 335 406 335
408 335 408 335
409 335 409 335
410 335 410 335
412 335 412 335
413 335 413 335
414 335 414 335
416 335 416 335
417 335 417 335
418 335 418 335
420 335 420 335
421 335 421 335
424 335 424 335
425 335 425 335
391 336 391 336
392 336 392 336
393 336 393 337
396 336 396 337
397 336 397 337
398 336 399 337
400 336 400 337
401 336 401 336
402 336 402 336
404 336 404 336
405 336 405 336
406 336 406 336
408 336 408 336
409 336 409 336
410 336 410 336
412 336 412 336
413 336 413 336
414 336 414 336
416 336 416 336
417 336 417 336
418 336 418 336
420 336 420 336
422 336 422 336
426 336 426 336
429 336 429 336
430 336 430 336
391 338 391 338
392 338 392 338
396 338 396 338
397 338 397 338
398 338 399 338
401 338 401 338
402 338 402 338
404 338 404 338
405 338 405 338
408 338 408 338
409 338 409 338
410 338 410 338
413 338 413 338
414 338 414 338
416 338 416 338
417 338 417 338
418 338 418 338
420 338 420 338
421 338 421 338
422 338 422 338
426 338 426 338
391 339 391 339
392 339 392 339
393 339 393 339
395 339 395 339
400 339 400 339
401 339 401 339
402 339 402 339
404 339 404 339
405 339 405 339
406 339 406 339
408 339 408 339
409 339 409 339
410 339 410 339
412 339 412 339
413 339 413 339
414 339 414 339
416 339 416 339
417 339 417 339
418 339 418 339
420 339 420 339
421 339 421 339
422 339 422 339
425 339 425 339
426 339 426 339
428 339 428 339
429 339 429 339
391 340 391 340
392 340 392 340
393 340 393 340
395 340 394 340
396 340 396 340
397 340 397 340
400 340 400 340
401 340 401 340
402 340 402 340
405 340 405 340
406 340 406 340
408 340 408 340
410 340 410 340
412 340 412 341
413 340 413 341
414 340 414 340
416 340 416 340
417 340 417 340
421 340 421 340
422 340 422 340
425 340 425 340
426 340 426 340
391 342 391 342
392 342 392 342
395 342 394 341
396 342 396 341
397 342 397 341
398 342 399 341
401 342 401 342
402 342 402 342
404 342 404 342
405 342 405 342
406 342 406 342
408 342 408 342
409 342 409 342
410 342 410 342
412 342 412 342
413 342 413 342
416 342 416 342
417 342 417 342
418 342 418 342
420 342 420 342
422 342 422 342
424 342 424 342
391 343 391 343
393 343 393 343
395 343 394 343
396 343 396 343
397 343 397 342
398 343 399 343
400 343 400 343
401 343 401 343
402 343 402 343
404 343 404 343
405 343 405 343
406 343 406 343
409 343 409 343
410 343 410 343
412 343 412 343
413 343 413 343
414 343 414 343
416 343 416 343
417 343 417 343
418 343 418 343
421 343 421 343
392 344 392 344
393 344 393 344
395 344 394 344
396 344 396 344
397 344 397 345
398 344 398 344
400 344 400 344
401 344 401 344
402 344 402 344
404 344 404 344
405 344 405 344
406 344 406 344
408 344 408 344
414 344 414 344
416 344 416 344
417 344 417 344
418 344 418 344
420 344 420 344
391 346 391 345
392 346 392 346
393 346 393 346
395 346 394 346
396 346 396 346
397 346 397 346
398 346 399 346
400 346 400 346
401 346 401 345
402 346 402 346
404 346 404 346
405 346 405 346
406 346 406 346
408 346 408 346
409 346 409 345
410 346 410 345
412 346 412 345
413 346 413 345
414 346 414 346
416 346 416 345
417 346 417 345
418 346 419 345
391 347 391 347
392 347 392 347
393 347 393 347
395 347 395 348
396 347 396 347
397 347 397 347
398 347 398 347
401 347 401 347
402 347 402 347
404 347 404 347
405 347 405 347
406 347 406 347
410 347 410 347
412 347 412 347
413 347 413 347
414 347 414 347
416 347 416 347
391 348 391 348
392 348 392 348
393 348 393 348
395 348 394 349
396 348 396 348
400 348 400 348
401 348 401 348
402 348 402 348
404 348 404 348
405 348 405 348
406 348 406 348
408 348 408 348
409 348 409 348
410 348 410 348
412 348 412 348
413 348 413 348
414 348 415 347
416 348 418 346
417 348 419 346
393 350 393 350
395 350 394 350
396 350 396 350
397 350 397 349
398 350 399 349
400 350 400 349
401 350 401 350
402 350 402 350
404 350 404 350
405 350 405 350
406 350 406 350
408 350 408 349
409 350 409 350
410 350 410 349
412 350 412 349
413 350 414 349
395 351 394 351
397 351 397 351
398 351 398 351
400 351 400 351
401 351 401 351
402 351 402 351
404 351 404 351
405 351 405 351
406 351 406 351
408 351 408 351
409 351 409 351
410 351 410 351
