424 301 410 312
426 301 412 312
427 301 415 313
429 301 417 314
431 301 418 314
435 301 422 313
436 301 423 313
438 301 425 314
440 301 427 314
442 301 429 314
444 301 430 313
446 301 432 312
447 301 434 312
422 303 408 313
424 303 411 315
426 303 413 315
427 303 415 315
429 303 416 315
431 303 418 316
433 303 420 316
436 303 423 316
442 303 428 315
444 303 430 315
446 303 432 316
447 303 434 314
424 305 411 317
426 305 412 317
427 305 414 317
429 305 416 317
431 305 418 317
433 305 420 317
436 305 423 318
438 305 424 318
440 305 426 317
442 305 428 318
444 305 430 317
446 305 431 318
422 306 409 319
424 306 410 319
426 306 412 319
429 306 416 319
431 306 417 319
433 306 419 319
436 306 422 319
438 306 424 319
440 306 426 319
442 306 428 319
444 306 429 319
446 306 431 320
447 306 433 318
449 306 436 322
398 308 386 318
402 308 388 318
404 308 390 318
405 308 392 318
409 308 395 319
411 308 397 319
422 308 408 321
424 308 410 321
426 308 412 321
427 308 413 321
429 308 415 321
431 308 417 321
435 308 420 321
436 308 422 321
438 308 424 321
440 308 426 321
442 308 427 321
444 308 429 321
446 308 431 321
447 308 433 320
404 310 390 320
405 310 392 320
407 310 393 321
409 310 395 321
411 310 397 321
426 310 411 322
427 310 413 323
429 310 415 323
433 310 418 323
435 310 420 323
436 310 422 323
438 310 423 323
440 310 425 323
442 310 427 323
444 310 429 323
446 310 430 323
447 310 432 323
398 312 385 321
404 312 390 322
405 312 392 322
407 312 394 322
411 312 396 323
422 312 407 324
424 312 409 324
426 312 411 324
427 312 413 324
429 312 414 324
433 312 418 324
435 312 419 325
436 312 421 325
438 312 423 325
440 312 425 325
442 312 427 324
444 312 428 325
446 312 430 325
447 312 431 325
449 312 433 326
402 314 388 324
404 314 390 324
405 314 392 324
407 314 393 324
409 314 395 324
411 314 397 325
422 314 407 326
424 314 409 326
426 314 411 326
427 314 412 326
429 314 414 326
433 314 417 326
435 314 419 327
436 314 420 327
438 314 422 327
442 314 426 327
444 314 427 327
446 314 429 327
447 314 431 327
396 315 383 323
398 315 384 323
400 315 386 325
402 315 388 325
404 315 390 326
405 315 392 326
407 315 393 326
409 315 395 326
420 315 405 327
422 315 407 327
424 315 409 328
426 315 410 328
427 315 412 328
431 315 415 328
433 315 417 328
435 315 418 328
440 315 423 328
442 315 425 328
444 315 427 329
446 315 429 329
447 315 431 329
451 315 434 328
453 315 437 328
402 317 388 327
404 317 390 327
413 317 398 327
415 317 399 327
416 317 401 327
418 317 403 328
422 317 406 329
424 317 408 329
426 317 410 329
427 317 412 329
431 317 415 330
433 317 416 330
435 317 418 330
436 317 420 330
438 317 422 330
440 317 423 330
442 317 425 330
444 317 427 330
447 317 430 330
449 317 432 331
451 317 433 330
453 317 435 330
393 319 379 321
396 319 381 322
402 319 388 329
405 319 392 328
407 319 394 328
409 319 395 328
413 319 397 329
415 319 399 329
416 319 400 329
418 319 402 330
420 319 404 331
422 319 406 331
424 319 408 331
426 319 409 331
427 319 411 331
431 319 414 331
433 319 416 331
435 319 417 332
436 319 419 331
438 319 421 332
440 319 423 332
442 319 425 332
446 319 428 332
447 319 429 332
449 319 431 332
451 319 433 332
453 319 435 332
455 319 436 332
396 321 381 324
409 321 393 330
411 321 395 330
413 321 397 331
415 321 399 331
416 321 400 331
418 321 402 332
420 321 404 333
422 321 405 333
424 321 407 333
426 321 409 333
429 321 412 334
431 321 414 333
433 321 416 333
435 321 417 333
436 321 419 334
438 321 421 333
440 321 422 334
444 321 426 334
446 321 427 334
447 321 429 334
453 321 434 334
455 321 436 334
393 323 379 325
396 323 381 325
398 323 383 326
400 323 384 326
402 323 386 327
405 323 389 329
407 323 391 331
409 323 393 332
411 323 395 332
413 323 396 333
415 323 398 333
416 323 400 333
418 323 401 334
420 323 403 334
422 323 405 335
426 323 408 335
427 323 410 335
429 323 412 335
431 323 413 335
433 323 415 335
435 323 417 335
436 323 419 336
438 323 420 335
442 323 424 335
444 323 425 336
446 323 427 336
447 323 429 336
449 323 430 335
451 323 432 336
453 323 434 335
455 323 436 336
456 323 437 336
460 323 442 335
400 325 384 328
402 325 386 329
404 325 388 331
405 325 389 331
409 325 392 333
411 325 394 334
413 325 396 334
415 325 398 335
416 325 399 335
418 325 401 336
420 325 403 336
424 325 406 336
426 325 408 337
427 325 409 337
429 325 411 337
431 325 413 337
433 325 415 337
435 325 417 337
436 325 418 338
440 325 421 337
442 325 423 337
444 325 425 337
446 325 427 337
447 325 428 338
451 325 432 337
453 325 434 337
455 325 435 337
458 325 438 338
395 326 379 327
396 326 380 328
398 326 382 328
400 326 384 330
402 326 385 330
404 326 387 332
405 326 389 333
409 326 391 334
411 326 394 335
413 326 396 335
416 326 399 337
420 326 402 338
422 326 404 338
424 326 405 338
426 326 407 338
427 326 409 338
429 326 411 338
431 326 412 338
433 326 414 339
440 326 421 339
442 326 423 339
444 326 424 339
446 326 426 339
447 326 428 339
449 326 429 339
451 326 431 339
453 326 433 339
455 326 435 339
458 326 438 339
396 328 380 330
398 328 381 330
400 328 383 332
402 328 385 332
407 328 389 334
418 328 400 339
420 328 402 339
422 328 404 340
424 328 405 340
426 328 407 340
427 328 409 340
429 328 410 340
431 328 412 340
435 328 416 340
438 328 419 340
440 328 421 340
442 328 422 341
444 328 424 341
446 328 426 341
449 328 429 341
451 328 431 341
453 328 433 341
455 328 434 340
458 328 437 341
396 330 379 331
398 330 381 332
413 330 394 338
416 330 398 339
422 330 403 341
424 330 405 342
426 330 407 342
427 330 408 342
429 330 410 342
431 330 412 342
433 330 414 342
435 330 415 342
438 330 418 342
440 330 420 342
442 330 422 342
444 330 424 342
446 330 425 342
447 330 427 342
449 330 429 342
451 330 431 342
453 330 432 342
455 330 434 342
458 330 437 343
396 332 379 333
398 332 381 334
407 332 389 337
415 332 396 340
416 332 398 341
418 332 399 341
420 332 401 341
422 332 403 343
424 332 405 343
426 332 406 344
427 332 408 344
433 332 413 344
435 332 415 344
438 332 418 344
440 332 420 344
442 332 422 345
444 332 423 344
447 332 427 344
449 332 429 344
451 332 430 344
453 332 432 344
456 332 434 345
458 332 436 345
460 332 440 344
398 334 381 335
402 334 383 336
404 334 385 336
407 334 389 339
415 334 396 342
416 334 397 342
418 334 399 343
420 334 401 343
422 334 402 345
424 334 404 345
426 334 406 345
427 334 408 345
429 334 409 345
431 334 411 345
433 334 413 345
435 334 415 346
438 334 418 345
440 334 419 346
442 334 421 346
446 334 425 346
447 334 427 346
449 334 428 346
451 334 430 346
455 334 433 347
456 334 434 347
458 334 438 346
460 334 440 346
398 336 379 336
404 336 385 338
407 336 389 341
411 336 392 342
413 336 393 342
416 336 397 344
418 336 398 344
420 336 400 344
424 336 404 347
426 336 405 347
427 336 407 347
429 336 409 347
431 336 411 347
433 336 412 347
435 336 414 347
438 336 417 347
440 336 419 347
442 336 420 348
444 336 422 347
446 336 424 347
447 336 426 348
449 336 428 347
451 336 430 347
453 336 432 348
455 336 433 348
456 336 435 349
458 336 438 348
460 336 440 348
400 337 381 338
402 337 383 339
405 337 386 340
409 337 390 343
411 337 391 343
413 337 393 343
415 337 395 344
416 337 397 345
418 337 398 346
420 337 400 346
422 337 401 346
426 337 405 349
429 337 409 349
431 337 410 349
435 337 413 349
436 337 415 349
438 337 417 349
440 337 418 349
442 337 420 350
444 337 422 349
447 337 426 349
449 337 428 350
451 337 430 350
453 337 432 350
455 337 433 351
456 337 435 351
458 337 438 349
398 339 380 339
402 339 383 340
405 339 386 342
407 339 387 342
411 339 391 345
413 339 393 345
415 339 394 346
418 339 398 347
420 339 399 347
422 339 401 348
424 339 403 349
427 339 406 350
429 339 408 350
433 339 411 350
435 339 413 350
436 339 415 350
438 339 416 351
440 339 418 351
442 339 420 352
447 339 428 352
449 339 429 352
453 339 431 352
456 339 437 351
402 341 382 341
404 341 384 342
407 341 387 344
409 341 389 345
413 341 392 346
415 341 394 347
416 341 396 348
420 341 399 349
422 341 401 350
424 341 403 351
426 341 404 352
427 341 406 352
429 341 408 352
433 341 411 352
435 341 412 352
436 341 414 353
438 341 416 353
440 341 418 353
444 341 425 354
404 343 383 343
405 343 385 344
409 343 388 346
411 343 390 347
413 343 392 348
415 343 394 349
416 343 395 349
418 343 397 350
422 343 400 352
424 343 402 352
426 343 404 353
427 343 406 354
429 343 407 354
433 343 411 354
435 343 412 354
436 343 414 354
438 343 417 355
447 343 434 353
404 345 383 345
405 345 385 345
407 345 386 346
411 345 390 348
416 345 395 351
418 345 397 351
420 345 398 352
424 345 402 354
426 345 404 355
427 345 405 355
429 345 407 356
431 345 409 356
433 345 411 356
435 345 413 356
438 345 417 357
405 346 384 347
407 346 386 348
409 346 388 349
411 346 390 350
413 346 392 351
415 346 393 351
418 346 396 353
420 346 398 354
422 346 400 354
426 346 403 356
427 346 405 357
429 346 407 357
431 346 408 357
433 346 411 358
438 346 427 353
407 348 386 350
409 348 388 350
424 348 401 357
429 348 407 359
431 348 408 360
433 348 411 360
438 348 426 355
426 350 402 359
427 350 403 359
402 352 395 355
405 352 396 356
436 352 420 362
438 352 422 362
