424 301 411 309
426 301 414 309
427 301 416 309
429 301 417 309
431 301 419 309
433 301 421 309
435 301 423 309
436 301 425 309
438 301 427 309
440 301 429 309
442 301 431 309
444 301 432 309
446 301 434 309
447 301 437 309
422 303 408 310
424 303 412 311
426 303 413 311
427 303 416 311
429 303 417 311
431 303 419 311
433 303 421 311
435 303 423 311
436 303 425 311
438 303 427 311
440 303 428 311
442 303 430 311
444 303 432 311
446 303 433 310
447 303 437 311
449 303 439 311
422 305 408 311
424 305 411 312
426 305 413 313
427 305 415 313
429 305 417 313
431 305 419 313
433 305 421 313
435 305 423 313
436 305 424 313
438 305 427 312
440 305 428 313
444 305 432 312
446 305 435 314
447 305 437 313
449 305 439 313
422 306 409 314
424 306 411 314
426 306 413 314
427 306 415 314
429 306 417 314
431 306 419 314
433 306 421 314
435 306 423 315
436 306 425 314
438 306 426 314
440 306 428 315
442 306 430 315
444 306 432 315
446 306 434 315
447 306 436 316
395 308 383 313
396 308 384 313
400 308 386 313
402 308 388 313
404 308 390 313
405 308 392 313
409 308 396 314
411 308 397 314
422 308 409 316
424 308 411 316
426 308 413 316
427 308 415 316
429 308 417 316
431 308 419 316
433 308 421 316
435 308 423 316
436 308 424 316
438 308 426 316
440 308 428 316
442 308 430 317
444 308 432 317
446 308 434 317
447 308 436 317
398 310 385 316
402 310 388 316
404 310 390 316
405 310 392 316
407 310 394 316
411 310 397 316
424 310 411 318
426 310 413 318
427 310 415 318
429 310 417 318
431 310 419 318
433 310 421 318
435 310 423 318
436 310 424 318
438 310 426 318
440 310 428 318
442 310 430 319
444 310 431 319
446 310 433 319
447 310 435 319
391 312 379 317
393 312 381 317
395 312 382 317
396 312 384 318
402 312 388 318
404 312 390 318
405 312 392 318
407 312 394 318
411 312 397 318
422 312 409 319
424 312 411 320
426 312 413 320
427 312 415 320
429 312 416 320
431 312 418 320
433 312 421 320
435 312 422 320
436 312 424 320
438 312 426 320
440 312 428 320
442 312 430 320
444 312 431 321
446 312 433 321
447 312 435 321
449 312 437 321
391 314 379 319
393 314 381 319
395 314 382 319
396 314 384 319
398 314 385 320
402 314 388 320
404 314 390 320
405 314 392 320
407 314 393 320
411 314 397 320
420 314 406 321
422 314 408 321
424 314 411 321
426 314 413 322
427 314 414 322
429 314 416 321
431 314 418 322
433 314 420 322
435 314 422 322
436 314 424 322
438 314 426 322
440 314 427 322
442 314 429 322
444 314 431 322
446 314 433 322
447 314 435 322
449 314 437 323
451 314 439 323
453 314 441 323
391 315 379 320
393 315 381 321
395 315 383 321
396 315 384 321
398 315 385 321
400 315 387 321
404 315 390 322
405 315 392 322
409 315 395 322
411 315 397 322
413 315 398 322
418 315 404 322
420 315 407 323
422 315 409 323
424 315 411 323
426 315 413 323
427 315 414 323
429 315 416 323
431 315 418 323
433 315 420 324
435 315 422 324
436 315 424 324
438 315 425 324
440 315 427 324
442 315 429 324
444 315 431 324
446 315 433 324
447 315 435 324
449 315 437 324
453 315 441 325
391 317 379 322
393 317 381 322
395 317 382 323
396 317 384 323
398 317 385 323
400 317 387 323
404 317 390 323
405 317 392 324
409 317 395 324
411 317 397 324
413 317 399 324
415 317 400 324
416 317 402 324
418 317 404 324
420 317 407 325
422 317 409 325
424 317 411 325
426 317 412 325
427 317 414 325
429 317 416 325
431 317 418 325
433 317 420 326
435 317 422 326
436 317 424 326
438 317 426 325
440 317 428 326
442 317 429 326
444 317 431 326
446 317 433 326
447 317 435 326
453 317 441 327
391 319 379 324
393 319 381 324
395 319 382 325
396 319 384 325
398 319 386 325
400 319 387 325
402 319 389 326
404 319 390 325
405 319 392 325
407 319 394 326
411 319 397 325
413 319 399 326
415 319 400 326
416 319 402 325
418 319 404 326
420 319 407 327
422 319 408 327
424 319 410 327
426 319 412 327
427 319 414 327
431 319 418 327
433 319 419 327
435 319 421 327
436 319 424 327
438 319 426 327
440 319 427 327
442 319 429 327
444 319 431 328
446 319 433 328
447 319 435 328
449 319 437 327
451 319 438 327
455 319 442 328
391 321 379 326
393 321 381 326
395 321 382 326
396 321 384 327
398 321 386 327
400 321 387 327
404 321 391 327
405 321 392 327
407 321 394 327
411 321 397 327
413 321 399 328
415 321 400 327
416 321 402 327
418 321 404 328
422 321 408 329
424 321 410 329
426 321 412 329
427 321 414 329
431 321 417 329
435 321 421 329
436 321 423 329
438 321 425 329
440 321 427 329
442 321 429 329
444 321 431 329
446 321 433 330
447 321 435 330
449 321 437 330
451 321 438 329
453 321 440 329
455 321 442 330
456 321 444 330
391 323 379 328
393 323 381 328
395 323 382 328
396 323 384 329
398 323 386 329
400 323 387 328
402 323 389 329
404 323 391 329
405 323 392 329
407 323 394 329
411 323 397 329
413 323 399 329
415 323 400 329
416 323 402 329
422 323 408 331
426 323 411 331
427 323 414 331
433 323 420 331
435 323 422 331
436 323 423 332
438 323 425 331
440 323 427 331
442 323 429 331
444 323 431 332
446 323 433 332
447 323 434 332
449 323 436 332
451 323 438 332
453 323 440 331
456 323 444 332
458 323 445 332
391 325 379 330
393 325 381 330
395 325 382 330
396 325 384 330
398 325 386 330
400 325 387 330
402 325 389 331
404 325 391 331
405 325 392 331
407 325 394 331
409 325 396 331
413 325 399 331
416 325 402 331
418 325 404 332
424 325 409 332
426 325 411 333
427 325 413 333
429 325 415 333
431 325 417 333
433 325 419 333
435 325 421 333
436 325 423 333
438 325 425 333
440 325 427 333
442 325 429 333
444 325 431 333
446 325 432 333
447 325 434 333
449 325 436 333
451 325 438 333
453 325 440 333
455 325 442 333
456 325 444 334
458 325 445 334
393 326 381 331
395 326 382 332
396 326 384 332
398 326 385 332
400 326 387 332
402 326 389 332
404 326 391 333
405 326 392 332
407 326 394 332
409 326 396 332
411 326 397 333
415 326 400 334
416 326 402 334
418 326 404 334
420 326 406 334
422 326 407 334
424 326 409 334
426 326 411 334
427 326 413 334
429 326 415 334
431 326 417 334
433 326 419 334
435 326 421 335
436 326 423 335
438 326 425 335
440 326 427 335
442 326 429 335
444 326 430 335
446 326 433 335
447 326 434 335
449 326 436 335
451 326 438 335
453 326 440 335
455 326 442 335
456 326 444 335
458 326 445 336
460 326 447 336
393 328 380 333
395 328 382 333
396 328 384 333
398 328 385 334
400 328 387 334
402 328 389 334
404 328 391 334
405 328 393 334
407 328 394 334
409 328 396 334
411 328 398 335
416 328 402 336
418 328 404 336
420 328 406 336
422 328 408 336
424 328 409 336
426 328 411 336
427 328 413 336
429 328 415 336
431 328 417 336
433 328 419 336
435 328 421 336
436 328 423 337
438 328 424 336
440 328 426 337
442 328 429 337
444 328 430 337
446 328 432 337
447 328 434 337
449 328 436 337
451 328 437 337
453 328 440 337
455 328 442 337
456 328 443 337
458 328 445 337
460 328 447 338
393 330 380 336
395 330 381 335
396 330 383 335
398 330 385 336
400 330 387 336
402 330 389 336
404 330 391 336
405 330 392 336
407 330 394 336
409 330 396 336
411 330 397 337
413 330 399 337
418 330 404 338
422 330 408 338
424 330 409 338
426 330 411 338
427 330 413 338
429 330 415 338
431 330 417 338
433 330 419 338
435 330 421 338
436 330 423 338
438 330 424 338
440 330 426 338
442 330 428 339
444 330 430 339
446 330 432 339
447 330 434 339
449 330 436 339
451 330 437 339
453 330 440 339
455 330 442 339
456 330 443 339
458 330 445 339
460 330 447 340
395 332 381 337
396 332 383 337
398 332 385 338
400 332 387 338
402 332 389 338
404 332 391 338
405 332 392 338
407 332 394 338
409 332 396 338
411 332 397 338
413 332 399 339
415 332 401 339
420 332 405 338
422 332 407 340
424 332 409 340
427 332 413 340
429 332 415 340
431 332 417 340
433 332 419 340
435 332 421 340
436 332 423 340
438 332 424 340
440 332 426 340
442 332 428 341
444 332 430 340
446 332 432 341
447 332 434 341
449 332 435 341
451 332 437 341
453 332 440 341
455 332 441 341
456 332 443 341
458 332 445 341
460 332 447 341
396 334 383 339
398 334 385 339
400 334 387 339
402 334 389 340
404 334 391 340
405 334 392 340
407 334 394 340
409 334 395 340
411 334 397 340
413 334 399 340
415 334 401 341
418 334 403 340
420 334 405 340
422 334 407 341
426 334 411 341
427 334 413 342
429 334 415 342
431 334 416 342
433 334 419 342
435 334 420 342
436 334 422 342
438 334 424 342
440 334 426 342
442 334 428 342
444 334 430 342
446 334 432 342
447 334 433 343
449 334 435 343
451 334 437 343
455 334 441 343
395 336 382 340
396 336 383 340
398 336 385 341
400 336 387 341
402 336 389 341
404 336 391 341
405 336 392 342
407 336 393 341
409 336 395 342
411 336 397 342
413 336 399 342
415 336 401 342
420 336 405 342
424 336 409 343
427 336 413 343
429 336 414 343
431 336 416 343
433 336 418 343
435 336 420 344
436 336 422 344
438 336 424 344
440 336 426 344
442 336 428 344
444 336 430 344
446 336 432 344
447 336 433 345
458 336 445 344
460 336 447 344
398 337 385 342
400 337 387 343
402 337 389 343
404 337 390 343
405 337 392 343
407 337 393 343
409 337 395 343
411 337 397 344
413 337 399 344
415 337 401 344
416 337 402 344
420 337 405 344
422 337 407 344
429 337 414 345
431 337 416 345
433 337 418 345
435 337 420 345
436 337 422 346
438 337 423 346
440 337 425 346
442 337 428 346
444 337 430 346
446 337 431 346
449 337 436 345
451 337 438 345
453 337 440 345
455 337 441 345
456 337 443 346
458 337 445 345
398 339 385 344
400 339 387 344
402 339 389 345
404 339 391 345
405 339 392 345
407 339 393 345
409 339 395 345
411 339 397 346
413 339 399 346
415 339 400 346
418 339 404 346
420 339 405 346
422 339 407 346
424 339 409 346
426 339 410 346
427 339 412 346
429 339 414 347
431 339 416 347
433 339 418 347
435 339 420 347
436 339 422 347
438 339 423 348
440 339 425 348
442 339 426 348
444 339 430 348
446 339 432 349
449 339 436 346
451 339 438 347
453 339 440 347
455 339 442 347
456 339 443 347
398 341 385 346
400 341 387 346
402 341 389 346
404 341 390 347
405 341 392 346
407 341 393 346
409 341 395 347
411 341 397 347
413 341 399 347
415 341 400 347
418 341 403 348
420 341 405 348
422 341 407 348
424 341 409 348
426 341 411 348
427 341 412 349
429 341 414 349
431 341 416 349
433 341 418 349
435 341 420 349
436 341 421 349
438 341 423 350
442 341 428 348
444 341 430 350
446 341 432 350
447 341 434 350
449 341 437 349
451 341 439 349
400 343 387 348
402 343 389 348
404 343 390 348
405 343 392 348
407 343 393 348
409 343 395 349
411 343 397 349
413 343 399 349
415 343 400 349
418 343 403 350
420 343 405 350
422 343 407 350
424 343 409 350
426 343 410 351
427 343 412 351
429 343 414 351
431 343 416 351
433 343 418 351
435 343 419 351
436 343 422 351
438 343 424 352
440 343 426 352
402 345 389 350
404 345 390 350
405 345 392 350
407 345 393 350
409 345 395 350
411 345 397 351
413 345 399 351
415 345 400 351
418 345 403 351
420 345 405 352
422 345 407 352
424 345 409 352
426 345 410 352
427 345 412 352
429 345 414 353
431 345 416 353
433 345 418 353
436 345 422 353
400 346 386 351
402 346 389 352
404 346 390 352
405 346 392 352
407 346 393 352
409 346 395 352
411 346 397 353
413 346 399 353
415 346 400 353
416 346 402 353
420 346 405 353
422 346 407 353
424 346 409 353
426 346 410 354
427 346 412 354
429 346 414 354
431 346 416 354
433 346 418 354
435 346 419 354
436 346 422 356
442 346 426 356
400 348 386 352
402 348 388 353
404 348 390 353
405 348 392 354
407 348 394 354
409 348 395 354
411 348 397 354
413 348 398 355
415 348 400 355
416 348 402 355
424 348 409 356
426 348 410 356
427 348 412 356
429 348 413 356
431 348 415 356
433 348 417 356
440 348 424 357
405 350 392 356
407 350 394 356
409 350 395 356
415 350 401 356
416 350 402 356
438 350 421 359
440 350 424 359
405 352 392 357
407 352 393 358
409 352 395 358
411 352 397 358
436 352 420 361
438 352 422 361
405 354 393 359
409 354 395 359
411 354 397 359
413 354 399 360
415 354 401 360
416 354 402 360
