426 301 423 303
427 301 425 303
440 301 438 302
442 301 440 303
444 301 442 303
446 301 444 303
447 301 445 303
422 303 419 303
424 303 421 303
429 303 427 304
431 303 429 304
433 303 430 304
435 303 432 304
436 303 434 304
438 303 436 304
444 303 442 304
446 303 444 305
422 305 419 305
424 305 421 305
426 305 423 305
427 305 425 305
429 305 426 305
431 305 428 305
433 305 430 306
435 305 432 306
436 305 434 306
438 305 436 306
440 305 438 306
442 305 440 306
449 305 445 305
422 306 419 307
424 306 421 307
426 306 423 307
433 306 430 307
435 306 432 307
436 306 434 307
438 306 436 307
440 306 438 307
442 306 440 307
444 306 441 307
446 306 443 307
447 306 444 307
396 308 394 308
398 308 395 308
400 308 397 308
402 308 399 308
404 308 401 308
405 308 402 308
407 308 404 308
409 308 406 308
411 308 408 308
422 308 419 309
424 308 421 309
426 308 423 309
427 308 425 309
429 308 426 309
431 308 428 309
433 308 430 309
435 308 432 309
436 308 434 309
438 308 436 309
440 308 438 309
442 308 440 309
444 308 442 309
446 308 443 309
447 308 445 309
451 308 447 308
391 310 388 311
395 310 392 311
398 310 395 310
400 310 397 310
402 310 399 310
404 310 400 310
405 310 402 310
407 310 404 310
409 310 406 310
411 310 408 311
422 310 419 311
424 310 421 311
426 310 423 311
427 310 425 311
429 310 427 311
431 310 428 311
433 310 430 310
435 310 432 311
436 310 434 311
438 310 436 311
440 310 438 311
442 310 440 311
444 310 441 311
446 310 443 311
447 310 445 311
449 310 446 310
391 312 388 313
393 312 390 313
395 312 392 313
396 312 394 312
398 312 395 313
400 312 397 313
402 312 399 312
404 312 400 312
405 312 402 312
407 312 404 312
409 312 406 312
411 312 408 312
422 312 418 313
424 312 421 313
426 312 423 313
427 312 424 313
429 312 426 313
431 312 428 313
433 312 430 312
435 312 432 313
436 312 434 313
438 312 436 313
440 312 438 313
442 312 440 313
444 312 441 313
446 312 444 313
447 312 445 313
449 312 447 312
451 312 448 312
453 312 450 312
391 314 388 315
393 314 390 315
395 314 392 315
396 314 393 314
398 314 395 314
400 314 397 314
402 314 399 314
404 314 400 314
405 314 402 314
407 314 404 314
409 314 406 314
411 314 408 314
420 314 416 315
422 314 419 314
424 314 421 315
426 314 423 315
427 314 424 315
429 314 426 314
431 314 428 315
435 314 432 315
436 314 434 315
438 314 436 315
440 314 438 315
442 314 440 315
444 314 442 315
446 314 444 315
447 314 445 315
449 314 447 315
451 314 448 314
453 314 450 314
391 315 388 316
393 315 390 316
395 315 392 316
396 315 393 316
398 315 395 316
400 315 397 316
402 315 399 316
404 315 400 316
405 315 402 316
407 315 404 316
409 315 406 316
411 315 408 316
418 315 416 316
420 315 417 316
422 315 419 316
424 315 421 316
426 315 423 316
427 315 424 316
429 315 426 316
431 315 428 316
433 315 430 316
435 315 432 316
436 315 434 316
438 315 436 316
440 315 438 317
442 315 439 316
444 315 441 316
446 315 443 316
447 315 445 316
449 315 447 317
451 315 448 316
453 315 450 316
455 315 452 316
391 317 388 318
393 317 390 318
395 317 392 318
396 317 393 318
398 317 395 318
400 317 397 318
402 317 399 318
404 317 400 318
405 317 402 318
407 317 404 318
409 317 406 318
411 317 408 318
413 317 410 318
415 317 411 318
418 317 415 318
420 317 417 318
422 317 419 318
424 317 421 318
426 317 423 318
427 317 424 318
429 317 426 318
431 317 428 318
433 317 430 318
435 317 432 318
436 317 434 318
438 317 436 318
440 317 438 318
442 317 439 318
444 317 441 318
446 317 443 318
447 317 445 318
449 317 447 318
451 317 448 318
453 317 450 318
455 317 452 318
456 317 454 317
391 319 388 320
393 319 390 320
395 319 392 320
396 319 393 320
398 319 395 320
400 319 397 320
402 319 399 320
404 319 400 320
405 319 402 320
407 319 404 320
409 319 406 320
411 319 408 320
413 319 410 320
415 319 412 320
416 319 413 320
418 319 415 320
420 319 417 320
422 319 419 320
424 319 421 320
426 319 423 320
427 319 424 320
429 319 426 320
431 319 428 320
433 319 430 320
435 319 432 320
436 319 434 320
438 319 436 320
440 319 438 320
442 319 439 320
444 319 441 320
446 319 443 320
447 319 445 320
449 319 447 320
451 319 448 320
453 319 451 320
455 319 453 320
456 319 454 320
458 319 456 320
391 321 388 322
393 321 390 322
395 321 392 322
396 321 394 322
398 321 395 322
400 321 397 322
402 321 399 322
404 321 401 322
405 321 402 322
407 321 404 322
409 321 406 322
411 321 408 322
413 321 410 322
415 321 412 322
416 321 413 322
418 321 415 322
420 321 417 322
422 321 419 322
424 321 421 322
426 321 423 321
427 321 425 321
429 321 427 321
431 321 429 322
433 321 430 322
435 321 432 322
436 321 434 322
438 321 435 322
440 321 438 322
442 321 439 322
444 321 441 322
446 321 443 322
447 321 445 322
449 321 447 322
451 321 448 322
453 321 450 322
455 321 452 322
456 321 454 323
458 321 456 321
460 321 457 321
391 323 388 324
393 323 390 324
395 323 392 324
396 323 394 324
398 323 395 324
400 323 397 324
402 323 399 324
404 323 401 324
405 323 402 324
407 323 404 324
409 323 406 324
411 323 408 323
413 323 410 323
415 323 411 323
416 323 413 324
420 323 417 323
422 323 419 323
424 323 421 323
426 323 423 323
427 323 425 323
429 323 427 323
431 323 429 323
433 323 430 324
435 323 432 324
436 323 434 323
438 323 435 323
440 323 437 324
442 323 439 324
444 323 441 324
446 323 443 324
447 323 445 324
449 323 447 324
451 323 449 324
453 323 451 324
455 323 452 324
458 323 456 324
460 323 457 323
391 325 388 326
393 325 390 326
395 325 392 326
396 325 394 326
398 325 395 325
400 325 397 325
402 325 399 325
404 325 401 325
405 325 403 326
407 325 404 326
409 325 406 325
411 325 408 325
413 325 410 325
415 325 412 326
416 325 413 325
418 325 415 325
420 325 417 325
422 325 419 325
424 325 421 325
426 325 423 325
427 325 425 325
429 325 426 325
431 325 428 326
433 325 430 326
435 325 432 325
436 325 434 325
438 325 436 325
440 325 437 326
442 325 439 326
444 325 441 326
446 325 443 326
447 325 445 326
449 325 447 326
451 325 449 326
453 325 451 326
455 325 452 325
456 325 454 326
458 325 456 326
460 325 458 327
391 326 389 327
393 326 390 327
395 326 392 327
396 326 393 327
398 326 395 327
400 326 397 327
402 326 399 327
404 326 401 327
405 326 402 327
407 326 404 327
409 326 406 327
411 326 408 327
413 326 410 327
415 326 412 327
416 326 413 327
418 326 415 327
420 326 417 327
422 326 419 327
424 326 421 327
426 326 423 327
427 326 424 327
429 326 426 327
431 326 428 327
433 326 430 327
435 326 432 327
436 326 434 327
438 326 435 327
440 326 437 327
442 326 439 327
444 326 441 327
446 326 443 328
447 326 445 327
449 326 447 327
451 326 448 328
453 326 451 327
455 326 452 327
456 326 454 327
458 326 456 328
460 326 458 328
393 328 390 329
395 328 392 329
396 328 393 329
398 328 395 329
400 328 397 329
402 328 399 329
404 328 401 329
405 328 403 329
407 328 404 329
409 328 406 329
411 328 408 329
413 328 410 329
415 328 411 329
416 328 413 329
418 328 415 329
420 328 417 329
422 328 419 329
424 328 421 329
426 328 422 329
427 328 424 329
429 328 426 329
431 328 428 329
433 328 430 329
435 328 432 329
436 328 434 329
438 328 435 329
440 328 437 329
442 328 439 329
444 328 441 329
446 328 443 329
447 328 445 329
449 328 446 329
451 328 449 329
453 328 451 329
455 328 452 329
456 328 454 329
460 328 458 330
393 330 390 331
395 330 392 331
396 330 394 331
398 330 395 331
400 330 397 331
402 330 399 331
404 330 401 331
405 330 403 331
407 330 405 331
409 330 406 331
411 330 408 331
413 330 410 331
415 330 411 331
416 330 413 331
418 330 415 331
420 330 417 331
422 330 419 331
424 330 421 331
426 330 422 331
427 330 424 331
429 330 426 331
431 330 428 331
433 330 430 331
435 330 432 331
436 330 434 331
438 330 435 331
440 330 437 331
442 330 439 331
444 330 441 331
446 330 443 331
447 330 445 331
449 330 447 331
451 330 448 331
453 330 451 331
455 330 453 331
456 330 455 331
458 330 456 331
460 330 458 332
395 332 392 333
396 332 394 333
398 332 395 333
400 332 397 333
402 332 399 333
404 332 401 333
405 332 403 333
407 332 404 333
409 332 406 333
411 332 408 333
413 332 410 333
415 332 411 333
416 332 413 333
418 332 415 333
420 332 417 333
422 332 419 333
424 332 421 333
426 332 423 333
427 332 424 333
429 332 426 333
431 332 428 333
433 332 430 333
435 332 432 333
436 332 434 333
438 332 435 333
440 332 437 333
442 332 439 333
444 332 441 333
446 332 443 333
447 332 445 333
449 332 447 333
451 332 449 333
453 332 451 333
455 332 453 333
456 332 454 333
458 332 456 333
395 334 392 334
396 334 394 335
398 334 395 335
400 334 397 335
402 334 399 335
404 334 401 335
405 334 403 335
407 334 404 335
409 334 406 335
411 334 408 335
413 334 410 335
415 334 412 335
416 334 413 335
418 334 415 335
420 334 417 335
422 334 419 335
424 334 421 335
426 334 423 335
427 334 424 335
429 334 426 335
431 334 428 335
433 334 430 335
435 334 432 335
436 334 434 335
438 334 435 335
440 334 437 335
442 334 439 335
444 334 441 335
446 334 443 335
447 334 445 335
449 334 447 335
451 334 449 335
453 334 451 335
455 334 452 335
456 334 454 335
458 334 456 335
460 334 458 335
395 336 392 336
396 336 394 337
398 336 395 337
400 336 397 336
402 336 399 337
404 336 401 336
405 336 402 336
407 336 404 336
409 336 406 337
411 336 408 337
413 336 410 337
415 336 412 336
416 336 413 336
418 336 415 337
420 336 417 337
422 336 419 337
424 336 421 337
426 336 423 336
427 336 424 337
429 336 426 337
431 336 428 336
433 336 430 336
435 336 432 336
436 336 433 337
438 336 436 336
440 336 438 337
442 336 439 337
444 336 441 337
446 336 443 337
447 336 445 336
449 336 447 336
451 336 449 336
453 336 450 337
455 336 452 338
458 336 456 337
460 336 458 337
396 337 394 338
398 337 395 338
400 337 397 338
402 337 399 338
404 337 401 338
405 337 402 338
407 337 404 338
409 337 406 338
411 337 408 338
413 337 410 338
415 337 412 338
416 337 413 338
418 337 415 338
420 337 417 338
422 337 419 338
424 337 421 338
426 337 422 338
427 337 424 338
429 337 426 338
431 337 428 338
433 337 430 338
435 337 432 338
436 337 434 338
438 337 436 338
440 337 437 338
442 337 439 338
447 337 445 339
449 337 447 339
451 337 449 338
453 337 450 338
396 339 394 340
398 339 395 340
400 339 397 340
402 339 399 340
404 339 401 340
405 339 403 340
407 339 404 340
409 339 406 340
411 339 408 340
413 339 410 340
415 339 412 340
416 339 413 340
418 339 415 340
420 339 417 340
422 339 419 340
424 339 421 340
426 339 422 340
427 339 424 340
429 339 426 340
431 339 428 340
433 339 430 340
435 339 432 340
436 339 434 340
438 339 435 340
440 339 438 340
442 339 439 340
444 339 441 340
446 339 441 342
447 339 443 342
449 339 445 342
451 339 451 340
455 339 452 340
456 339 454 340
398 341 395 342
400 341 397 342
402 341 399 342
404 341 401 342
405 341 402 342
407 341 404 342
409 341 406 342
411 341 408 342
413 341 410 342
415 341 412 342
416 341 413 342
418 341 415 342
420 341 417 342
422 341 419 342
424 341 421 342
426 341 422 342
427 341 424 342
429 341 426 342
431 341 428 342
433 341 430 342
435 341 432 342
436 341 433 342
438 341 435 342
440 341 437 342
442 341 440 342
447 341 447 341
449 341 449 341
400 343 397 344
402 343 399 344
404 343 401 344
405 343 403 344
407 343 404 344
409 343 406 344
411 343 408 344
413 343 410 344
415 343 412 344
416 343 413 344
418 343 415 344
420 343 417 344
422 343 419 344
424 343 421 344
426 343 422 344
427 343 424 344
429 343 426 344
431 343 428 344
433 343 430 344
435 343 432 344
436 343 434 344
438 343 435 344
440 343 438 344
442 343 440 344
444 343 443 344
446 343 445 343
447 343 447 343
400 345 397 346
402 345 399 346
404 345 401 346
405 345 403 346
407 345 404 346
409 345 406 346
411 345 408 346
413 345 410 346
415 345 412 346
416 345 413 346
418 345 415 346
420 345 417 346
422 345 419 346
424 345 421 346
426 345 422 346
427 345 424 346
429 345 426 346
431 345 428 346
433 345 430 346
435 345 432 345
436 345 433 346
438 345 435 346
440 345 438 346
442 345 442 345
444 345 443 345
400 346 397 347
404 346 401 348
405 346 403 347
407 346 404 347
409 346 406 347
411 346 408 347
413 346 410 347
415 346 412 347
416 346 413 347
418 346 415 347
420 346 417 347
422 346 419 347
424 346 421 347
426 346 422 347
427 346 424 347
429 346 426 347
431 346 428 347
433 346 430 347
435 346 432 347
436 346 434 347
438 346 438 347
440 346 439 347
442 346 442 347
404 348 401 349
405 348 403 349
407 348 405 349
409 348 406 349
411 348 408 349
413 348 410 349
415 348 412 349
416 348 413 349
418 348 415 349
420 348 417 349
422 348 419 349
424 348 421 349
426 348 423 349
427 348 424 349
429 348 426 349
431 348 428 349
433 348 430 349
435 348 432 349
436 348 436 349
438 348 438 349
440 348 439 349
400 350 400 353
404 350 401 351
405 350 403 351
407 350 405 351
409 350 407 351
416 350 414 351
420 350 417 351
422 350 419 351
424 350 421 351
426 350 423 351
427 350 424 351
429 350 426 351
431 350 428 351
433 350 430 351
404 352 401 353
405 352 403 353
407 352 405 353
409 352 407 353
411 352 409 353
438 352 436 353
404 354 401 355
405 354 403 355
407 354 405 355
409 354 406 355
411 354 408 355
413 354 410 355
416 354 414 355
