424 301 392 295
435 301 412 303
435 303 411 305
433 305 409 305
440 305 422 323
447 305 428 323
422 306 384 300
438 306 419 324
444 306 424 324
446 306 425 324
438 308 419 326
444 308 423 325
446 308 425 325
422 310 383 305
433 310 414 327
436 310 417 327
438 310 418 327
436 312 416 329
438 312 417 329
442 312 404 321
447 312 424 328
449 312 426 328
420 314 379 303
436 314 412 314
446 314 409 323
447 314 424 329
449 314 425 330
433 315 412 332
446 315 422 317
418 317 376 306
422 317 386 307
436 317 414 333
440 317 416 333
442 317 417 317
444 317 419 318
446 317 421 319
424 319 387 309
438 319 414 334
440 319 416 335
446 319 408 326
449 319 423 334
451 319 424 334
433 321 410 321
435 321 411 337
449 321 422 335
451 321 423 335
455 321 425 336
416 323 397 338
424 323 387 318
449 323 421 337
409 325 376 324
420 325 380 313
447 325 419 338
453 325 423 338
455 325 424 338
425 326 387 322
440 326 413 324
444 326 416 339
393 328 372 322
422 328 382 320
429 328 391 329
436 328 410 329
440 328 413 326
446 328 416 341
453 328 422 340
456 328 424 340
460 328 426 341
393 330 372 325
422 330 382 322
424 330 383 322
429 330 390 331
447 330 417 342
451 330 420 341
453 330 421 341
456 330 423 342
424 332 382 324
436 332 408 345
444 332 414 329
446 332 401 338
447 332 416 344
451 332 419 343
435 334 406 347
436 334 407 347
444 334 413 330
446 334 414 345
447 334 416 345
429 336 402 333
431 336 404 333
435 336 405 348
440 336 409 347
400 337 373 316
400 339 373 317
402 339 374 318
402 341 374 320
424 341 395 349
425 341 396 349
398 343 372 319
411 343 382 336
411 345 382 338
413 345 383 339
415 345 385 340
427 345 384 337
427 348 383 341
433 348 390 343
