424 301 411 313
426 301 413 314
431 301 418 316
433 301 420 316
436 301 422 315
438 301 424 316
440 301 426 316
444 301 429 314
446 301 431 313
447 301 434 313
426 303 413 316
427 303 415 317
429 303 416 317
431 303 418 318
433 303 420 318
436 303 422 317
438 303 424 318
440 303 426 317
442 303 427 317
444 303 429 318
446 303 431 317
447 303 433 317
426 305 412 318
427 305 414 318
429 305 416 318
431 305 417 319
433 305 419 319
438 305 423 319
440 305 425 319
442 305 427 319
444 305 428 319
446 305 430 319
447 305 433 319
422 306 409 321
424 306 410 321
427 306 413 321
429 306 415 320
431 306 417 321
433 306 418 321
436 306 421 320
438 306 423 321
440 306 425 321
442 306 426 321
444 306 428 321
446 306 430 321
447 306 432 321
407 308 394 321
409 308 395 321
411 308 397 321
422 308 408 323
426 308 411 323
427 308 413 322
429 308 415 322
431 308 416 323
433 308 418 323
438 308 423 322
440 308 424 323
442 308 425 323
444 308 428 323
405 310 392 323
407 310 393 323
426 310 411 325
427 310 412 324
429 310 414 325
431 310 416 324
436 310 420 324
438 310 422 324
440 310 424 324
442 310 426 324
404 312 390 324
411 312 397 324
422 312 407 325
427 312 412 326
429 312 414 326
431 312 415 326
435 312 418 326
436 312 420 326
438 312 422 326
440 312 423 326
444 312 426 326
402 314 388 326
404 314 390 326
405 314 392 325
407 314 393 326
409 314 395 327
420 314 404 326
426 314 410 328
427 314 411 328
429 314 413 328
431 314 415 328
436 314 419 328
438 314 421 328
440 314 423 328
444 314 425 328
400 315 386 327
402 315 388 327
404 315 390 327
405 315 392 327
420 315 404 330
426 315 409 329
427 315 411 329
429 315 413 330
431 315 414 330
435 315 417 329
436 315 419 329
438 315 420 330
442 315 423 330
444 315 425 330
402 317 388 329
405 317 392 328
407 317 393 329
413 317 398 330
415 317 399 329
416 317 400 328
418 317 402 331
424 317 407 331
426 317 409 331
427 317 410 331
429 317 412 331
433 317 415 332
435 317 417 331
436 317 418 331
438 317 419 331
442 317 423 331
446 317 426 331
404 319 390 330
405 319 392 330
413 319 397 331
415 319 398 332
416 319 400 332
418 319 402 332
420 319 404 333
422 319 405 332
424 319 407 333
426 319 408 333
427 319 410 333
429 319 412 333
433 319 414 333
435 319 416 333
436 319 418 333
438 319 419 333
440 319 421 333
444 319 424 333
446 319 425 332
447 319 427 333
413 321 397 333
415 321 398 334
420 321 403 334
422 321 404 335
424 321 406 335
426 321 408 335
427 321 410 334
431 321 411 335
435 321 416 335
436 321 417 335
438 321 419 335
444 321 423 334
446 321 425 334
447 321 427 334
409 323 393 332
411 323 394 333
418 323 401 336
422 323 404 336
426 323 407 336
429 323 410 337
431 323 412 336
433 323 414 336
435 323 415 336
436 323 417 337
442 323 421 336
444 323 423 336
446 323 424 336
447 323 426 336
411 325 394 334
416 325 398 336
418 325 400 337
424 325 405 337
426 325 407 338
429 325 409 338
431 325 411 338
433 325 413 338
435 325 415 338
436 325 416 338
440 325 419 337
442 325 421 338
444 325 422 338
446 325 424 338
447 325 425 338
451 325 429 338
420 326 401 338
422 326 403 339
424 326 404 339
426 326 406 339
429 326 409 340
433 326 412 340
435 326 414 340
436 326 415 340
440 326 418 339
442 326 420 339
444 326 422 339
446 326 424 339
449 326 426 340
451 326 428 340
405 328 387 334
407 328 388 334
415 328 396 338
416 328 397 338
418 328 399 338
420 328 401 340
422 328 402 341
424 328 404 341
426 328 405 341
431 328 410 341
433 328 412 341
435 328 414 341
436 328 415 341
440 328 418 341
442 328 420 341
444 328 421 341
446 328 423 341
451 328 427 341
453 328 429 341
405 330 387 334
407 330 388 335
409 330 390 336
415 330 395 339
416 330 397 340
418 330 398 339
420 330 400 342
422 330 402 343
424 330 403 343
426 330 405 343
431 330 410 343
433 330 412 343
435 330 413 343
436 330 414 343
440 330 417 342
442 330 419 343
444 330 421 343
446 330 422 343
449 330 426 343
451 330 427 343
453 330 429 342
455 330 431 342
396 332 378 331
398 332 380 331
407 332 388 336
413 332 393 340
415 332 395 341
416 332 396 341
418 332 398 341
424 332 403 344
427 332 407 344
431 332 409 344
433 332 411 344
435 332 412 344
440 332 417 344
442 332 419 344
449 332 425 344
451 332 427 344
453 332 428 344
455 332 430 344
400 334 381 333
409 334 389 339
411 334 391 340
415 334 395 342
416 334 396 343
418 334 397 343
420 334 399 344
422 334 401 344
427 334 406 346
429 334 407 346
431 334 409 346
433 334 410 346
438 334 415 346
440 334 416 346
442 334 418 346
447 334 423 346
449 334 424 346
451 334 426 346
455 334 430 346
400 336 379 333
411 336 390 341
416 336 395 344
424 336 402 346
426 336 403 347
427 336 405 347
429 336 407 348
431 336 408 348
433 336 410 347
436 336 412 348
438 336 414 347
440 336 416 347
442 336 417 348
447 336 422 348
449 336 424 348
400 337 379 335
402 337 381 336
404 337 383 337
415 337 393 344
420 337 398 345
422 337 399 345
426 337 403 348
427 337 404 349
429 337 406 349
431 337 408 349
436 337 412 349
438 337 414 349
440 337 415 349
400 339 378 336
402 339 380 338
405 339 384 340
411 339 389 343
413 339 391 344
418 339 396 347
420 339 397 347
422 339 399 348
426 339 402 350
427 339 404 351
429 339 406 351
431 339 407 351
435 339 410 351
436 339 412 351
438 339 413 351
440 339 415 351
400 341 379 339
407 341 385 343
409 341 386 343
413 341 390 345
415 341 392 346
418 341 395 348
420 341 397 349
422 341 398 349
424 341 400 349
426 341 402 352
427 341 403 352
429 341 405 352
431 341 407 353
435 341 410 353
436 341 412 352
438 341 413 352
440 341 415 353
409 343 386 344
411 343 388 346
413 343 390 347
415 343 391 347
416 343 393 348
420 343 396 350
422 343 398 350
424 343 400 351
426 343 401 354
427 343 403 354
433 343 408 354
436 343 411 354
438 343 413 354
409 345 386 346
415 345 391 349
416 345 392 349
418 345 394 350
422 345 398 352
424 345 399 353
426 345 401 355
427 345 403 356
435 345 410 356
416 346 392 351
418 346 394 352
424 346 399 355
