424 301 410 310
426 301 413 311
427 301 415 311
429 301 417 311
431 301 419 311
433 301 421 312
435 301 422 311
436 301 424 311
438 301 426 311
440 301 428 311
442 301 430 311
444 301 431 310
446 301 433 310
422 303 408 311
424 303 411 313
426 303 413 313
427 303 415 313
429 303 417 313
431 303 419 313
433 303 421 313
435 303 422 313
436 303 424 313
438 303 426 314
440 303 428 314
442 303 430 314
444 303 431 314
446 303 433 313
422 305 408 314
424 305 411 315
426 305 413 315
427 305 415 314
429 305 416 314
431 305 418 315
433 305 420 315
435 305 422 315
436 305 424 315
438 305 426 316
440 305 427 315
442 305 430 316
444 305 431 315
446 305 433 316
447 305 436 315
422 306 409 316
424 306 411 316
426 306 412 316
427 306 414 316
429 306 416 316
431 306 418 317
433 306 420 317
435 306 422 317
436 306 423 317
438 306 425 317
440 306 427 317
442 306 429 317
444 306 431 317
446 306 433 318
407 308 394 316
411 308 397 316
422 308 409 318
426 308 412 318
427 308 414 318
429 308 416 318
431 308 418 319
433 308 420 319
435 308 422 319
436 308 423 319
438 308 425 319
440 308 427 319
442 308 429 319
444 308 431 319
446 308 433 319
447 308 434 319
404 310 390 318
405 310 392 318
407 310 394 318
411 310 397 319
422 310 408 320
424 310 410 320
426 310 412 320
427 310 414 320
429 310 416 320
431 310 418 320
433 310 420 320
435 310 421 321
436 310 423 321
438 310 425 321
440 310 427 321
442 310 428 321
444 310 430 321
446 310 432 321
447 310 434 321
449 310 436 320
404 312 390 320
405 312 392 320
407 312 394 321
409 312 395 321
422 312 408 322
424 312 410 322
426 312 412 322
427 312 414 322
429 312 415 322
431 312 417 322
433 312 419 322
435 312 421 323
436 312 423 323
438 312 424 323
440 312 426 323
442 312 428 323
444 312 430 323
446 312 432 323
447 312 434 323
449 312 435 323
402 314 388 322
404 314 390 321
405 314 392 322
407 314 393 323
409 314 395 323
420 314 405 323
422 314 407 323
424 314 410 324
426 314 412 324
427 314 413 324
429 314 415 324
431 314 417 324
433 314 419 324
435 314 421 324
436 314 422 324
438 314 424 324
440 314 426 324
442 314 428 325
444 314 430 325
446 314 432 325
447 314 433 325
451 314 437 325
402 315 388 324
404 315 390 323
405 315 392 324
409 315 395 324
413 315 398 323
418 315 403 324
420 315 405 325
422 315 407 325
424 315 410 325
426 315 411 325
427 315 413 326
429 315 415 326
433 315 418 326
435 315 421 326
436 315 423 326
438 315 424 326
440 315 426 326
442 315 428 326
444 315 429 327
446 315 431 326
447 315 433 326
400 317 386 325
404 317 390 325
407 317 393 325
413 317 398 325
415 317 400 325
416 317 401 326
418 317 403 326
422 317 407 327
426 317 411 327
427 317 413 327
429 317 415 327
433 317 418 327
435 317 420 328
436 317 421 328
438 317 423 328
440 317 425 328
442 317 427 328
444 317 429 328
446 317 431 328
447 317 432 328
453 317 438 328
400 319 386 327
402 319 388 327
404 319 390 327
405 319 392 327
407 319 393 327
413 319 398 328
415 319 399 328
416 319 401 328
418 319 403 328
420 319 405 329
424 319 409 329
427 319 413 329
429 319 415 329
433 319 418 330
435 319 419 330
436 319 422 330
438 319 423 330
440 319 425 330
442 319 427 330
444 319 429 330
446 319 430 330
447 319 432 330
449 319 434 330
453 319 438 330
393 321 380 325
395 321 381 325
396 321 382 325
400 321 386 328
402 321 388 328
404 321 390 328
405 321 391 328
407 321 393 329
413 321 398 329
415 321 399 330
416 321 401 329
418 321 403 330
420 321 405 331
422 321 407 331
424 321 409 331
426 321 410 331
431 321 416 331
435 321 419 332
436 321 421 332
438 321 423 332
440 321 425 332
442 321 427 332
444 321 429 332
446 321 430 332
447 321 432 332
449 321 434 332
453 321 438 332
395 323 381 327
396 323 382 327
402 323 388 330
404 323 390 330
405 323 391 330
407 323 393 330
411 323 396 331
413 323 398 331
415 323 399 332
416 323 400 332
418 323 403 332
420 323 404 333
422 323 406 333
424 323 408 333
426 323 410 333
431 323 416 333
433 323 418 333
435 323 419 334
436 323 421 333
438 323 423 334
440 323 425 334
442 323 426 334
444 323 428 334
446 323 430 334
447 323 432 334
449 323 434 334
453 323 437 334
393 325 379 328
396 325 382 329
400 325 386 330
402 325 388 331
404 325 389 331
405 325 391 331
409 325 394 332
411 325 396 333
413 325 397 333
415 325 399 333
416 325 400 333
418 325 402 334
420 325 404 335
422 325 406 335
424 325 408 335
426 325 410 335
429 325 414 335
431 325 415 335
433 325 417 335
435 325 419 335
436 325 421 335
438 325 422 335
440 325 424 335
442 325 426 335
444 325 428 336
446 325 430 336
447 325 431 336
449 325 433 336
451 325 435 336
453 325 437 335
393 326 379 330
395 326 380 330
396 326 382 330
398 326 384 331
400 326 385 331
407 326 392 333
409 326 393 334
413 326 397 335
415 326 399 335
416 326 400 335
418 326 402 335
422 326 406 337
424 326 408 336
426 326 409 337
427 326 411 336
429 326 413 336
431 326 415 336
433 326 417 337
435 326 419 337
436 326 420 337
438 326 422 337
440 326 424 337
442 326 426 337
444 326 428 337
446 326 430 337
447 326 431 337
449 326 433 337
451 326 435 338
393 328 379 331
395 328 380 331
400 328 385 333
402 328 387 334
407 328 391 335
409 328 393 335
413 328 397 336
415 328 399 337
416 328 400 337
418 328 402 337
420 328 404 337
424 328 408 338
426 328 409 338
427 328 411 338
429 328 413 338
431 328 415 338
433 328 417 339
435 328 418 339
436 328 420 339
438 328 422 339
440 328 424 339
442 328 426 339
444 328 428 339
446 328 429 339
447 328 431 339
449 328 433 339
453 328 437 339
455 328 438 339
393 330 378 334
395 330 380 333
398 330 382 334
400 330 385 334
402 330 387 335
404 330 388 335
413 330 397 338
415 330 398 338
416 330 400 339
418 330 402 339
420 330 403 339
422 330 406 340
427 330 411 340
429 330 412 340
431 330 414 340
433 330 416 340
435 330 418 340
436 330 420 340
438 330 422 341
440 330 423 340
442 330 426 341
444 330 427 341
446 330 429 341
447 330 431 341
449 330 432 341
400 332 385 336
402 332 387 337
404 332 388 337
405 332 390 338
407 332 392 338
413 332 396 340
415 332 398 340
416 332 400 340
418 332 401 340
420 332 403 341
422 332 405 341
424 332 407 341
426 332 409 342
427 332 411 342
429 332 412 342
431 332 414 342
433 332 416 342
435 332 418 342
436 332 420 342
438 332 421 342
440 332 423 342
442 332 425 342
444 332 427 342
446 332 429 343
447 332 431 343
449 332 432 343
398 334 382 337
400 334 384 337
402 334 386 338
404 334 388 339
407 334 391 340
409 334 393 340
413 334 396 341
415 334 398 342
416 334 400 342
418 334 401 342
420 334 403 343
422 334 405 343
424 334 407 343
426 334 408 344
427 334 410 344
429 334 412 344
431 334 414 344
433 334 416 344
435 334 418 344
436 334 420 344
438 334 421 344
440 334 423 344
442 334 425 344
444 334 427 344
446 334 428 344
447 334 430 345
396 336 381 338
400 336 384 339
404 336 388 340
407 336 391 342
409 336 393 342
411 336 395 342
413 336 396 343
415 336 398 343
416 336 399 343
418 336 401 344
420 336 403 344
422 336 404 344
424 336 406 344
426 336 408 345
427 336 410 345
429 336 412 346
431 336 414 346
433 336 415 346
435 336 417 346
436 336 419 346
438 336 421 346
440 336 423 346
442 336 424 346
444 336 426 346
446 336 429 346
396 337 381 340
398 337 383 340
400 337 384 341
402 337 386 341
409 337 393 344
411 337 394 344
415 337 398 345
416 337 399 345
418 337 401 345
420 337 403 346
422 337 404 346
424 337 406 346
426 337 408 346
427 337 410 347
429 337 412 347
431 337 413 347
433 337 415 347
435 337 417 347
436 337 419 348
438 337 421 348
440 337 422 348
442 337 424 348
398 339 382 342
400 339 384 342
402 339 386 343
405 339 389 344
409 339 392 345
411 339 394 345
413 339 396 346
416 339 399 347
418 339 401 347
420 339 402 347
422 339 404 347
424 339 406 348
426 339 408 348
427 339 409 349
429 339 411 349
431 339 413 349
433 339 415 349
435 339 417 349
436 339 419 349
438 339 420 350
440 339 422 350
398 341 382 344
400 341 384 344
402 341 386 344
405 341 389 345
409 341 392 346
411 341 394 347
413 341 396 347
415 341 397 348
418 341 401 349
420 341 402 349
422 341 404 349
424 341 406 350
426 341 407 351
427 341 409 351
431 341 413 351
433 341 415 351
435 341 416 351
400 343 384 346
402 343 386 346
405 343 388 346
407 343 390 347
411 343 394 349
413 343 395 349
415 343 397 349
416 343 399 350
420 343 402 351
422 343 404 351
424 343 406 352
426 343 407 352
427 343 409 353
429 343 411 353
433 343 414 353
402 345 385 348
405 345 388 348
407 345 390 349
409 345 392 349
413 345 395 351
415 345 397 351
416 345 398 351
418 345 400 352
420 345 402 353
422 345 404 353
426 345 407 354
427 345 409 354
402 346 386 350
404 346 387 349
405 346 389 350
409 346 392 351
411 346 393 351
415 346 396 352
416 346 398 353
418 346 400 353
424 346 405 355
426 346 407 355
405 348 389 352
413 348 395 354
415 348 397 354
418 348 400 355
