424 301 410 314
426 301 413 314
431 301 417 314
433 301 420 317
435 301 421 317
436 301 422 316
438 301 424 317
440 301 426 317
444 301 429 316
446 301 431 314
447 301 433 314
422 303 408 317
427 303 414 317
429 303 416 318
431 303 417 316
433 303 420 319
435 303 421 319
440 303 425 318
442 303 427 319
444 303 428 319
447 303 432 317
424 305 411 321
429 305 415 319
431 305 417 320
433 305 419 320
435 305 420 320
438 305 422 320
440 305 424 320
442 305 426 320
444 305 427 320
422 306 409 322
424 306 410 323
431 306 416 322
433 306 418 322
435 306 420 322
438 306 422 321
440 306 424 322
442 306 425 322
444 306 427 322
407 308 394 324
422 308 408 324
424 308 410 324
427 308 413 324
429 308 414 324
431 308 416 323
433 308 417 324
436 308 420 324
440 308 423 323
442 308 425 324
405 310 392 324
407 310 393 325
422 310 407 326
424 310 409 326
427 310 412 326
429 310 414 326
431 310 415 324
433 310 417 325
435 310 418 325
438 310 421 325
440 310 423 325
442 310 425 325
444 310 426 325
447 310 428 325
404 312 390 325
405 312 392 326
411 312 397 326
422 312 407 327
424 312 409 327
427 312 412 327
429 312 413 327
431 312 415 328
433 312 416 326
435 312 418 327
438 312 421 327
440 312 422 327
442 312 424 327
447 312 427 327
449 312 429 327
402 314 388 327
404 314 390 327
407 314 394 327
409 314 396 327
427 314 411 329
429 314 413 329
431 314 414 329
433 314 416 328
436 314 418 329
438 314 420 329
444 314 423 329
446 314 426 328
447 314 427 328
449 314 429 328
400 315 386 328
402 315 388 328
405 315 392 328
420 315 404 328
422 315 405 328
426 315 409 330
427 315 410 330
429 315 412 331
431 315 413 331
433 315 415 330
436 315 417 330
442 315 421 331
444 315 423 330
447 315 427 330
449 315 428 330
455 315 436 329
400 317 386 331
402 317 387 331
404 317 390 331
405 317 392 330
415 317 399 329
418 317 402 329
426 317 408 332
427 317 410 332
429 317 411 332
433 317 414 332
436 317 417 331
438 317 418 331
442 317 421 332
444 317 423 332
446 317 425 331
447 317 426 331
449 317 427 332
455 317 436 330
456 317 437 331
405 319 392 331
407 319 394 331
411 319 395 332
413 319 397 331
415 319 399 332
418 319 401 331
422 319 404 334
424 319 406 334
427 319 410 333
429 319 411 334
435 319 415 333
436 319 416 333
440 319 419 333
444 319 422 333
446 319 424 333
447 319 425 333
449 319 427 333
455 319 431 333
413 321 396 333
415 321 398 334
418 321 401 335
422 321 404 335
424 321 405 336
426 321 407 336
427 321 409 335
433 321 413 335
435 321 414 335
436 321 415 335
438 321 417 335
442 321 420 334
444 321 421 335
446 321 423 334
447 321 425 334
449 321 426 335
453 321 429 334
455 321 430 334
409 323 393 333
411 323 394 334
413 323 396 334
416 323 399 336
418 323 401 336
420 323 402 337
427 323 408 337
431 323 410 337
433 323 412 337
435 323 414 337
436 323 415 337
440 323 418 336
442 323 420 336
444 323 421 336
446 323 423 336
447 323 424 336
451 323 427 336
453 323 428 336
455 323 430 336
418 325 400 338
420 325 402 339
426 325 406 338
427 325 408 338
431 325 410 339
433 325 412 339
435 325 413 339
436 325 414 338
440 325 417 337
442 325 419 338
446 325 422 338
447 325 423 338
451 325 426 338
453 325 428 337
455 325 429 337
458 325 432 337
415 326 396 336
416 326 397 336
418 326 399 337
424 326 403 340
426 326 406 340
427 326 407 340
431 326 409 340
435 326 413 340
436 326 414 340
440 326 417 339
442 326 418 339
444 326 420 339
446 326 422 339
449 326 424 339
453 326 427 339
455 326 429 339
458 326 431 338
460 326 433 339
415 328 395 338
416 328 397 338
418 328 398 338
420 328 400 339
424 328 403 342
426 328 405 341
427 328 406 341
431 328 409 342
433 328 411 341
435 328 412 341
436 328 413 342
440 328 416 341
442 328 418 341
444 328 420 341
446 328 421 341
449 328 423 340
451 328 425 340
453 328 427 340
458 328 431 340
460 328 432 340
415 330 395 339
416 330 396 340
418 330 398 340
420 330 400 341
422 330 401 342
426 330 404 343
427 330 405 343
429 330 407 343
433 330 410 343
435 330 411 343
440 330 416 342
444 330 419 342
447 330 421 342
451 330 424 342
453 330 426 342
455 330 428 341
458 330 430 342
460 330 432 342
407 332 387 335
418 332 397 342
420 332 399 342
422 332 401 343
424 332 402 344
426 332 403 345
429 332 406 345
433 332 409 344
435 332 411 344
438 332 413 344
440 332 415 344
442 332 417 344
444 332 418 344
447 332 421 344
449 332 423 343
451 332 424 344
453 332 426 344
455 332 428 343
456 332 429 343
460 332 431 344
418 334 396 343
420 334 398 344
429 334 406 346
431 334 408 346
433 334 409 346
436 334 411 346
438 334 413 346
440 334 414 345
442 334 416 346
444 334 418 345
446 334 419 346
449 334 421 346
451 334 424 345
455 334 427 344
456 334 429 345
460 334 431 345
407 336 386 338
409 336 387 339
424 336 400 345
426 336 402 345
427 336 404 347
429 336 405 348
431 336 407 348
433 336 408 348
438 336 412 347
440 336 414 347
444 336 417 347
447 336 420 348
458 336 428 347
416 337 394 345
418 337 395 346
420 337 397 346
422 337 398 346
424 337 400 346
426 337 401 347
427 337 403 349
431 337 406 349
433 337 408 349
436 337 410 349
438 337 412 349
440 337 413 349
442 337 415 348
444 337 417 349
446 337 419 349
411 339 404 346
416 339 393 346
418 339 394 347
420 339 396 347
422 339 398 348
424 339 399 348
426 339 401 349
429 339 404 350
431 339 405 351
435 339 408 350
436 339 409 351
438 339 411 350
440 339 413 351
442 339 415 351
446 339 419 351
447 339 421 350
416 341 392 347
418 341 394 348
420 341 396 349
422 341 397 349
424 341 399 350
426 341 400 352
427 341 402 351
429 341 403 352
431 341 405 352
435 341 407 352
436 341 409 352
438 341 411 352
440 341 413 353
442 341 414 353
451 341 426 349
398 343 388 345
420 343 395 351
422 343 396 351
424 343 398 351
427 343 401 354
429 343 403 353
431 343 404 354
433 343 406 354
438 343 411 354
440 343 412 354
420 345 394 352
429 345 402 355
402 352 392 350
404 352 393 350
404 354 393 351
