440 305 422 323
438 306 419 324
438 308 419 326
433 310 414 327
436 310 417 327
438 310 418 327
436 312 416 329
438 312 417 329
433 315 412 332
436 317 414 333
440 317 416 333
438 319 414 334
440 319 416 335
449 319 423 334
435 321 411 337
449 321 422 335
451 321 423 335
416 323 397 338
449 323 421 337
447 325 419 338
453 325 423 338
444 326 416 339
393 328 372 322
446 328 416 341
453 328 422 340
393 330 372 325
447 330 417 342
451 330 420 341
453 330 421 341
436 332 408 345
447 332 416 344
435 334 406 347
436 334 407 347
446 334 414 345
435 336 405 348
440 336 409 347
424 341 395 349
425 341 396 349
