466 283 423 308
464 285 421 312
466 285 422 314
463 286 417 313
463 288 416 315
459 290 411 317
463 290 416 318
464 290 419 319
476 290 437 324
463 291 416 320
464 291 418 320
473 291 432 325
463 293 416 321
464 293 419 323
466 293 421 323
468 293 424 324
471 293 428 326
473 293 432 327
430 295 381 320
461 295 412 319
463 295 415 323
464 295 419 325
466 295 420 325
469 295 426 328
471 295 428 328
473 295 431 329
474 295 434 329
476 295 436 330
479 295 441 330
423 296 378 322
458 296 407 323
459 296 410 324
466 296 420 327
468 296 422 327
469 296 426 330
471 296 428 330
473 296 430 330
476 296 435 331
481 296 443 333
423 298 378 324
426 298 379 325
428 298 381 324
446 298 393 322
448 298 395 322
450 298 397 323
453 298 400 323
454 298 402 323
456 298 405 325
458 298 407 325
459 298 409 325
464 298 417 329
466 298 419 329
468 298 422 329
469 298 426 331
471 298 428 332
473 298 430 332
474 298 433 333
476 298 435 333
426 300 379 327
431 300 383 326
433 300 385 327
448 300 395 324
450 300 396 324
454 300 402 326
456 300 404 326
458 300 407 327
464 300 417 331
468 300 422 331
471 300 428 334
473 300 430 334
479 300 441 337
428 301 381 329
435 301 386 329
454 301 402 328
456 301 405 330
458 301 407 329
459 301 409 329
468 301 422 333
469 301 424 333
471 301 427 336
473 301 430 336
474 301 432 336
423 303 378 331
426 303 380 331
433 303 385 331
435 303 387 331
448 303 396 330
454 303 402 330
456 303 404 331
459 303 409 331
468 303 422 335
469 303 423 335
471 303 427 337
473 303 430 338
423 305 378 333
426 305 380 333
428 305 382 333
431 305 384 334
435 305 386 333
436 305 388 333
441 305 392 332
454 305 402 332
456 305 403 332
458 305 405 332
466 305 418 336
468 305 421 337
469 305 423 337
471 305 425 337
473 305 429 339
425 306 380 335
426 306 381 335
435 306 386 335
436 306 388 335
438 306 389 335
456 306 403 334
458 306 405 335
466 306 418 338
468 306 421 339
469 306 423 339
471 306 425 339
473 306 429 341
431 308 384 337
433 308 385 337
436 308 388 337
438 308 389 337
440 308 391 337
443 308 393 337
454 308 402 336
458 308 405 336
459 308 408 339
466 308 418 340
468 308 421 341
469 308 422 341
471 308 425 341
473 308 427 341
474 308 430 344
433 310 385 340
440 310 391 339
443 310 394 339
445 310 395 339
451 310 398 338
454 310 402 338
456 310 404 338
461 310 410 340
463 310 412 341
464 310 414 341
466 310 417 342
468 310 420 342
469 310 422 343
471 310 425 343
473 310 427 343
431 311 385 342
435 311 387 341
436 311 388 341
440 311 391 341
441 311 392 341
443 311 394 341
450 311 398 340
453 311 401 340
456 311 404 341
463 311 412 343
464 311 414 343
466 311 416 343
468 311 419 344
469 311 422 345
471 311 424 346
473 311 428 345
474 311 429 347
431 313 385 344
435 313 387 344
436 313 388 343
438 313 390 344
440 313 391 343
441 313 392 343
443 313 394 343
448 313 398 343
451 313 400 343
453 313 402 343
456 313 404 342
458 313 405 342
461 313 409 343
464 313 414 345
466 313 416 345
468 313 418 346
469 313 421 347
433 314 387 346
435 314 388 346
438 314 390 346
440 314 392 346
441 314 393 346
443 314 394 345
446 314 396 345
448 314 398 345
450 314 399 346
453 314 402 345
454 314 403 344
458 314 406 345
459 314 407 344
461 314 409 344
463 314 411 345
464 314 414 347
466 314 416 347
468 314 418 348
469 314 421 348
471 314 424 349
433 316 387 348
435 316 388 348
436 316 390 349
440 316 392 348
441 316 393 348
445 316 395 348
448 316 398 347
450 316 399 348
453 316 402 347
454 316 403 347
458 316 406 347
459 316 407 347
461 316 409 347
463 316 411 347
464 316 414 348
466 316 416 349
468 316 418 350
469 316 420 350
433 318 386 351
435 318 388 352
440 318 392 350
441 318 393 350
443 318 395 350
446 318 397 350
450 318 400 350
451 318 401 350
453 318 402 349
456 318 405 349
458 318 406 349
459 318 407 349
461 318 409 349
463 318 411 349
464 318 412 349
466 318 416 351
468 318 418 351
469 318 420 352
436 319 389 353
438 319 391 353
441 319 393 352
443 319 395 352
446 319 397 352
448 319 399 352
450 319 400 352
451 319 401 352
453 319 403 352
456 319 405 352
458 319 407 352
459 319 408 352
461 319 409 351
463 319 410 351
464 319 412 351
436 321 390 355
440 321 391 354
441 321 393 355
443 321 395 354
445 321 396 355
448 321 399 354
450 321 401 354
458 321 406 354
459 321 408 354
445 323 396 356
458 323 406 356
459 323 408 356
461 323 409 356
