478 283 431 313
479 283 434 313
466 285 423 319
468 286 421 324
474 286 427 326
476 286 429 326
479 286 430 318
466 288 418 326
468 288 420 326
469 288 422 326
459 290 409 325
468 290 419 328
473 290 424 329
474 290 426 330
463 291 413 328
464 291 415 329
466 291 417 329
468 291 418 329
473 291 423 331
474 291 425 331
463 293 412 330
464 293 414 330
466 293 416 331
468 293 417 331
473 293 423 333
479 293 430 335
430 295 412 319
435 295 385 325
468 295 417 332
471 295 420 334
473 295 422 334
476 295 426 335
438 296 387 328
448 296 394 325
459 296 407 331
463 296 410 333
464 296 412 333
466 296 414 333
468 296 416 334
476 296 425 336
484 296 435 337
448 298 394 326
451 298 398 329
454 298 400 329
458 298 404 333
459 298 406 333
461 298 408 334
466 298 413 335
468 298 414 335
469 298 417 336
471 298 418 336
474 298 422 338
476 298 424 338
438 300 402 333
446 300 392 330
448 300 394 329
451 300 397 330
454 300 399 331
456 300 401 331
458 300 403 334
459 300 405 335
461 300 407 336
463 300 423 327
464 300 411 336
466 300 412 336
468 300 414 337
469 300 416 337
471 300 418 338
473 300 420 339
474 300 421 339
479 300 427 340
483 300 434 329
426 301 390 329
443 301 405 331
448 301 393 332
450 301 395 332
451 301 396 333
453 301 398 334
454 301 399 335
456 301 401 335
458 301 402 336
459 301 404 337
461 301 406 337
463 301 408 337
464 301 410 337
466 301 412 338
468 301 413 339
469 301 415 339
471 301 417 340
473 301 419 340
474 301 421 341
479 301 426 342
483 301 433 331
484 301 435 332
423 303 381 329
450 303 394 334
451 303 396 335
453 303 397 335
456 303 400 337
458 303 402 338
459 303 404 338
463 303 408 338
464 303 409 339
466 303 411 340
468 303 413 340
469 303 414 340
471 303 415 324
473 303 418 342
474 303 420 342
484 303 436 334
423 305 381 331
425 305 384 331
456 305 399 336
458 305 401 339
461 305 420 331
463 305 406 340
464 305 408 341
466 305 410 341
468 305 412 342
469 305 414 342
471 305 415 343
473 305 417 343
474 305 419 344
476 305 421 344
450 306 393 336
451 306 395 337
454 306 397 338
456 306 398 338
458 306 400 339
463 306 420 335
464 306 421 335
466 306 409 343
468 306 411 343
469 306 413 343
471 306 415 344
473 306 415 327
474 306 418 345
428 308 387 334
454 308 396 339
456 308 398 340
458 308 400 340
459 308 401 343
463 308 419 337
464 308 421 337
466 308 409 344
468 308 410 345
469 308 412 345
471 308 414 346
474 308 418 347
425 310 382 336
426 310 384 336
445 310 388 336
451 310 393 340
454 310 395 341
456 310 397 341
458 310 399 342
466 310 408 346
468 310 410 346
469 310 411 347
471 310 413 347
473 310 415 347
453 311 394 342
454 311 395 342
456 311 397 343
458 311 398 344
459 311 400 344
461 311 401 344
469 311 423 340
471 311 426 340
445 313 386 339
446 313 404 344
448 313 406 344
454 313 395 344
456 313 396 344
458 313 398 345
459 313 399 346
461 313 401 346
463 313 402 347
468 313 408 349
469 313 423 342
471 313 425 342
430 314 386 343
431 314 388 344
450 314 407 345
453 314 393 345
454 314 394 345
456 314 396 346
458 314 397 346
459 314 398 347
461 314 400 348
463 314 402 349
464 314 403 350
466 314 405 351
468 314 407 351
469 314 409 352
471 314 410 352
430 316 386 345
431 316 388 345
433 316 390 346
448 316 405 346
450 316 406 346
454 316 393 347
456 316 395 348
458 316 397 348
459 316 398 349
463 316 401 351
464 316 403 351
466 316 404 352
468 316 406 353
469 316 408 353
471 316 424 346
435 318 390 348
440 318 394 350
448 318 404 348
450 318 406 348
459 318 397 350
461 318 399 350
463 318 400 352
464 318 402 353
466 318 404 354
468 318 406 354
441 319 395 352
443 319 397 353
464 319 401 354
466 319 403 355
456 324 425 346
464 324 429 343
466 324 430 343
