473 285 420 310
469 286 418 309
468 288 417 328
466 290 410 313
468 290 416 330
476 290 424 317
423 291 372 309
466 291 413 331
468 291 412 315
471 291 417 317
466 293 412 333
471 293 417 333
473 293 419 334
479 293 425 335
435 295 375 315
438 295 388 303
461 295 403 316
463 295 404 317
464 295 410 333
471 295 416 335
473 295 418 335
476 295 421 335
479 295 427 335
423 296 372 314
459 296 400 317
461 296 402 318
463 296 407 335
464 296 407 318
466 296 411 335
468 296 413 335
478 296 422 337
423 298 372 316
441 298 388 305
459 298 399 319
461 298 402 319
464 298 408 336
466 298 410 337
471 298 415 337
473 298 416 338
474 298 418 338
478 298 421 338
479 298 423 338
484 298 428 337
425 300 373 318
428 300 375 319
430 300 376 320
448 300 392 331
459 300 402 337
463 300 404 321
464 300 408 338
466 300 409 323
468 300 410 339
469 300 412 338
471 300 414 339
473 300 415 339
476 300 418 340
479 300 422 340
481 300 424 340
428 301 375 321
430 301 376 321
453 301 396 335
456 301 398 336
463 301 405 339
464 301 406 339
469 301 412 324
471 301 413 325
473 301 415 325
478 301 420 341
479 301 421 342
481 301 423 342
484 301 430 332
453 303 395 337
456 303 398 338
458 303 399 339
459 303 401 340
461 303 403 340
463 303 404 340
468 303 409 341
469 303 410 341
471 303 413 326
476 303 417 342
478 303 418 343
479 303 420 343
441 305 384 331
443 305 385 332
451 305 393 337
456 305 397 340
458 305 398 341
459 305 400 341
461 305 401 342
464 305 405 327
468 305 408 343
469 305 410 343
471 305 412 328
474 305 415 343
476 305 416 344
458 306 397 343
459 306 399 343
463 306 403 329
468 306 407 344
469 306 409 344
473 306 412 344
474 306 414 345
476 306 415 345
441 308 383 316
454 308 394 340
456 308 395 341
459 308 398 344
464 308 403 345
466 308 405 345
468 308 406 346
473 308 411 346
474 308 413 346
441 310 382 318
443 310 383 320
445 310 385 321
446 310 387 322
448 310 388 323
454 310 393 342
456 310 395 342
458 310 396 343
463 310 400 345
464 310 402 347
466 310 404 347
468 310 405 347
471 310 409 347
473 310 410 347
474 310 412 348
440 311 380 318
441 311 381 320
446 311 386 324
448 311 388 325
454 311 392 343
456 311 394 330
464 311 401 348
468 311 406 333
471 311 408 349
436 313 375 318
438 313 377 318
440 313 379 320
441 313 380 322
443 313 382 323
448 313 387 327
450 313 388 327
456 313 393 333
458 313 395 334
466 313 404 334
468 313 406 334
438 314 377 335
440 314 378 322
441 314 379 323
443 314 381 324
445 314 382 325
450 314 388 329
451 314 389 330
454 314 390 335
456 314 392 335
463 314 398 346
441 316 378 324
446 316 383 329
448 316 384 327
464 316 399 349
445 318 381 326
454 318 388 344
461 318 395 348
463 318 397 349
464 318 398 351
469 318 417 346
445 319 380 328
446 319 382 329
461 319 394 350
435 321 372 325
445 321 379 329
446 321 381 330
448 321 383 332
443 323 378 331
445 323 380 332
448 323 382 333
