463 285 456 291
464 285 458 292
466 285 460 292
468 285 462 292
469 285 463 292
461 286 453 292
466 286 460 294
468 286 462 293
469 286 464 294
473 286 468 294
474 286 469 294
461 288 454 294
463 288 456 294
464 288 458 294
466 288 460 295
468 288 462 295
469 288 464 295
471 288 466 295
473 288 468 296
474 288 469 296
459 290 452 296
461 290 454 296
463 290 456 296
464 290 458 296
466 290 460 297
468 290 462 297
469 290 464 297
471 290 466 297
473 290 468 297
474 290 469 298
476 290 471 297
478 290 473 297
479 290 475 296
461 291 454 298
463 291 456 298
464 291 458 299
466 291 460 299
468 291 462 299
469 291 463 299
471 291 465 299
473 291 467 299
474 291 469 299
476 291 471 299
478 291 473 299
479 291 476 299
435 293 427 299
436 293 428 299
459 293 452 300
461 293 454 300
463 293 456 300
464 293 457 300
466 293 460 301
468 293 462 301
469 293 463 301
471 293 465 301
473 293 467 301
474 293 469 301
476 293 471 301
478 293 473 301
423 295 416 302
426 295 418 301
428 295 420 301
458 295 451 301
459 295 452 301
461 295 454 302
463 295 456 302
464 295 457 302
466 295 459 302
468 295 462 302
469 295 463 303
471 295 465 303
473 295 467 303
474 295 469 303
476 295 471 303
478 295 473 303
479 295 475 303
423 296 416 303
425 296 417 303
428 296 420 303
430 296 422 303
431 296 423 303
443 296 434 302
446 296 437 302
448 296 439 301
450 296 441 301
458 296 451 302
459 296 452 303
461 296 454 303
463 296 456 303
464 296 457 304
466 296 460 304
468 296 462 304
469 296 463 304
471 296 465 304
473 296 467 304
474 296 469 304
476 296 471 304
478 296 473 304
479 296 475 305
481 296 477 305
423 298 416 305
425 298 418 305
426 298 419 305
430 298 422 305
431 298 424 305
443 298 434 304
445 298 436 304
446 298 437 304
448 298 439 304
450 298 441 303
451 298 442 303
456 298 448 304
458 298 450 305
459 298 452 305
461 298 454 305
463 298 456 305
464 298 458 305
466 298 459 306
468 298 462 306
469 298 463 306
471 298 465 306
473 298 467 306
474 298 469 306
476 298 471 306
478 298 473 306
479 298 475 306
484 298 481 307
423 300 416 307
425 300 417 307
426 300 419 307
430 300 422 307
431 300 424 307
433 300 425 306
440 300 431 306
443 300 434 306
445 300 436 306
446 300 438 306
448 300 440 306
450 300 441 306
451 300 443 306
453 300 445 306
456 300 448 306
458 300 450 306
459 300 452 306
461 300 454 306
463 300 456 307
466 300 459 307
468 300 462 307
469 300 463 307
471 300 465 308
473 300 467 308
474 300 469 308
476 300 471 308
478 300 473 308
479 300 475 308
423 301 416 308
425 301 418 308
426 301 419 308
428 301 421 308
431 301 424 308
433 301 425 308
435 301 427 308
438 301 430 308
440 301 432 308
445 301 436 308
446 301 438 307
448 301 440 308
450 301 442 308
453 301 445 308
454 301 446 308
456 301 448 307
458 301 451 308
459 301 452 308
461 301 454 308
463 301 456 308
464 301 458 308
468 301 462 309
469 301 463 309
471 301 465 309
473 301 467 309
474 301 469 309
476 301 471 309
423 303 416 310
425 303 418 310
426 303 419 310
428 303 421 310
431 303 424 310
433 303 426 310
435 303 427 310
438 303 430 310
441 303 434 310
443 303 435 310
446 303 438 310
448 303 440 309
450 303 442 309
454 303 446 310
456 303 448 309
461 303 455 309
463 303 456 310
464 303 458 310
466 303 459 310
468 303 462 311
469 303 463 311
471 303 465 311
473 303 467 311
474 303 469 311
476 303 471 311
423 305 416 312
425 305 418 312
426 305 419 312
428 305 421 312
430 305 423 312
433 305 426 312
435 305 427 312
436 305 429 311
438 305 430 311
440 305 432 311
443 305 435 312
445 305 437 311
446 305 439 312
448 305 440 312
451 305 443 311
454 305 447 311
456 305 448 311
458 305 450 311
461 305 454 311
463 305 456 311
464 305 457 312
466 305 459 312
468 305 462 312
469 305 463 313
471 305 465 312
473 305 467 313
474 305 469 313
423 306 416 314
425 306 418 313
426 306 419 313
428 306 421 314
430 306 423 313
433 306 426 313
436 306 429 314
438 306 431 314
440 306 432 313
441 306 434 313
443 306 436 313
445 306 437 313
446 306 439 313
448 306 440 313
454 306 447 313
456 306 448 313
458 306 450 313
459 306 452 313
461 306 454 313
463 306 456 313
464 306 457 313
466 306 459 314
468 306 462 314
469 306 463 314
471 306 465 314
473 306 467 314
425 308 417 315
426 308 419 316
428 308 421 316
430 308 423 316
433 308 426 315
435 308 427 315
436 308 429 315
438 308 431 315
440 308 432 315
441 308 434 315
443 308 436 315
445 308 437 315
446 308 439 315
448 308 440 315
450 308 442 315
459 308 452 315
461 308 454 315
463 308 456 315
464 308 458 315
466 308 459 315
468 308 461 316
469 308 463 316
471 308 465 316
473 308 467 316
425 310 418 318
426 310 419 317
428 310 422 317
430 310 423 318
433 310 426 317
435 310 427 317
436 310 429 317
438 310 431 317
440 310 433 317
441 310 434 317
443 310 436 317
445 310 437 317
446 310 439 317
448 310 440 317
450 310 442 317
451 310 444 317
456 310 448 316
458 310 450 316
459 310 452 316
461 310 454 317
463 310 456 317
464 310 457 317
466 310 459 317
468 310 461 318
469 310 463 318
471 310 465 317
426 311 420 319
428 311 422 319
430 311 423 319
431 311 424 319
435 311 427 319
436 311 429 319
438 311 431 319
440 311 433 319
441 311 434 319
443 311 436 319
445 311 437 318
446 311 439 318
448 311 441 318
450 311 442 318
451 311 444 318
458 311 450 318
459 311 452 318
461 311 453 318
463 311 456 319
464 311 457 319
466 311 459 319
468 311 461 319
469 311 463 319
428 313 421 321
430 313 423 321
431 313 424 321
433 313 426 321
436 313 429 321
438 313 431 321
440 313 433 321
441 313 434 321
443 313 436 321
445 313 437 320
446 313 439 320
448 313 441 321
450 313 442 321
451 313 444 321
453 313 446 320
454 313 447 320
458 313 450 320
459 313 452 320
461 313 453 320
463 313 456 321
464 313 457 321
466 313 459 321
468 313 461 321
469 313 463 321
428 314 421 323
431 314 425 322
433 314 426 322
435 314 428 322
438 314 431 322
440 314 433 322
441 314 434 322
443 314 436 322
445 314 438 322
446 314 439 322
448 314 441 322
450 314 442 322
451 314 444 322
453 314 446 322
454 314 447 322
456 314 449 322
459 314 452 322
461 314 453 321
463 314 455 322
464 314 457 322
466 314 459 322
431 316 425 324
433 316 427 324
435 316 428 324
438 316 431 324
440 316 433 324
441 316 434 324
443 316 436 324
445 316 438 324
446 316 439 324
448 316 441 324
450 316 443 324
451 316 444 324
453 316 446 324
454 316 447 324
456 316 449 324
458 316 451 324
459 316 452 324
463 316 455 324
464 316 457 324
466 316 459 324
468 316 461 324
433 318 427 325
438 318 431 326
441 318 434 326
443 318 436 326
445 318 438 326
446 318 439 326
448 318 441 326
450 318 443 326
451 318 444 326
453 318 446 326
456 318 449 326
458 318 451 326
459 318 452 326
463 318 456 326
464 318 457 326
466 318 459 326
436 319 430 328
441 319 434 327
443 319 436 327
445 319 437 327
446 319 439 327
448 319 441 328
450 319 443 327
451 319 444 327
453 319 446 327
458 319 451 327
459 319 452 327
464 319 457 327
436 321 430 330
441 321 435 330
443 321 436 329
446 321 440 330
450 321 443 329
451 321 444 329
453 321 446 329
463 321 456 329
436 323 430 332
438 323 432 332
440 323 434 332
441 323 435 332
453 323 446 331
454 323 448 331
440 324 434 333
450 324 443 333
453 324 446 333
454 324 447 333
456 324 449 333
458 324 451 333
459 324 453 333
461 324 454 333
463 324 456 333
464 324 458 333
466 324 460 332
443 326 438 335
446 326 439 334
448 326 441 335
450 326 442 335
451 326 444 335
463 326 457 334
464 326 458 334
468 326 462 334
469 326 463 334
473 326 467 335
474 326 468 335
476 326 470 335
451 328 444 336
459 328 454 337
463 328 457 337
464 328 458 337
466 328 460 337
468 328 462 337
469 328 463 337
471 328 465 337
473 328 467 337
474 328 469 337
