464 283 442 297
466 283 444 297
468 283 444 296
469 283 446 296
471 283 447 296
473 283 449 296
474 283 451 296
478 283 453 296
464 285 441 303
466 285 443 303
468 285 446 304
474 285 454 305
476 285 456 305
478 285 454 300
479 285 455 298
461 286 433 298
463 286 437 300
464 286 441 305
466 286 443 305
473 286 453 307
474 286 455 307
476 286 456 307
464 288 441 307
466 288 443 307
468 288 446 307
473 288 453 309
474 288 455 309
476 288 457 309
459 290 433 307
461 290 435 306
464 290 441 308
466 290 443 309
468 290 445 309
471 290 450 311
473 290 453 311
474 290 455 311
476 290 457 311
478 290 458 311
423 291 400 309
461 291 436 308
463 291 438 309
464 291 441 310
466 291 443 311
468 291 446 311
471 291 450 312
473 291 452 312
474 291 454 313
476 291 457 313
479 291 461 315
423 293 400 310
428 293 402 310
461 293 436 310
464 293 440 312
466 293 443 312
468 293 445 314
469 293 447 314
471 293 449 314
473 293 452 314
474 293 454 314
476 293 456 315
479 293 461 316
481 293 463 317
423 295 400 312
428 295 401 311
430 295 403 312
433 295 406 312
435 295 407 311
438 295 410 311
458 295 430 311
459 295 433 312
461 295 435 308
463 295 438 312
464 295 440 314
466 295 442 314
469 295 447 316
471 295 450 316
473 295 452 316
474 295 454 316
476 295 456 317
478 295 459 317
481 295 463 318
423 296 400 313
428 296 402 313
430 296 403 314
431 296 405 314
438 296 411 313
443 296 415 312
450 296 420 312
458 296 431 313
459 296 433 314
461 296 436 314
463 296 438 315
464 296 440 315
466 296 441 316
468 296 446 316
469 296 447 317
471 296 450 317
473 296 452 318
474 296 454 318
476 296 456 318
478 296 459 318
479 296 461 320
481 296 463 320
425 298 400 317
428 298 402 316
430 298 404 316
431 298 405 316
433 298 407 315
446 298 416 314
448 298 418 313
451 298 423 315
453 298 425 315
454 298 426 314
456 298 428 314
458 298 431 315
459 298 433 315
461 298 435 316
464 298 440 317
466 298 441 318
468 298 443 318
469 298 447 319
471 298 450 320
473 298 452 320
474 298 454 320
476 298 456 320
478 298 459 320
479 298 461 321
481 298 463 322
483 298 466 322
423 300 400 319
426 300 401 318
428 300 402 318
430 300 404 318
431 300 405 318
433 300 407 318
446 300 416 316
448 300 419 316
450 300 421 316
451 300 423 316
453 300 425 316
454 300 426 316
456 300 428 316
458 300 431 317
459 300 433 317
461 300 435 317
463 300 438 318
464 300 440 319
466 300 442 319
468 300 444 319
469 300 447 321
471 300 450 322
473 300 452 322
474 300 453 322
476 300 456 322
479 300 461 323
483 300 466 324
423 301 400 320
426 301 401 320
428 301 403 320
430 301 404 320
431 301 405 319
433 301 407 320
435 301 409 319
438 301 411 319
446 301 416 318
448 301 420 318
450 301 421 318
451 301 423 318
453 301 425 318
454 301 426 318
456 301 428 318
458 301 431 319
459 301 433 319
461 301 435 319
464 301 439 321
466 301 441 321
468 301 444 321
471 301 450 324
473 301 452 324
474 301 454 323
476 301 456 323
479 301 461 325
483 301 466 326
423 303 400 322
426 303 401 322
428 303 403 322
431 303 405 322
433 303 407 322
435 303 409 322
436 303 410 322
440 303 412 321
441 303 414 321
443 303 416 321
446 303 418 320
448 303 420 320
450 303 422 320
451 303 423 320
453 303 425 320
454 303 426 320
456 303 428 320
458 303 431 320
459 303 433 320
461 303 436 321
463 303 438 321
464 303 439 322
466 303 442 323
468 303 444 323
469 303 446 323
471 303 450 325
473 303 452 326
474 303 454 325
476 303 456 326
483 303 464 328
484 303 466 327
423 305 400 324
426 305 401 324
428 305 403 324
430 305 404 324
433 305 407 324
435 305 409 323
436 305 410 324
440 305 413 323
441 305 414 323
443 305 416 323
445 305 417 323
450 305 422 322
451 305 423 322
453 305 425 322
454 305 426 322
456 305 428 322
458 305 430 322
459 305 433 322
463 305 437 323
464 305 439 324
466 305 441 324
468 305 444 325
469 305 446 325
473 305 452 327
474 305 454 328
478 305 459 327
423 306 406 342
426 306 403 326
430 306 405 326
435 306 409 325
436 306 410 325
438 306 412 325
440 306 414 325
441 306 415 325
445 306 418 325
446 306 419 325
448 306 421 325
450 306 422 324
451 306 423 324
453 306 425 324
454 306 426 324
456 306 428 324
458 306 430 324
459 306 432 324
461 306 434 325
463 306 437 325
464 306 439 326
466 306 442 327
468 306 444 327
469 306 446 327
471 306 448 327
473 306 452 329
474 306 453 329
476 306 457 329
478 306 459 329
426 308 403 328
430 308 405 328
431 308 406 328
433 308 408 328
436 308 411 328
438 308 412 327
440 308 414 327
441 308 415 326
443 308 417 327
446 308 419 326
448 308 421 327
451 308 423 326
453 308 425 326
454 308 426 326
456 308 428 326
458 308 430 326
459 308 432 326
461 308 435 327
463 308 437 327
464 308 439 328
466 308 441 328
468 308 444 329
469 308 446 329
471 308 448 329
473 308 450 329
474 308 454 331
476 308 456 331
478 308 459 330
426 310 403 330
430 310 405 331
431 310 406 331
435 310 409 330
436 310 411 330
438 310 412 330
440 310 414 329
441 310 415 329
443 310 417 329
445 310 419 329
448 310 421 328
450 310 422 328
453 310 425 328
454 310 426 328
456 310 428 327
458 310 430 328
459 310 432 328
461 310 435 330
463 310 437 330
464 310 438 329
466 310 441 330
468 310 443 330
469 310 446 331
471 310 448 331
473 310 450 331
474 310 453 332
476 310 455 332
430 311 405 332
431 311 407 332
433 311 408 332
435 311 410 332
438 311 413 332
440 311 414 332
441 311 415 331
443 311 417 331
446 311 420 330
448 311 421 330
450 311 422 330
451 311 424 330
454 311 427 330
456 311 429 330
458 311 430 330
459 311 432 330
461 311 434 330
463 311 437 331
464 311 438 331
466 311 441 332
468 311 443 332
469 311 446 332
471 311 448 333
473 311 450 334
474 311 453 334
476 311 455 334
431 313 407 334
433 313 409 334
435 313 410 334
436 313 411 334
438 313 413 334
440 313 415 334
443 313 417 333
445 313 418 333
446 313 420 333
450 313 423 333
451 313 424 333
453 313 426 332
454 313 428 332
456 313 429 332
458 313 431 332
459 313 432 331
461 313 433 331
463 313 437 333
464 313 439 333
466 313 441 333
468 313 443 334
471 313 448 335
473 313 450 336
474 313 453 336
476 313 455 336
478 313 457 335
430 314 406 336
433 314 409 336
435 314 411 336
436 314 412 336
438 314 413 336
440 314 415 336
443 314 418 336
445 314 419 335
446 314 420 335
450 314 423 335
451 314 425 335
453 314 426 334
454 314 427 334
456 314 429 334
459 314 432 334
461 314 434 333
463 314 436 335
464 314 438 335
466 314 441 335
468 314 443 336
469 314 446 336
471 314 447 337
473 314 449 337
474 314 453 337
431 316 408 338
435 316 411 338
436 316 412 338
438 316 414 338
440 316 415 338
441 316 416 338
445 316 419 338
446 316 420 337
448 316 422 337
450 316 424 337
453 316 427 337
454 316 428 336
456 316 429 336
458 316 431 336
459 316 432 336
461 316 434 336
463 316 436 336
464 316 438 337
466 316 441 337
468 316 443 338
469 316 445 338
471 316 447 339
473 316 449 339
435 318 410 341
436 318 412 341
438 318 414 340
440 318 415 340
441 318 417 340
443 318 418 340
446 318 421 339
448 318 422 339
450 318 424 339
451 318 425 339
454 318 428 339
456 318 430 339
458 318 431 338
459 318 433 338
461 318 434 338
463 318 436 338
464 318 438 338
466 318 441 339
468 318 443 339
469 318 445 340
435 319 409 345
436 319 413 342
440 319 415 342
441 319 417 342
443 319 419 342
445 319 420 342
448 319 423 341
450 319 424 341
451 319 426 341
453 319 427 341
456 319 430 341
458 319 432 341
459 319 433 340
461 319 434 340
463 319 436 340
464 319 438 340
466 319 440 341
468 319 442 341
469 319 444 341
471 319 446 341
436 321 413 345
438 321 414 344
440 321 416 344
443 321 419 344
445 321 420 344
446 321 422 344
450 321 424 343
451 321 426 343
454 321 428 343
456 321 430 343
458 321 432 343
459 321 433 342
461 321 435 342
463 321 436 342
464 321 438 342
466 321 440 342
468 321 442 343
469 321 444 343
436 323 413 347
438 323 415 346
440 323 416 346
441 323 418 346
445 323 420 345
446 323 422 346
450 323 424 345
451 323 426 345
454 323 427 345
458 323 431 345
459 323 433 344
461 323 435 344
463 323 436 344
464 323 438 344
466 323 440 345
468 323 442 345
441 324 418 349
459 324 433 347
461 324 435 346
463 324 437 346
464 324 438 346
466 324 440 346
479 324 451 345
468 326 442 348
453 328 418 350
461 328 434 350
463 328 436 350
464 328 438 350
466 328 440 350
468 328 442 350
471 328 446 348
473 328 447 348
