466 283 423 308
473 283 430 308
476 283 434 308
478 283 435 308
479 283 438 308
464 285 421 312
466 285 422 314
461 286 411 308
463 286 417 313
463 288 416 315
459 290 411 317
463 290 416 318
464 290 419 319
476 290 437 324
423 291 378 316
431 291 384 315
463 291 416 320
464 291 418 320
473 291 432 325
423 293 378 318
425 293 382 317
461 293 412 316
463 293 416 321
464 293 419 323
466 293 421 323
468 293 424 324
471 293 428 326
473 293 432 327
423 295 378 320
428 295 380 320
430 295 381 320
433 295 384 320
461 295 412 319
463 295 415 323
464 295 419 325
466 295 420 325
469 295 426 328
471 295 428 328
473 295 431 329
474 295 434 329
476 295 436 330
479 295 441 330
484 295 440 318
423 296 378 322
426 296 379 322
430 296 382 322
431 296 383 323
438 296 387 321
440 296 389 321
450 296 396 321
458 296 407 323
459 296 410 324
466 296 420 327
468 296 422 327
469 296 426 330
471 296 428 330
473 296 430 330
476 296 435 331
481 296 443 333
484 296 440 320
423 298 378 324
426 298 379 325
428 298 381 324
431 298 383 324
433 298 385 325
446 298 393 322
448 298 395 322
450 298 397 323
451 298 398 323
453 298 400 323
454 298 402 323
456 298 405 325
458 298 407 325
459 298 409 325
464 298 417 329
466 298 419 329
468 298 422 329
469 298 426 331
471 298 428 332
473 298 430 332
474 298 433 333
476 298 435 333
426 300 379 327
428 300 381 326
431 300 383 326
433 300 385 327
448 300 395 324
450 300 396 324
451 300 398 325
453 300 400 326
454 300 402 326
456 300 404 326
458 300 407 327
463 300 429 320
464 300 417 331
468 300 422 331
471 300 428 334
473 300 430 334
479 300 441 337
428 301 381 329
430 301 382 328
433 301 385 329
435 301 386 329
438 301 388 329
450 301 398 328
451 301 398 327
454 301 402 328
456 301 405 330
458 301 407 329
459 301 409 329
463 301 429 323
468 301 422 333
469 301 424 333
471 301 427 336
473 301 430 336
474 301 432 336
479 301 440 339
423 303 378 331
426 303 380 331
430 303 382 331
433 303 385 331
435 303 387 331
438 303 388 330
446 303 412 324
448 303 396 330
450 303 398 330
451 303 399 330
454 303 402 330
456 303 404 331
459 303 409 331
461 303 426 324
468 303 422 335
469 303 423 335
471 303 427 337
473 303 430 338
423 305 378 333
426 305 380 333
428 305 382 333
431 305 384 334
435 305 386 333
436 305 388 333
440 305 390 332
441 305 392 332
443 305 409 328
445 305 411 328
450 305 398 332
451 305 399 332
454 305 402 332
456 305 403 332
458 305 405 332
461 305 426 326
466 305 418 336
468 305 421 337
469 305 423 337
471 305 425 337
473 305 429 339
425 306 380 335
426 306 381 335
431 306 396 333
435 306 386 335
436 306 388 335
438 306 389 335
441 306 407 331
445 306 411 330
446 306 413 330
450 306 397 334
451 306 399 334
453 306 401 334
456 306 403 334
458 306 405 335
464 306 431 330
466 306 418 338
468 306 421 339
469 306 423 339
471 306 425 339
473 306 429 341
431 308 384 337
433 308 385 337
436 308 388 337
438 308 389 337
440 308 391 337
443 308 393 337
445 308 411 332
446 308 412 331
451 308 399 336
453 308 401 336
454 308 402 336
458 308 405 336
459 308 408 339
464 308 431 334
466 308 418 340
468 308 421 341
469 308 422 341
471 308 425 341
473 308 427 341
474 308 430 344
428 310 383 340
433 310 385 340
438 310 389 339
440 310 391 339
443 310 394 339
445 310 395 339
446 310 412 334
451 310 398 338
453 310 400 338
454 310 402 338
456 310 404 338
461 310 410 340
463 310 412 341
464 310 414 341
466 310 417 342
468 310 420 342
469 310 422 343
471 310 425 343
473 310 427 343
428 311 383 341
431 311 385 342
435 311 387 341
436 311 388 341
440 311 391 341
441 311 392 341
443 311 394 341
445 311 410 337
446 311 412 336
448 311 414 336
450 311 398 340
453 311 401 340
454 311 402 340
456 311 404 341
463 311 412 343
464 311 414 343
466 311 416 343
468 311 419 344
469 311 422 345
471 311 424 346
473 311 428 345
474 311 429 347
431 313 385 344
435 313 387 344
436 313 388 343
438 313 390 344
440 313 391 343
441 313 392 343
443 313 394 343
445 313 410 339
446 313 412 339
448 313 398 343
451 313 400 343
453 313 402 343
456 313 404 342
458 313 405 342
461 313 409 343
464 313 414 345
466 313 416 345
468 313 418 346
469 313 421 347
433 314 387 346
435 314 388 346
438 314 390 346
440 314 392 346
441 314 393 346
443 314 394 345
446 314 396 345
448 314 398 345
450 314 399 346
453 314 402 345
454 314 403 344
458 314 406 345
459 314 407 344
461 314 409 344
463 314 411 345
464 314 414 347
466 314 416 347
468 314 418 348
469 314 421 348
471 314 424 349
433 316 387 348
435 316 388 348
436 316 390 349
440 316 392 348
441 316 393 348
445 316 395 348
448 316 398 347
450 316 399 348
453 316 402 347
454 316 403 347
458 316 406 347
459 316 407 347
461 316 409 347
463 316 411 347
464 316 414 348
466 316 416 349
468 316 418 350
469 316 420 350
433 318 386 351
435 318 388 352
436 318 390 351
440 318 392 350
441 318 393 350
443 318 395 350
446 318 397 350
450 318 400 350
451 318 401 350
453 318 402 349
456 318 405 349
458 318 406 349
459 318 407 349
461 318 409 349
463 318 411 349
464 318 412 349
466 318 416 351
468 318 418 351
469 318 420 352
471 318 434 346
473 318 435 346
474 318 440 344
435 319 388 353
436 319 389 353
438 319 391 353
441 319 393 352
443 319 395 352
446 319 397 352
448 319 399 352
450 319 400 352
451 319 401 352
453 319 403 352
456 319 405 352
458 319 407 352
459 319 408 352
461 319 409 351
463 319 410 351
464 319 412 351
466 319 415 353
468 319 417 353
469 319 419 353
473 319 435 348
436 321 390 355
440 321 391 354
441 321 393 355
443 321 395 354
445 321 396 355
448 321 399 354
450 321 401 354
458 321 406 354
459 321 408 354
463 321 411 353
464 321 412 353
466 321 415 355
468 321 417 355
469 321 419 355
440 323 393 357
441 323 394 357
445 323 396 356
448 323 399 357
450 323 400 357
454 323 404 357
458 323 406 356
459 323 408 356
461 323 409 356
464 323 413 356
466 323 415 357
441 324 395 358
443 324 393 358
443 326 393 360
445 326 396 360
450 326 400 359
451 328 400 361
453 328 402 361
454 328 404 361
468 328 418 361
473 328 420 361
