464 283 463 286
466 283 464 286
468 283 466 284
469 283 467 286
471 283 469 284
473 283 471 284
474 283 472 284
476 283 474 284
478 283 476 284
479 283 477 284
463 285 461 288
464 285 462 287
466 285 464 287
468 285 466 287
469 285 468 287
471 285 469 287
473 285 471 287
474 285 473 287
476 285 474 286
478 285 476 286
479 285 477 286
481 285 479 286
461 286 459 289
463 286 461 289
464 286 462 289
466 286 464 289
468 286 466 288
469 286 468 289
471 286 469 289
473 286 471 289
474 286 473 289
476 286 474 288
478 286 476 288
479 286 477 288
481 286 479 287
461 288 459 291
463 288 461 290
464 288 462 290
466 288 464 290
468 288 466 290
469 288 468 290
471 288 470 290
473 288 471 291
474 288 473 290
476 288 474 290
478 288 476 289
479 288 477 289
423 290 422 295
425 290 424 294
426 290 425 295
435 290 434 294
436 290 435 294
438 290 437 294
459 290 457 292
461 290 459 292
463 290 461 292
464 290 462 292
466 290 464 292
468 290 466 292
469 290 468 292
471 290 470 292
473 290 471 292
474 290 473 292
476 290 475 292
478 290 476 291
479 290 477 291
425 291 424 296
461 291 459 293
463 291 461 294
464 291 462 294
466 291 464 294
468 291 466 294
469 291 467 294
471 291 469 294
473 291 471 294
474 291 473 294
476 291 475 294
478 291 476 293
479 291 478 295
483 291 483 296
423 293 422 296
428 293 425 295
440 293 437 296
441 293 438 296
443 293 440 296
459 293 457 295
463 293 461 295
464 293 462 295
466 293 464 296
468 293 466 296
469 293 467 296
471 293 469 296
473 293 471 296
474 293 473 296
476 293 475 296
478 293 477 296
479 293 478 296
481 293 480 296
483 293 481 296
426 295 424 297
428 295 426 297
430 295 427 297
431 295 429 297
446 295 444 297
458 295 456 296
459 295 457 297
461 295 459 297
463 295 461 297
464 295 463 297
466 295 464 297
468 295 466 297
469 295 467 297
471 295 469 297
473 295 471 297
474 295 473 297
476 295 475 298
478 295 476 297
479 295 478 298
481 295 480 298
483 295 481 298
423 296 422 298
425 296 423 299
426 296 424 299
428 296 426 298
430 296 427 298
431 296 429 299
440 296 437 298
441 296 438 298
445 296 442 298
446 296 444 298
448 296 446 298
450 296 447 298
458 296 456 298
459 296 457 298
461 296 459 299
463 296 461 299
464 296 462 299
466 296 464 299
468 296 466 299
469 296 467 299
471 296 469 299
473 296 471 299
474 296 473 299
476 296 474 299
478 296 476 299
479 296 478 299
481 296 480 299
483 296 482 300
425 298 423 300
426 298 424 300
428 298 426 300
430 298 427 300
431 298 429 300
433 298 431 301
443 298 440 300
445 298 442 300
446 298 443 300
448 298 445 300
450 298 447 300
451 298 449 300
453 298 450 300
454 298 452 300
456 298 454 300
458 298 456 300
459 298 457 300
461 298 459 300
463 298 461 300
464 298 462 300
466 298 464 301
468 298 466 300
469 298 467 300
471 298 469 301
473 298 471 301
474 298 473 301
476 298 474 301
478 298 477 301
479 298 478 301
481 298 480 301
483 298 482 301
423 300 422 302
426 300 424 302
430 300 427 302
431 300 429 302
433 300 431 302
435 300 433 302
436 300 434 302
438 300 435 302
440 300 437 302
441 300 438 302
443 300 440 302
445 300 442 302
446 300 444 301
448 300 445 301
450 300 447 302
451 300 449 302
453 300 451 302
454 300 452 302
456 300 454 302
461 300 459 302
463 300 461 302
464 300 462 302
466 300 464 302
468 300 466 302
469 300 467 302
471 300 469 302
473 300 471 303
474 300 473 303
476 300 475 302
478 300 477 302
479 300 478 302
483 300 482 302
423 301 422 304
426 301 424 304
428 301 426 304
430 301 428 304
431 301 429 304
433 301 431 304
435 301 433 304
436 301 434 304
438 301 436 304
440 301 437 303
441 301 439 303
443 301 440 303
445 301 442 303
446 301 444 303
448 301 446 303
450 301 448 304
451 301 449 304
453 301 451 304
454 301 452 304
456 301 454 304
458 301 456 303
459 301 457 303
461 301 459 304
463 301 461 304
464 301 462 304
466 301 464 304
468 301 466 304
469 301 467 304
471 301 469 304
473 301 471 304
474 301 473 304
476 301 475 304
478 301 477 304
479 301 478 304
423 303 422 306
426 303 424 305
428 303 426 305
430 303 427 305
431 303 429 305
433 303 431 305
435 303 433 306
436 303 434 306
438 303 436 305
440 303 437 305
441 303 439 305
443 303 440 305
445 303 442 305
446 303 444 305
448 303 446 305
450 303 447 305
451 303 449 305
453 303 451 306
454 303 452 306
456 303 454 306
458 303 456 305
459 303 457 305
461 303 459 306
464 303 462 305
466 303 464 305
468 303 466 305
469 303 467 305
471 303 469 305
473 303 471 306
474 303 473 306
476 303 475 306
478 303 476 305
479 303 478 306
483 303 482 304
423 305 422 308
426 305 424 307
428 305 426 307
430 305 427 307
431 305 429 307
433 305 431 307
435 305 433 307
436 305 434 307
438 305 436 307
440 305 437 307
443 305 441 307
445 305 442 307
448 305 446 306
450 305 447 307
451 305 449 307
453 305 451 307
454 305 452 308
456 305 454 307
458 305 456 307
459 305 457 307
463 305 461 307
464 305 462 307
466 305 464 307
468 305 466 307
469 305 467 307
471 305 469 307
473 305 471 307
474 305 473 307
476 305 475 307
478 305 477 307
479 305 480 306
481 305 481 306
423 306 422 310
430 306 427 309
431 306 429 309
433 306 431 309
435 306 432 309
436 306 434 309
438 306 436 309
440 306 437 309
441 306 439 309
443 306 440 309
445 306 442 309
446 306 444 308
448 306 446 308
451 306 449 309
453 306 450 309
454 306 452 309
456 306 454 309
458 306 455 309
459 306 457 308
461 306 459 309
463 306 461 309
464 306 462 309
466 306 464 309
468 306 466 309
469 306 467 309
471 306 469 309
473 306 471 309
474 306 473 309
476 306 475 309
478 306 477 308
479 306 479 307
483 306 483 306
428 308 426 311
430 308 427 311
431 308 429 311
433 308 431 310
435 308 433 310
436 308 434 310
438 308 436 311
440 308 437 310
441 308 439 310
443 308 441 310
445 308 442 310
446 308 444 310
448 308 446 310
450 308 447 310
454 308 452 310
456 308 454 311
458 308 456 311
459 308 457 311
461 308 459 311
463 308 461 310
464 308 462 311
466 308 464 311
468 308 466 311
469 308 468 311
471 308 469 311
473 308 471 310
474 308 473 311
476 308 475 310
481 308 481 308
483 308 483 308
428 310 426 313
430 310 427 312
431 310 429 312
433 310 431 312
435 310 432 312
436 310 434 312
438 310 436 312
440 310 438 312
441 310 439 312
443 310 441 312
445 310 442 312
446 310 444 312
448 310 446 312
450 310 447 312
451 310 449 312
453 310 450 312
456 310 454 312
458 310 456 312
459 310 457 313
461 310 459 312
463 310 461 312
464 310 462 312
466 310 464 312
468 310 466 312
469 310 467 312
471 310 469 312
473 310 471 312
478 310 478 310
479 310 479 310
481 310 481 310
426 311 425 314
428 311 427 314
431 311 429 314
433 311 431 314
435 311 432 314
436 311 434 314
438 311 436 314
440 311 438 314
441 311 439 314
443 311 441 314
445 311 442 314
446 311 444 314
448 311 446 314
450 311 447 314
451 311 449 314
453 311 450 313
454 311 452 313
459 311 458 314
461 311 459 314
463 311 461 314
464 311 462 314
466 311 464 314
468 311 466 314
469 311 468 314
471 311 469 314
473 311 471 314
474 311 473 313
478 311 478 311
479 311 479 311
481 311 481 311
428 313 427 316
431 313 429 316
433 313 431 316
435 313 433 316
436 313 434 316
438 313 436 316
440 313 438 316
441 313 439 316
443 313 441 316
445 313 442 316
446 313 444 315
448 313 446 316
450 313 447 316
451 313 449 316
453 313 451 315
454 313 452 315
456 313 454 315
458 313 455 315
459 313 457 316
461 313 459 316
463 313 461 316
464 313 462 316
466 313 464 316
468 313 466 316
469 313 467 316
471 313 469 316
473 313 471 316
474 313 473 315
476 313 476 313
478 313 478 313
479 313 479 313
481 313 481 313
431 314 429 317
433 314 431 317
435 314 433 317
436 314 434 317
438 314 436 317
440 314 438 317
441 314 439 317
443 314 441 317
445 314 443 317
446 314 444 317
448 314 446 317
450 314 447 317
451 314 449 317
453 314 451 317
454 314 452 317
456 314 454 317
458 314 455 316
459 314 458 318
461 314 459 317
463 314 461 317
464 314 462 317
466 314 464 317
468 314 466 317
469 314 467 317
471 314 469 317
473 314 471 317
476 314 476 315
478 314 478 315
479 314 479 315
481 314 481 315
430 316 428 318
433 316 431 319
435 316 433 319
436 316 434 319
438 316 436 319
440 316 438 319
441 316 439 319
443 316 441 319
445 316 443 319
446 316 444 319
448 316 446 319
450 316 448 319
451 316 449 319
453 316 451 319
454 316 452 318
456 316 454 318
458 316 456 319
459 316 457 319
461 316 459 319
463 316 461 319
464 316 462 319
466 316 464 319
468 316 466 319
469 316 467 319
471 316 469 319
473 316 471 319
476 316 476 316
478 316 478 316
479 316 479 316
433 318 431 321
435 318 433 321
436 318 434 321
438 318 436 321
440 318 438 321
441 318 439 321
443 318 441 321
445 318 443 321
446 318 444 321
448 318 446 321
450 318 448 321
451 318 449 321
453 318 451 321
454 318 452 321
456 318 454 321
458 318 456 321
459 318 457 321
461 318 459 321
463 318 461 321
464 318 462 321
466 318 464 321
468 318 466 321
469 318 467 321
471 318 469 321
473 318 472 321
474 318 475 318
476 318 476 318
435 319 433 323
436 319 434 322
438 319 436 322
440 319 438 322
441 319 439 322
443 319 441 322
445 319 443 322
446 319 444 322
448 319 446 322
450 319 448 322
451 319 449 322
453 319 451 322
454 319 452 322
456 319 454 322
458 319 456 322
459 319 458 322
461 319 459 322
463 319 461 322
464 319 462 322
466 319 464 322
469 319 467 322
471 319 469 322
476 319 476 319
436 321 435 324
440 321 438 324
441 321 439 324
443 321 441 324
445 321 442 324
446 321 444 324
448 321 446 324
450 321 448 324
451 321 449 324
453 321 451 324
454 321 452 324
456 321 454 324
458 321 456 324
459 321 457 324
461 321 459 324
463 321 461 324
464 321 462 324
466 321 464 324
468 321 466 324
469 321 467 324
440 323 438 326
441 323 439 326
443 323 441 326
445 323 442 326
446 323 444 326
448 323 446 326
450 323 448 326
451 323 449 326
453 323 451 326
454 323 452 326
456 323 454 326
459 323 457 326
461 323 459 326
463 323 461 326
464 323 462 326
466 323 464 326
468 323 466 326
476 323 476 323
478 323 476 324
479 323 478 324
440 324 438 327
441 324 439 327
443 324 440 327
445 324 442 327
446 324 444 327
448 324 446 327
451 324 451 327
454 324 452 328
456 324 454 328
458 324 455 327
459 324 457 327
461 324 459 327
463 324 461 327
464 324 462 328
466 324 464 328
468 324 465 327
469 324 467 327
474 324 474 325
478 324 476 326
479 324 477 326
443 326 442 329
445 326 444 329
459 326 457 329
461 326 459 329
463 326 461 329
464 326 463 329
466 326 464 329
468 326 465 329
469 326 467 329
473 326 469 329
474 326 470 330
478 326 476 328
451 328 451 330
456 328 454 330
461 328 459 331
463 328 461 331
464 328 463 331
466 328 464 331
468 328 466 331
469 328 467 331
471 328 469 331
