466 285 422 318
466 286 422 320
468 286 424 320
466 288 421 321
468 288 423 322
461 290 413 320
466 291 421 325
468 291 422 325
459 293 408 319
463 293 415 324
464 293 416 325
468 293 422 328
458 295 406 323
463 295 415 326
464 295 416 327
469 295 424 330
471 295 426 330
473 295 429 331
474 295 431 332
476 295 434 332
428 296 379 321
430 296 381 321
458 296 407 325
459 296 409 325
463 296 414 328
464 296 416 328
468 296 422 331
469 296 423 332
471 296 426 332
474 296 431 333
476 296 433 334
430 298 381 323
446 298 392 324
450 298 396 325
453 298 399 325
454 298 401 326
461 298 410 329
469 298 423 334
471 298 425 334
473 298 427 335
474 298 430 335
426 300 378 325
430 300 381 325
431 300 382 326
433 300 383 324
441 300 386 325
443 300 388 325
445 300 390 325
446 300 392 326
448 300 394 326
450 300 396 327
451 300 397 327
453 300 399 327
454 300 401 328
471 300 425 336
473 300 427 337
426 301 378 327
428 301 379 327
431 301 382 327
433 301 383 328
446 301 392 328
450 301 396 329
451 301 397 329
453 301 399 329
454 301 401 329
456 301 403 330
466 301 417 334
468 301 420 335
469 301 422 336
471 301 425 338
473 301 427 339
474 301 429 339
426 303 378 329
428 303 379 329
431 303 382 329
433 303 383 329
438 303 387 330
448 303 395 331
451 303 397 331
463 303 411 336
464 303 413 336
468 303 419 337
469 303 421 337
473 303 427 341
428 305 380 331
431 305 381 332
433 305 383 331
435 305 384 332
451 305 397 333
453 305 399 333
454 305 400 333
456 305 402 334
458 305 404 335
463 305 411 337
464 305 413 337
468 305 418 339
469 305 420 339
471 305 422 339
473 305 426 341
433 306 383 333
435 306 384 334
436 306 386 334
440 306 389 334
451 306 398 335
454 306 400 335
456 306 402 337
458 306 404 338
463 306 410 339
464 306 412 339
466 306 416 340
468 306 418 341
469 306 420 341
471 306 422 341
473 306 426 344
474 306 427 344
433 308 382 335
435 308 384 336
436 308 386 336
440 308 388 336
441 308 390 336
451 308 398 337
459 308 405 340
461 308 408 341
463 308 410 341
466 308 415 342
468 308 418 343
469 308 420 343
471 308 422 343
473 308 424 344
474 308 427 346
428 310 380 338
435 310 384 338
436 310 385 338
438 310 387 338
441 310 389 339
443 310 391 339
456 310 401 339
458 310 403 340
461 310 408 343
464 310 411 343
466 310 414 344
469 310 420 345
471 310 422 345
473 310 424 346
431 311 382 339
433 311 383 339
436 311 386 340
438 311 387 340
440 311 389 340
443 311 391 340
453 311 399 341
454 311 400 341
456 311 402 343
459 311 405 343
463 311 409 345
464 311 411 345
466 311 413 345
468 311 415 346
430 313 381 341
433 313 383 342
435 313 385 342
438 313 387 342
440 313 389 342
443 313 391 343
445 313 392 343
450 313 396 344
451 313 398 344
454 313 400 344
458 313 403 345
461 313 406 344
463 313 409 346
464 313 411 347
466 313 413 347
468 313 415 348
431 314 382 344
435 314 385 344
436 314 386 344
440 314 389 344
441 314 390 345
445 314 393 345
451 314 398 346
453 314 399 346
454 314 400 345
456 314 402 345
459 314 405 347
461 314 406 346
463 314 409 348
464 314 411 349
466 314 413 349
468 314 415 350
469 314 418 350
431 316 382 345
433 316 384 346
436 316 386 346
440 316 389 346
441 316 390 347
443 316 392 347
446 316 394 347
448 316 395 347
451 316 398 348
453 316 399 348
454 316 400 348
458 316 403 348
459 316 404 349
461 316 406 349
463 316 408 350
464 316 410 351
468 316 415 352
436 318 386 349
438 318 387 348
441 318 390 349
443 318 392 349
446 318 394 349
448 318 395 349
450 318 397 349
453 318 399 350
454 318 400 350
459 318 404 351
461 318 406 351
463 318 408 352
464 318 410 352
466 318 412 353
438 319 387 350
440 319 389 351
441 319 390 351
445 319 392 351
450 319 397 352
453 319 399 352
454 319 401 352
459 319 405 353
461 319 406 353
463 319 407 353
464 319 409 354
466 319 411 355
468 319 413 355
440 321 389 353
441 321 390 353
443 321 392 353
446 321 394 354
453 321 400 354
459 321 404 355
461 321 406 355
463 321 407 356
466 321 412 356
441 323 390 355
443 323 392 355
461 323 406 357
463 323 407 357
