464 283 449 291
469 283 454 291
476 283 459 291
463 285 445 293
466 285 452 299
468 285 454 299
471 285 458 299
461 286 443 295
463 286 445 295
464 286 450 300
466 286 452 301
468 286 454 301
469 286 455 301
471 286 457 301
463 288 447 300
464 288 450 302
466 288 452 302
468 288 454 302
469 288 455 303
471 288 457 303
476 288 464 303
425 290 407 303
426 290 408 303
435 290 418 303
438 290 422 303
459 290 442 302
461 290 445 303
463 290 447 303
464 290 450 304
466 290 452 304
468 290 454 304
474 290 462 305
476 290 464 305
425 291 406 305
459 291 443 304
461 291 445 304
463 291 447 304
464 291 449 304
466 291 452 306
468 291 453 306
469 291 455 306
471 291 458 306
473 291 460 306
474 291 462 307
478 291 466 308
479 291 468 308
425 293 407 306
426 293 408 306
428 293 410 305
435 293 417 305
459 293 442 306
461 293 445 306
463 293 447 306
464 293 448 306
466 293 451 308
468 293 453 308
469 293 455 308
471 293 457 308
473 293 460 309
474 293 462 309
476 293 464 309
478 293 466 310
479 293 468 310
426 295 409 307
428 295 410 307
430 295 412 307
431 295 413 307
433 295 415 307
441 295 421 305
443 295 423 305
446 295 426 305
458 295 441 304
459 295 442 307
461 295 445 308
463 295 447 308
464 295 449 309
468 295 454 310
469 295 455 310
471 295 457 310
473 295 460 310
474 295 462 311
476 295 464 311
478 295 466 311
479 295 468 312
481 295 470 312
425 296 407 309
426 296 409 309
428 296 411 309
430 296 412 309
431 296 414 309
433 296 415 309
440 296 420 307
441 296 421 307
443 296 423 307
445 296 425 307
446 296 426 307
448 296 428 308
450 296 430 308
458 296 440 309
459 296 442 309
461 296 444 310
463 296 447 310
464 296 448 310
466 296 451 310
468 296 454 311
469 296 455 312
471 296 457 311
473 296 460 312
474 296 462 312
476 296 463 312
478 296 466 313
479 296 468 313
481 296 470 313
423 298 406 311
425 298 408 311
428 298 411 311
430 298 413 311
431 298 414 311
433 298 415 311
441 298 421 309
443 298 423 309
445 298 425 309
446 298 427 310
448 298 428 309
450 298 430 309
451 298 432 310
453 298 434 310
454 298 436 310
458 298 440 311
459 298 442 311
461 298 444 312
463 298 446 312
464 298 448 312
466 298 451 312
468 298 453 312
469 298 455 313
471 298 457 313
473 298 459 314
474 298 462 314
476 298 463 314
479 298 468 315
481 298 470 315
483 298 472 315
423 300 406 313
425 300 408 313
426 300 409 313
430 300 413 313
431 300 414 313
433 300 416 313
435 300 417 313
441 300 421 311
443 300 423 311
445 300 425 311
446 300 427 312
448 300 429 311
450 300 430 311
451 300 432 311
456 300 438 312
458 300 440 313
459 300 442 313
461 300 444 313
468 300 453 315
469 300 455 315
471 300 457 315
473 300 460 316
474 300 461 316
476 300 464 316
478 300 466 316
479 300 468 317
481 300 470 317
483 300 472 317
484 300 474 318
423 301 406 314
425 301 408 315
426 301 410 315
430 301 413 315
431 301 414 315
433 301 416 315
435 301 417 315
436 301 419 315
440 301 421 314
441 301 423 314
443 301 423 313
445 301 425 313
446 301 428 314
448 301 430 314
450 301 432 314
451 301 432 313
453 301 434 313
454 301 436 313
458 301 440 314
459 301 442 314
464 301 448 315
466 301 450 316
469 301 455 317
471 301 457 317
473 301 459 318
474 301 461 317
476 301 464 317
479 301 468 318
481 301 470 319
483 301 472 319
423 303 406 316
425 303 408 317
426 303 410 317
428 303 412 317
431 303 414 317
433 303 416 317
435 303 418 317
436 303 419 317
438 303 421 316
441 303 423 316
443 303 425 316
445 303 426 316
446 303 428 316
448 303 430 316
450 303 432 316
453 303 434 315
456 303 438 316
458 303 440 316
461 303 444 316
463 303 446 317
464 303 448 317
466 303 450 317
468 303 453 318
469 303 455 319
471 303 457 319
473 303 460 320
474 303 461 319
476 303 463 320
484 303 474 319
423 305 406 318
425 305 409 319
426 305 410 319
428 305 412 319
430 305 413 319
433 305 416 318
435 305 418 318
436 305 419 319
438 305 421 318
440 305 422 318
441 305 424 318
445 305 427 318
446 305 429 318
448 305 430 318
450 305 432 318
451 305 433 318
453 305 434 317
454 305 436 317
459 305 442 318
461 305 444 318
463 305 446 318
464 305 448 319
466 305 450 319
468 305 452 319
469 305 454 319
471 305 457 321
473 305 460 321
474 305 461 322
476 305 463 321
478 305 465 322
483 305 472 321
484 305 474 321
423 306 407 321
426 306 410 321
428 306 412 321
430 306 413 321
435 306 418 320
436 306 419 320
438 306 421 320
440 306 423 320
441 306 424 320
443 306 426 320
446 306 429 320
448 306 430 320
450 306 432 320
451 306 433 319
456 306 438 319
459 306 442 320
461 306 444 320
463 306 446 320
464 306 448 320
466 306 450 321
468 306 453 321
469 306 454 321
471 306 456 321
473 306 459 323
474 306 462 323
476 306 463 323
425 308 410 323
426 308 411 323
430 308 414 323
431 308 415 323
435 308 418 322
436 308 420 322
438 308 421 322
440 308 423 322
441 308 424 322
443 308 426 322
445 308 428 322
448 308 430 321
450 308 432 321
451 308 433 321
453 308 435 321
456 308 438 321
458 308 439 321
459 308 442 322
461 308 444 322
463 308 446 322
464 308 448 323
466 308 450 323
468 308 452 323
469 308 454 323
473 308 459 324
474 308 461 325
476 308 463 324
425 310 410 325
428 310 412 325
430 310 414 325
431 310 415 325
435 310 418 324
436 310 419 324
438 310 421 324
440 310 423 324
441 310 424 324
443 310 426 324
445 310 428 324
448 310 430 323
450 310 432 323
451 310 433 323
453 310 435 323
454 310 437 323
456 310 438 323
458 310 440 323
459 310 442 324
461 310 444 324
463 310 446 325
464 310 448 324
466 310 450 324
468 310 452 325
469 310 454 325
471 310 457 325
473 310 459 326
474 310 461 326
425 311 410 326
426 311 411 326
428 311 413 327
433 311 417 326
435 311 419 326
438 311 422 326
440 311 423 326
441 311 424 326
443 311 426 325
445 311 427 325
446 311 429 325
450 311 432 325
451 311 434 325
453 311 435 325
454 311 437 325
456 311 438 325
458 311 440 325
459 311 441 324
461 311 444 326
463 311 446 326
464 311 448 326
466 311 450 326
468 311 452 327
469 311 455 327
473 311 459 327
474 311 461 328
430 313 414 329
431 313 416 328
433 313 417 328
435 313 419 329
436 313 420 328
438 313 422 328
441 313 424 327
443 313 426 327
445 313 428 327
446 313 429 328
450 313 432 328
451 313 434 328
453 313 436 327
454 313 437 327
456 313 438 327
458 313 440 327
459 313 441 326
461 313 444 328
463 313 446 328
464 313 448 328
466 313 450 328
468 313 452 328
469 313 454 329
471 313 456 329
473 313 459 329
431 314 416 330
433 314 417 330
435 314 419 330
436 314 420 330
438 314 422 330
440 314 424 330
443 314 426 329
445 314 428 329
446 314 429 329
448 314 431 330
451 314 434 329
453 314 436 329
454 314 437 329
456 314 439 329
458 314 440 329
459 314 442 329
461 314 444 329
463 314 446 329
464 314 448 330
466 314 450 330
468 314 452 330
469 314 454 330
471 314 456 331
431 316 416 332
433 316 418 332
435 316 419 332
436 316 421 332
438 316 422 332
440 316 424 332
441 316 425 332
443 316 427 332
445 316 428 331
446 316 429 331
448 316 431 331
450 316 433 331
453 316 436 331
454 316 437 331
456 316 439 331
458 316 441 331
459 316 442 331
461 316 444 331
463 316 446 331
464 316 448 331
466 316 450 332
468 316 452 332
469 316 454 332
471 316 456 332
433 318 417 334
435 318 419 334
436 318 421 334
438 318 422 334
440 318 424 334
441 318 425 334
443 318 427 334
446 318 430 334
448 318 431 333
450 318 433 333
451 318 435 333
454 318 437 333
456 318 439 333
458 318 441 333
459 318 442 333
461 318 444 333
463 318 446 333
464 318 448 333
466 318 450 333
468 318 452 334
469 318 454 334
471 318 456 334
435 319 419 337
436 319 421 336
438 319 422 336
440 319 424 336
441 319 426 336
443 319 428 336
446 319 430 335
448 319 432 335
450 319 433 335
451 319 435 335
453 319 437 335
456 319 439 335
458 319 441 335
459 319 443 335
461 319 444 335
463 319 446 335
464 319 448 335
466 319 450 335
468 319 452 335
469 319 454 335
471 319 455 335
474 319 459 339
435 321 418 338
436 321 420 338
438 321 422 338
440 321 424 338
441 321 426 338
443 321 428 338
446 321 430 337
448 321 432 337
450 321 434 337
451 321 435 337
453 321 437 337
456 321 439 337
458 321 441 337
459 321 443 337
461 321 444 337
463 321 446 337
464 321 448 337
466 321 449 337
468 321 452 337
469 321 453 337
473 321 457 339
436 323 420 340
440 323 424 340
441 323 426 340
443 323 428 340
450 323 434 339
451 323 435 339
456 323 439 339
458 323 441 339
459 323 443 339
461 323 444 339
463 323 446 339
464 323 448 339
466 323 450 339
468 323 452 339
440 324 424 342
441 324 426 342
453 324 437 342
454 324 438 342
458 324 441 341
461 324 444 341
463 324 446 341
464 324 448 341
466 324 450 340
473 324 457 342
478 324 470 333
479 324 471 333
443 326 431 344
445 326 435 344
466 326 449 342
468 326 451 343
469 326 453 343
476 326 466 337
478 326 468 337
451 328 438 345
453 328 440 345
459 328 444 345
463 328 447 345
464 328 448 345
466 328 449 345
468 328 451 345
469 328 453 345
471 328 455 345
