468 286 421 323
466 288 419 325
468 288 421 325
469 288 423 326
463 290 414 325
464 290 416 326
468 290 420 327
469 290 422 328
473 290 426 329
459 291 408 321
464 291 415 328
466 291 418 328
468 291 420 328
469 291 421 329
471 291 423 330
473 291 425 330
468 293 418 331
469 293 420 331
471 293 422 332
473 293 425 332
459 295 407 328
461 295 410 325
463 295 412 330
468 295 418 332
469 295 419 333
471 295 421 333
473 295 424 334
474 295 426 334
458 296 405 329
459 296 407 330
461 296 409 331
463 296 411 332
464 296 413 332
466 296 415 333
468 296 418 333
469 296 419 335
471 296 421 334
474 296 425 336
446 298 392 327
450 298 395 328
451 298 397 329
453 298 399 329
454 298 400 328
456 298 402 328
458 298 404 332
459 298 406 332
464 298 411 334
466 298 413 335
468 298 416 335
469 298 418 336
471 298 420 337
473 298 422 337
474 298 424 338
476 298 426 338
448 300 393 329
450 300 395 330
451 300 396 330
456 300 402 333
458 300 404 333
459 300 406 334
461 300 410 333
464 300 411 336
466 300 413 336
468 300 415 337
469 300 418 338
471 300 419 339
473 300 422 339
474 300 424 339
476 300 425 340
445 301 390 330
450 301 395 331
451 301 396 332
453 301 398 333
454 301 399 332
456 301 401 334
458 301 403 335
459 301 405 335
461 301 407 336
464 301 410 337
466 301 412 338
468 301 415 338
469 301 417 339
471 301 419 340
473 301 421 341
474 301 423 341
445 303 390 332
446 303 391 332
453 303 397 334
454 303 399 335
456 303 400 336
458 303 402 337
459 303 405 337
461 303 406 338
463 303 408 338
464 303 410 339
466 303 412 340
468 303 414 340
473 303 420 343
474 303 422 343
450 305 393 334
451 305 395 334
456 305 400 337
458 305 401 338
459 305 403 339
461 305 405 339
463 305 407 340
464 305 409 340
466 305 411 341
468 305 413 342
469 305 415 342
473 305 419 343
438 306 384 332
440 306 385 332
441 306 387 333
445 306 389 334
448 306 391 335
450 306 393 335
451 306 395 336
454 306 397 337
456 306 400 339
459 306 403 340
461 306 404 341
463 306 407 341
464 306 408 342
466 306 411 343
468 306 413 343
469 306 415 343
471 306 416 344
473 306 418 345
474 306 420 345
436 308 382 332
445 308 389 335
446 308 390 336
450 308 393 337
451 308 394 338
453 308 396 339
459 308 402 342
461 308 404 343
463 308 406 343
469 308 414 345
471 308 416 345
473 308 417 346
436 310 382 334
438 310 383 334
446 310 390 338
450 310 392 339
451 310 394 340
453 310 395 340
461 310 403 345
463 310 405 345
466 310 409 346
468 310 411 346
469 310 413 347
471 310 415 347
473 310 417 347
438 311 383 336
440 311 384 336
441 311 385 338
451 311 393 341
453 311 395 342
454 311 396 342
456 311 398 343
459 311 401 344
463 311 405 347
466 311 408 347
468 311 410 347
469 311 412 348
471 311 415 349
473 311 416 350
440 313 384 338
445 313 387 340
446 313 389 341
453 313 394 344
454 313 396 344
456 313 397 344
461 313 401 346
464 313 406 348
466 313 408 349
468 313 410 350
469 313 412 350
471 313 414 351
433 314 378 337
445 314 387 342
446 314 388 342
448 314 390 343
453 314 394 345
454 314 395 345
456 314 397 346
461 314 401 348
463 314 403 348
464 314 406 350
466 314 407 351
468 314 409 351
469 314 411 352
471 314 413 352
435 316 379 339
438 316 381 341
441 316 384 342
446 316 388 344
448 316 390 345
453 316 394 347
454 316 395 347
456 316 396 348
461 316 401 350
463 316 402 350
464 316 405 352
466 316 407 352
468 316 408 353
469 316 411 353
448 318 389 346
450 318 391 347
459 318 398 350
463 318 402 352
464 318 404 353
466 318 406 354
468 318 408 355
469 318 410 355
448 319 389 348
450 319 391 349
454 319 394 350
458 319 397 352
461 319 400 353
463 319 401 354
464 319 403 355
466 319 406 356
468 319 408 357
463 321 401 356
464 321 402 356
466 321 404 357
