464 283 422 311
469 283 424 311
471 283 426 312
474 283 430 311
479 283 435 311
469 285 425 313
471 285 427 314
473 285 431 314
461 286 411 314
466 286 420 322
481 286 436 317
481 288 436 319
423 290 378 319
474 290 430 328
481 290 435 321
459 291 408 319
461 291 410 319
463 291 414 325
464 291 416 325
468 291 421 327
473 291 427 329
474 291 429 330
479 291 435 330
459 293 409 321
461 293 411 321
463 293 413 326
464 293 415 327
466 293 417 328
468 293 421 329
473 293 427 331
438 295 385 319
459 295 409 323
461 295 411 323
463 295 413 328
464 295 415 329
466 295 417 330
484 295 442 334
446 296 393 319
450 296 396 324
463 296 412 330
464 296 414 330
466 296 416 331
468 296 419 332
471 296 422 334
474 296 427 335
476 296 429 335
484 296 442 336
443 298 388 324
445 298 390 325
446 298 392 325
448 298 394 325
450 298 396 326
451 298 397 326
454 298 400 327
458 298 405 330
461 298 409 331
464 298 414 333
466 298 415 333
468 298 418 333
473 298 425 336
474 298 427 337
476 298 429 337
481 298 436 339
425 300 387 323
431 300 380 323
443 300 388 326
445 300 390 326
446 300 392 327
448 300 394 328
450 300 395 328
458 300 404 332
459 300 406 332
461 300 408 333
463 300 426 326
468 300 417 336
471 300 422 338
473 300 424 339
474 300 426 339
476 300 429 339
481 300 435 341
423 301 378 325
431 301 380 326
433 301 382 326
435 301 383 326
441 301 387 328
445 301 390 328
446 301 392 328
448 301 394 330
450 301 395 330
451 301 396 330
454 301 399 330
456 301 402 333
458 301 404 333
459 301 406 334
461 301 407 334
463 301 426 327
464 301 412 336
466 301 415 336
468 301 417 338
469 301 419 338
473 301 424 341
474 301 425 340
479 301 433 342
423 303 378 327
433 303 381 328
435 303 383 328
440 303 403 330
445 303 389 330
446 303 392 331
448 303 394 331
451 303 396 332
461 303 407 336
463 303 409 337
464 303 411 337
466 303 414 339
468 303 416 339
469 303 418 340
474 303 425 342
476 303 427 343
423 305 378 333
433 305 381 329
435 305 382 330
440 305 387 331
445 305 390 333
450 305 394 333
451 305 396 334
453 305 397 334
456 305 400 335
458 305 402 336
459 305 405 337
461 305 423 329
463 305 409 339
464 305 411 339
466 305 413 340
468 305 415 341
469 305 418 341
471 305 419 341
473 305 422 343
433 306 380 331
438 306 385 333
440 306 386 333
441 306 388 333
443 306 389 334
450 306 394 335
451 306 396 336
453 306 397 336
456 306 400 338
458 306 402 338
459 306 404 340
463 306 408 340
464 306 426 334
466 306 413 342
468 306 415 342
469 306 417 343
471 306 419 343
473 306 422 345
474 306 424 346
436 308 382 334
438 308 384 334
440 308 386 335
441 308 388 335
443 308 389 336
448 308 393 337
451 308 395 337
458 308 402 340
459 308 403 342
461 308 405 342
468 308 415 344
469 308 417 345
474 308 423 347
441 310 387 338
443 310 389 338
445 310 390 338
451 310 395 340
454 310 416 335
456 310 399 338
461 310 405 344
464 310 409 345
471 310 418 346
473 310 420 347
435 311 381 336
436 311 383 337
440 311 386 339
443 311 388 340
445 311 406 341
453 311 396 342
454 311 398 342
456 311 399 343
458 311 401 343
463 311 407 346
466 311 410 346
474 311 423 351
438 313 384 340
440 313 386 341
443 313 387 341
446 313 407 343
448 313 409 342
450 313 393 343
451 313 395 344
454 313 398 344
456 313 399 344
458 313 401 345
461 313 403 345
464 313 408 348
466 313 410 349
468 313 412 349
469 313 429 342
471 313 418 350
481 313 444 340
438 314 384 342
440 314 386 343
441 314 387 343
445 314 389 344
446 314 391 344
450 314 393 345
451 314 395 345
453 314 396 345
456 314 399 346
458 314 400 346
459 314 402 347
461 314 403 348
463 314 405 349
464 314 408 350
468 314 411 351
481 314 443 342
435 316 381 342
446 316 390 346
448 316 392 346
451 316 394 347
453 316 396 347
454 316 397 348
458 316 400 348
459 316 401 349
461 316 403 350
463 316 405 351
464 316 407 351
469 316 413 353
433 318 381 344
436 318 382 345
441 318 399 350
446 318 390 348
448 318 392 348
451 318 394 349
453 318 396 349
454 318 397 350
459 318 401 351
461 318 403 352
463 318 404 352
464 318 406 353
466 318 409 354
468 318 411 354
469 318 412 355
471 318 418 356
441 319 399 353
448 319 392 350
450 319 409 352
453 319 395 351
459 319 401 353
461 319 402 353
463 319 404 354
464 319 406 355
466 319 407 355
468 319 410 356
436 321 395 353
438 321 396 354
440 321 398 355
443 321 401 355
461 321 402 355
463 321 404 356
464 321 405 356
466 321 408 357
483 321 442 348
440 323 398 357
441 323 400 357
461 323 402 357
463 323 403 358
464 323 405 358
440 324 397 358
441 324 399 359
479 324 435 353
454 326 409 360
456 328 412 362
473 328 418 362
474 328 433 354
