468 288 417 328
468 290 416 330
466 291 413 331
466 293 412 333
471 293 417 333
473 293 419 334
464 295 410 333
471 295 416 335
473 295 418 335
476 295 421 335
423 296 372 314
463 296 407 335
466 296 411 335
468 296 413 335
423 298 372 316
464 298 408 336
466 298 410 337
471 298 415 337
473 298 416 338
474 298 418 338
478 298 421 338
425 300 373 318
428 300 375 319
430 300 376 320
459 300 402 337
464 300 408 338
468 300 410 339
469 300 412 338
471 300 414 339
473 300 415 339
476 300 418 340
428 301 375 321
430 301 376 321
453 301 396 335
456 301 398 336
463 301 405 339
464 301 406 339
478 301 420 341
479 301 421 342
453 303 395 337
456 303 398 338
458 303 399 339
459 303 401 340
461 303 403 340
463 303 404 340
468 303 409 341
469 303 410 341
476 303 417 342
478 303 418 343
479 303 420 343
451 305 393 337
456 305 397 340
458 305 398 341
459 305 400 341
461 305 401 342
468 305 408 343
469 305 410 343
474 305 415 343
476 305 416 344
458 306 397 343
459 306 399 343
468 306 407 344
469 306 409 344
473 306 412 344
474 306 414 345
476 306 415 345
454 308 394 340
456 308 395 341
459 308 398 344
464 308 403 345
466 308 405 345
468 308 406 346
473 308 411 346
474 308 413 346
454 310 393 342
456 310 395 342
458 310 396 343
463 310 400 345
464 310 402 347
466 310 404 347
468 310 405 347
471 310 409 347
473 310 410 347
454 311 392 343
464 311 401 348
471 311 408 349
438 314 377 335
463 314 398 346
464 316 399 349
461 318 395 348
463 318 397 349
464 318 398 351
461 319 394 350
