471 286 424 305
471 288 423 307
473 288 425 308
466 290 419 308
464 291 416 309
466 291 419 310
468 291 420 310
473 291 426 313
475 291 427 313
463 293 416 328
466 293 417 311
468 293 419 312
473 293 425 315
475 293 427 315
464 295 412 314
470 295 421 315
473 295 424 317
475 295 426 318
420 296 373 309
463 296 411 315
464 296 413 316
466 296 417 331
468 296 417 316
471 296 422 320
420 298 372 311
422 298 374 312
430 298 386 302
459 298 410 332
464 298 414 332
466 298 416 333
468 298 418 333
473 298 422 334
420 300 372 313
458 300 407 333
459 300 409 334
464 300 414 334
466 300 415 335
471 300 420 335
473 300 421 335
481 300 430 328
422 302 375 317
425 302 378 318
427 302 380 319
456 302 405 334
458 302 407 335
459 302 408 335
463 302 411 335
464 302 413 336
468 302 416 336
470 302 417 336
471 302 419 336
473 302 421 337
422 303 375 318
425 303 377 320
427 303 378 321
436 303 380 306
439 303 381 304
454 303 402 336
456 303 404 336
458 303 406 337
459 303 407 320
461 303 409 321
463 303 410 321
464 303 412 338
470 303 416 338
471 303 418 338
476 303 423 338
478 303 424 339
454 305 401 338
456 305 403 338
461 305 408 323
463 305 410 323
464 305 411 324
470 305 416 339
473 305 418 340
475 305 420 340
476 305 421 340
478 305 423 341
424 307 374 321
425 307 376 322
439 307 378 307
449 307 397 337
452 307 399 338
454 307 401 339
456 307 402 340
461 307 407 340
463 307 409 340
464 307 411 326
468 307 414 324
475 307 419 341
476 307 421 341
478 307 423 342
451 308 397 339
452 308 399 340
454 308 400 341
458 308 404 340
461 308 406 341
463 308 408 342
468 308 413 326
470 308 415 326
473 308 417 342
475 308 418 343
476 308 420 343
439 310 386 317
454 310 399 342
458 310 402 327
459 310 404 342
464 310 409 329
466 310 410 344
468 310 412 328
473 310 416 344
449 312 394 340
451 312 396 341
452 312 397 341
463 312 406 330
464 312 408 331
466 312 409 345
471 312 414 345
473 312 415 345
452 313 396 343
464 313 407 346
439 315 383 321
441 315 385 321
442 315 387 324
444 315 389 325
452 315 395 343
463 315 404 347
464 315 406 348
466 315 408 347
468 315 410 347
430 317 374 316
439 317 382 322
441 317 383 322
444 317 388 326
451 317 393 331
458 317 399 347
464 317 405 349
466 317 407 349
429 318 373 331
441 318 383 324
444 318 388 328
446 318 390 329
447 318 389 344
463 318 402 351
436 320 378 322
437 320 379 323
439 320 381 324
449 320 389 335
451 320 391 335
454 320 394 344
458 320 397 346
430 322 373 322
432 322 375 323
437 322 379 324
439 322 380 325
441 322 382 326
454 322 393 346
456 322 395 347
458 322 397 348
444 324 384 338
446 324 385 339
454 324 393 348
456 324 394 349
458 324 396 350
459 324 397 351
441 325 380 328
444 325 383 340
446 325 384 340
441 327 379 329
442 327 381 331
446 327 385 334
447 327 387 335
437 329 376 330
441 329 380 332
442 329 381 333
446 329 385 336
451 334 393 350
