461 286 442 297
464 286 444 296
466 286 446 296
468 286 448 296
470 286 450 296
471 286 451 296
459 288 440 301
461 288 442 301
463 288 444 302
464 288 446 302
466 288 449 301
468 288 451 303
470 288 453 303
471 288 454 303
456 290 433 299
458 290 435 299
459 290 440 303
461 290 442 303
463 290 444 303
466 290 448 305
468 290 451 305
470 290 452 305
471 290 454 305
473 290 456 306
456 291 433 300
458 291 437 304
459 291 439 304
461 291 442 305
463 291 444 306
464 291 446 306
468 291 451 306
470 291 453 307
471 291 454 307
473 291 456 307
454 293 431 307
456 293 435 306
458 293 437 305
459 293 439 306
461 293 442 307
466 293 448 308
468 293 451 308
470 293 453 309
471 293 455 309
473 293 457 309
456 295 435 308
458 295 437 308
459 295 439 308
461 295 442 308
463 295 444 309
464 295 446 310
466 295 448 310
468 295 450 310
470 295 452 311
471 295 455 311
473 295 457 311
454 296 433 309
456 296 435 309
458 296 437 310
459 296 439 310
461 296 441 310
463 296 444 311
464 296 446 311
466 296 448 312
468 296 450 312
470 296 452 312
471 296 454 312
473 296 457 313
420 298 400 311
454 298 433 311
456 298 435 311
458 298 437 311
459 298 439 312
461 298 441 312
463 298 444 313
464 298 446 313
466 298 448 313
468 298 450 314
470 298 452 314
471 298 454 314
475 298 458 314
420 300 400 313
424 300 402 313
447 300 423 312
452 300 430 312
454 300 433 313
456 300 435 313
458 300 437 313
459 300 439 314
461 300 441 314
463 300 443 315
464 300 446 315
466 300 448 315
468 300 450 316
470 300 452 316
471 300 454 316
473 300 457 316
475 300 459 316
420 302 400 315
425 302 404 314
429 302 407 314
446 302 422 313
447 302 423 314
449 302 426 314
451 302 428 314
452 302 430 314
454 302 432 314
456 302 434 314
458 302 437 315
459 302 439 315
461 302 441 316
463 302 443 317
464 302 446 317
466 302 448 317
468 302 450 317
470 302 452 317
471 302 454 318
473 302 456 318
420 303 400 317
422 303 401 317
424 303 403 316
429 303 407 316
447 303 424 316
449 303 426 316
451 303 428 316
452 303 430 316
454 303 432 316
456 303 434 316
458 303 436 316
461 303 441 318
464 303 445 318
466 303 448 319
468 303 450 319
470 303 452 319
471 303 454 320
473 303 456 320
422 305 401 319
424 305 403 319
430 305 408 317
434 305 410 317
436 305 412 317
441 305 416 318
442 305 419 317
444 305 421 318
446 305 423 318
447 305 424 318
449 305 426 318
451 305 428 318
452 305 430 318
454 305 432 318
456 305 434 318
459 305 439 319
463 305 443 319
466 305 448 321
468 305 450 321
470 305 452 321
471 305 454 322
473 305 456 322
422 307 401 321
424 307 403 321
425 307 404 321
429 307 407 320
430 307 409 320
432 307 410 320
434 307 411 319
436 307 413 319
437 307 415 319
439 307 416 319
441 307 417 320
442 307 419 319
444 307 421 319
446 307 423 319
447 307 424 320
449 307 426 320
451 307 428 320
452 307 430 320
454 307 432 320
456 307 434 320
458 307 435 322
459 307 439 321
461 307 441 321
463 307 443 321
464 307 445 321
466 307 447 323
468 307 450 323
470 307 452 323
471 307 454 324
473 307 456 324
424 308 403 322
425 308 404 322
427 308 406 322
430 308 409 322
432 308 410 322
434 308 412 322
436 308 413 322
437 308 415 322
441 308 418 321
442 308 419 321
444 308 421 321
446 308 423 321
447 308 424 321
449 308 426 321
451 308 428 321
452 308 430 321
454 308 432 321
456 308 434 321
459 308 438 323
461 308 440 323
463 308 443 323
464 308 445 324
468 308 450 325
470 308 451 325
471 308 454 325
473 308 456 325
425 310 405 325
427 310 406 325
429 310 408 324
432 310 410 324
434 310 412 324
436 310 414 324
437 310 415 324
439 310 417 324
442 310 420 323
444 310 421 323
446 310 423 323
447 310 424 323
449 310 426 323
451 310 428 323
452 310 430 323
454 310 432 323
456 310 434 324
458 310 436 324
459 310 438 324
461 310 441 325
466 310 447 325
468 310 450 327
470 310 451 327
471 310 454 327
473 310 456 327
425 312 405 327
429 312 408 326
432 312 410 326
434 312 412 326
436 312 414 326
437 312 415 326
439 312 417 326
441 312 419 326
444 312 421 325
446 312 423 325
447 312 424 325
449 312 426 325
451 312 428 325
452 312 430 325
454 312 432 325
456 312 434 326
458 312 436 326
459 312 438 326
461 312 440 326
463 312 443 327
464 312 445 327
466 312 447 327
468 312 449 328
470 312 451 329
471 312 454 329
473 312 456 329
427 313 406 329
430 313 410 328
432 313 411 328
434 313 413 328
437 313 416 328
439 313 417 328
441 313 419 328
442 313 420 328
446 313 423 327
447 313 424 327
449 313 426 327
451 313 428 327
452 313 429 327
454 313 431 327
456 313 434 328
458 313 436 328
459 313 438 328
461 313 440 328
463 313 442 328
464 313 444 329
466 313 447 329
468 313 449 329
470 313 451 330
471 313 454 331
422 315 402 331
427 315 406 331
430 315 410 330
432 315 411 330
434 315 413 330
437 315 416 330
439 315 417 330
441 315 419 329
442 315 420 329
446 315 423 329
447 315 424 329
449 315 426 329
451 315 428 329
452 315 430 329
454 315 431 329
456 315 434 329
458 315 436 330
459 315 438 330
461 315 440 330
463 315 442 330
464 315 444 331
466 315 447 331
468 315 449 332
429 317 408 333
432 317 411 332
434 317 413 332
436 317 415 332
439 317 417 332
441 317 419 331
442 317 420 332
444 317 422 332
447 317 425 331
449 317 426 331
451 317 428 331
452 317 430 331
454 317 431 331
456 317 433 331
458 317 435 331
459 317 438 332
461 317 440 332
463 317 442 332
464 317 444 333
466 317 447 333
468 317 449 333
471 317 453 334
430 318 410 335
432 318 412 334
434 318 413 334
436 318 415 334
437 318 416 334
441 318 419 333
442 318 421 333
444 318 422 333
446 318 424 334
447 318 425 333
451 318 428 333
452 318 430 333
454 318 431 333
456 318 433 333
458 318 435 333
459 318 438 334
461 318 440 334
463 318 442 334
464 318 444 335
466 318 446 335
430 320 410 337
434 320 414 336
436 320 415 336
437 320 416 336
441 320 419 335
442 320 421 335
444 320 423 336
446 320 424 335
447 320 426 335
449 320 427 335
451 320 429 335
454 320 432 335
456 320 433 335
458 320 435 335
459 320 438 336
461 320 440 336
463 320 442 336
464 320 444 336
466 320 446 337
432 322 412 339
434 322 414 339
436 322 415 339
437 322 416 338
439 322 418 338
441 322 420 338
444 322 423 338
446 322 424 338
447 322 426 337
449 322 427 337
451 322 429 337
452 322 430 337
454 322 432 337
456 322 433 337
458 322 435 337
464 322 444 338
432 324 412 341
434 324 414 341
436 324 415 340
437 324 417 341
439 324 419 341
441 324 420 340
442 324 421 340
446 324 424 340
447 324 426 339
449 324 428 339
451 324 429 339
458 324 435 339
459 324 437 339
461 324 439 339
432 325 412 342
434 325 414 342
436 325 415 342
439 325 419 342
441 325 420 342
442 325 421 341
444 325 423 341
446 325 425 341
449 325 428 341
451 325 429 341
456 325 434 341
459 325 437 340
436 327 416 344
439 327 419 344
441 327 420 344
442 327 422 344
446 327 425 343
436 329 416 346
446 329 423 346
447 329 425 345
