463 293 416 328
420 296 373 309
466 296 417 331
420 298 372 311
422 298 374 312
459 298 410 332
464 298 414 332
466 298 416 333
468 298 418 333
473 298 422 334
420 300 372 313
458 300 407 333
459 300 409 334
464 300 414 334
466 300 415 335
471 300 420 335
473 300 421 335
422 302 375 317
425 302 378 318
456 302 405 334
458 302 407 335
459 302 408 335
463 302 411 335
464 302 413 336
468 302 416 336
470 302 417 336
471 302 419 336
473 302 421 337
422 303 375 318
425 303 377 320
427 303 378 321
454 303 402 336
456 303 404 336
458 303 406 337
464 303 412 338
470 303 416 338
471 303 418 338
454 305 401 338
456 305 403 338
470 305 416 339
473 305 418 340
475 305 420 340
476 305 421 340
424 307 374 321
425 307 376 322
449 307 397 337
452 307 399 338
454 307 401 339
456 307 402 340
461 307 407 340
463 307 409 340
475 307 419 341
476 307 421 341
451 308 397 339
452 308 399 340
454 308 400 341
458 308 404 340
461 308 406 341
463 308 408 342
473 308 417 342
475 308 418 343
454 310 399 342
459 310 404 342
466 310 410 344
449 312 394 340
451 312 396 341
452 312 397 341
466 312 409 345
452 313 396 343
464 313 407 346
452 315 395 343
463 315 404 347
464 315 406 348
466 315 408 347
468 315 410 347
458 317 399 347
464 317 405 349
466 317 407 349
463 318 402 351
454 320 394 344
458 320 397 346
454 322 393 346
456 322 395 347
458 322 397 348
454 324 393 348
456 324 394 349
458 324 396 350
459 324 397 351
