461 286 422 308
464 286 425 308
459 288 419 312
461 288 422 313
463 288 423 313
458 290 416 313
459 290 419 314
461 290 421 315
463 290 423 315
464 290 427 315
458 291 416 315
459 291 418 315
464 291 426 318
456 293 413 317
458 293 415 317
459 293 418 317
461 293 420 318
458 295 415 318
459 295 418 319
461 295 420 320
466 295 427 322
470 295 433 323
471 295 435 324
473 295 437 324
454 296 407 318
456 296 411 316
458 296 415 320
459 296 417 321
463 296 422 323
464 296 425 323
466 296 427 324
468 296 429 324
470 296 433 325
471 296 434 325
473 296 437 326
475 296 439 326
456 298 411 318
458 298 414 322
459 298 417 323
464 298 424 325
466 298 427 326
468 298 429 326
470 298 431 327
471 298 434 327
473 298 436 328
475 298 439 328
420 300 378 321
422 300 379 321
425 300 382 321
441 300 391 320
442 300 393 320
447 300 398 320
452 300 406 322
456 300 412 320
458 300 414 324
459 300 417 325
461 300 419 325
463 300 421 326
464 300 424 327
466 300 426 328
468 300 429 328
470 300 432 329
473 300 436 329
422 301 379 323
424 301 381 323
441 301 391 321
442 301 393 321
444 301 396 322
447 301 399 323
449 301 402 323
452 301 406 324
454 301 408 325
456 301 411 325
459 301 417 327
461 301 419 327
463 301 420 327
464 301 424 329
466 301 426 330
468 301 428 330
470 301 431 330
471 301 433 331
473 301 436 331
422 303 380 325
424 303 381 325
425 303 382 325
427 303 384 325
429 303 385 325
442 303 394 324
449 303 402 325
451 303 404 325
452 303 406 326
456 303 411 327
458 303 413 327
459 303 417 329
461 303 419 329
463 303 420 329
464 303 423 329
466 303 426 331
468 303 428 331
470 303 430 332
471 303 432 333
473 303 435 333
420 305 378 328
422 305 380 328
425 305 382 327
427 305 384 328
429 305 385 327
430 305 386 327
437 305 389 325
441 305 392 325
442 305 395 326
447 305 400 327
449 305 401 327
451 305 404 327
454 305 408 329
459 305 415 330
461 305 419 331
463 305 421 331
464 305 422 331
466 305 426 334
468 305 428 334
470 305 430 334
471 305 432 335
473 305 435 335
420 307 378 330
422 307 380 330
425 307 383 329
427 307 384 330
430 307 386 329
434 307 389 329
436 307 390 329
439 307 392 329
441 307 394 329
444 307 397 329
446 307 399 329
447 307 400 329
449 307 401 329
451 307 404 329
452 307 405 330
454 307 409 329
459 307 414 333
461 307 417 333
463 307 420 333
464 307 422 334
466 307 424 334
468 307 428 336
470 307 430 336
471 307 432 337
473 307 434 337
475 307 437 337
420 308 378 331
422 308 380 331
425 308 383 332
427 308 384 332
429 308 386 332
430 308 386 331
434 308 389 331
436 308 390 331
437 308 392 331
441 308 394 331
451 308 403 331
452 308 405 331
454 308 409 331
458 308 412 334
459 308 414 334
461 308 417 334
463 308 420 335
464 308 422 335
466 308 424 336
468 308 428 338
470 308 430 338
471 308 432 338
473 308 434 339
420 310 378 333
422 310 381 334
424 310 382 334
427 310 384 334
429 310 386 334
430 310 387 334
434 310 389 333
436 310 391 333
439 310 394 333
442 310 396 333
444 310 397 333
451 310 403 333
452 310 405 333
454 310 407 335
456 310 409 335
458 310 412 335
459 310 414 335
463 310 419 337
464 310 422 337
466 310 424 338
468 310 427 339
470 310 429 340
471 310 431 340
473 310 434 340
422 312 381 336
427 312 384 336
429 312 385 336
432 312 388 336
436 312 392 335
437 312 393 335
441 312 395 335
442 312 396 335
446 312 399 335
451 312 403 335
452 312 405 335
454 312 407 336
456 312 409 337
458 312 412 337
459 312 414 337
463 312 419 339
464 312 422 339
466 312 424 339
468 312 426 340
470 312 429 342
471 312 431 342
427 313 384 338
429 313 385 338
430 313 387 338
432 313 388 338
436 313 391 337
437 313 393 337
441 313 395 337
442 313 397 337
446 313 399 337
452 313 404 337
454 313 407 338
456 313 409 339
458 313 411 339
459 313 414 339
463 313 419 340
464 313 421 341
466 313 423 341
468 313 425 341
470 313 428 343
425 315 383 340
429 315 385 340
430 315 387 340
432 315 388 340
434 315 390 340
437 315 392 339
439 315 394 339
442 315 397 339
446 315 399 339
447 315 400 339
452 315 405 339
454 315 406 340
456 315 409 341
458 315 411 342
459 315 413 341
461 315 415 342
463 315 418 342
464 315 421 343
466 315 423 343
468 315 425 344
425 317 383 342
427 317 385 342
430 317 387 342
432 317 389 342
434 317 390 342
437 317 392 341
439 317 394 341
442 317 397 342
444 317 398 341
447 317 400 341
449 317 402 341
451 317 404 342
452 317 405 342
454 317 407 343
456 317 409 343
458 317 411 343
459 317 413 343
461 317 415 344
463 317 417 344
464 317 420 345
466 317 423 345
429 318 386 345
432 318 389 344
434 318 391 344
436 318 392 344
439 318 394 343
441 318 396 343
444 318 398 344
446 318 399 344
449 318 402 343
451 318 404 344
452 318 405 344
454 318 407 344
458 318 411 344
459 318 413 345
461 318 415 346
463 318 417 345
464 318 419 346
466 318 423 347
434 320 391 346
436 320 392 346
437 320 393 346
441 320 396 346
442 320 397 346
446 320 400 346
447 320 401 346
451 320 404 345
452 320 405 346
454 320 407 346
458 320 410 346
459 320 413 347
461 320 415 347
463 320 417 347
464 320 420 348
466 320 422 349
430 322 388 349
432 322 390 349
436 322 392 349
437 322 393 348
439 322 395 349
441 322 395 347
442 322 397 348
446 322 400 348
447 322 401 348
449 322 403 347
452 322 405 348
454 322 407 348
456 322 408 348
458 322 410 349
459 322 412 349
461 322 415 349
463 322 417 349
464 322 419 350
466 322 421 351
430 324 387 351
432 324 390 351
434 324 391 351
437 324 393 350
439 324 395 350
442 324 397 350
444 324 399 350
447 324 401 350
449 324 403 350
451 324 404 350
454 324 407 350
456 324 408 350
458 324 410 350
459 324 412 350
461 324 414 351
463 324 416 351
464 324 418 351
432 325 389 353
434 325 391 352
439 325 395 353
441 325 396 353
444 325 399 352
446 325 400 352
449 325 403 352
451 325 404 352
452 325 406 352
456 325 409 352
458 325 410 352
459 325 412 352
432 327 389 355
441 327 397 355
442 327 398 354
451 327 405 354
452 327 406 354
454 327 408 354
452 329 406 356
458 329 410 357
