458 286 411 313
463 286 419 312
468 286 427 312
475 286 422 312
468 288 426 315
469 288 429 321
456 290 407 318
461 290 419 321
463 290 420 322
464 290 423 322
466 290 424 323
471 290 429 324
459 291 416 323
461 291 418 323
463 291 420 323
464 291 422 323
466 291 424 324
471 291 429 326
473 291 430 326
458 293 413 324
461 293 417 325
463 293 419 325
464 293 421 325
466 293 423 326
469 293 427 327
471 293 428 328
473 293 430 328
456 295 411 325
458 295 413 325
459 295 415 326
461 295 417 327
463 295 419 327
464 295 420 328
468 295 424 328
469 295 426 329
471 295 428 329
473 295 430 330
434 296 388 321
456 296 410 326
458 296 412 327
461 296 416 328
466 296 422 329
468 296 424 330
469 296 425 330
473 296 429 331
430 298 385 323
454 298 406 325
456 298 409 325
459 298 413 329
463 298 417 330
464 298 419 330
466 298 421 331
468 298 423 331
469 298 425 332
473 298 428 333
444 300 396 326
446 300 398 327
452 300 405 328
454 300 407 328
458 300 411 330
459 300 413 331
461 300 414 331
463 300 416 332
464 300 418 332
466 300 420 333
468 300 422 333
469 300 424 334
471 300 426 334
473 300 428 335
476 300 431 335
422 301 378 326
442 301 394 327
444 301 396 328
446 301 397 328
449 301 400 328
451 301 402 328
452 301 404 331
454 301 406 331
456 301 408 331
458 301 410 331
459 301 412 332
461 301 414 333
463 301 416 333
464 301 418 334
466 301 419 335
468 301 421 335
469 301 423 335
471 301 425 336
473 301 427 336
475 301 429 336
476 301 431 337
439 303 390 327
441 303 392 327
442 303 393 329
444 303 395 330
446 303 397 330
447 303 398 331
451 303 401 330
452 303 403 332
454 303 405 333
458 303 409 333
459 303 411 334
461 303 413 335
463 303 415 335
464 303 417 336
466 303 419 336
468 303 421 336
469 303 422 337
471 303 424 337
473 303 426 338
476 303 430 338
478 303 432 339
481 303 434 327
435 305 387 329
437 305 389 329
439 305 390 330
441 305 392 329
442 305 393 331
447 305 397 333
449 305 399 333
451 305 401 332
452 305 403 334
461 305 412 336
463 305 414 337
464 305 416 337
466 305 418 337
468 305 420 338
469 305 422 339
471 305 423 339
475 305 427 340
476 305 429 340
478 305 431 341
480 305 433 341
437 307 388 331
439 307 390 332
444 307 394 332
446 307 396 333
449 307 399 336
451 307 401 336
452 307 402 336
461 307 412 338
463 307 414 338
464 307 415 339
466 307 417 339
468 307 419 340
469 307 421 340
471 307 423 341
473 307 425 341
475 307 427 342
476 307 429 342
478 307 430 343
435 308 386 330
441 308 391 333
444 308 393 333
446 308 395 334
447 308 396 334
454 308 404 337
461 308 411 340
463 308 413 340
464 308 415 340
468 308 418 341
469 308 420 342
471 308 422 342
473 308 424 343
475 308 426 343
476 308 428 344
478 308 430 344
480 308 432 345
430 310 381 329
432 310 383 329
434 310 385 331
439 310 389 334
441 310 391 335
444 310 393 335
446 310 395 336
449 310 397 336
451 310 399 337
452 310 401 338
454 310 403 339
458 310 407 340
459 310 409 341
461 310 410 341
463 310 412 342
464 310 414 342
466 310 416 343
473 310 424 344
475 310 426 345
476 310 428 345
478 310 430 346
434 312 384 332
437 312 387 334
442 312 391 336
444 312 393 337
446 312 394 337
452 312 400 340
458 312 406 342
459 312 408 342
461 312 410 343
463 312 412 344
464 312 414 344
466 312 415 345
471 312 421 346
473 312 423 346
475 312 426 346
434 313 383 333
435 313 385 335
437 313 387 335
439 313 388 336
449 313 396 339
451 313 398 339
454 313 401 342
458 313 405 344
461 313 408 344
464 313 412 345
469 313 418 346
471 313 421 347
473 313 423 348
435 315 385 336
437 315 386 337
439 315 387 337
444 315 392 339
446 315 393 340
452 315 399 342
454 315 400 343
458 315 404 345
459 315 406 346
461 315 407 346
463 315 410 347
464 315 412 347
468 315 416 348
469 315 417 348
471 315 421 349
430 317 379 335
432 317 381 336
434 317 383 336
437 317 386 339
439 317 387 339
441 317 389 340
444 317 391 341
446 317 393 342
447 317 394 342
451 317 397 343
452 317 398 344
456 317 401 344
459 317 405 347
461 317 407 348
463 317 409 348
471 317 420 351
429 318 378 336
432 318 381 337
434 318 382 338
435 318 384 338
437 318 385 340
439 318 387 341
441 318 388 341
444 318 391 343
446 318 392 343
447 318 394 344
451 318 396 345
452 318 398 345
454 318 399 346
456 318 401 346
458 318 403 347
464 318 410 350
466 318 412 351
429 320 378 339
430 320 379 339
434 320 382 339
435 320 383 340
439 320 386 342
441 320 388 343
444 320 390 344
446 320 392 344
447 320 393 345
449 320 395 346
452 320 397 347
454 320 399 347
456 320 401 348
458 320 402 349
459 320 404 350
461 320 406 351
463 320 408 351
464 320 410 352
466 320 412 352
434 322 381 341
435 322 383 342
437 322 384 342
439 322 386 344
441 322 387 345
444 322 390 345
446 322 391 346
447 322 393 347
449 322 395 348
451 322 396 348
454 322 398 349
456 322 400 350
458 322 402 351
459 322 403 351
461 322 405 352
463 322 407 353
464 322 409 353
466 322 411 354
468 322 413 354
437 324 384 344
447 324 392 348
449 324 394 349
451 324 395 350
454 324 398 351
456 324 400 352
458 324 401 353
459 324 403 353
461 324 405 354
463 324 407 355
464 324 409 355
446 325 391 349
454 325 398 353
456 325 399 353
458 325 401 354
459 325 402 355
461 325 404 355
463 325 406 356
464 325 408 357
458 327 400 356
459 327 401 356
461 327 403 357
463 327 406 358
476 327 429 352
468 332 418 357
458 334 417 358
