458 286 410 311
466 286 423 311
473 286 417 311
463 288 422 318
463 290 422 320
459 291 416 320
463 291 421 322
464 291 423 322
466 291 426 322
470 291 429 325
458 293 414 321
459 293 416 322
463 293 420 324
464 293 423 324
458 295 413 323
459 295 415 324
464 295 422 326
470 295 428 328
473 295 432 328
420 296 378 319
432 296 386 319
456 296 409 320
458 296 413 325
459 296 414 325
461 296 418 327
463 296 420 327
464 296 421 327
468 296 425 329
470 296 427 329
471 296 429 330
473 296 432 330
434 298 387 321
454 298 407 323
456 298 410 322
458 298 412 322
459 298 414 327
461 298 416 327
464 298 421 329
466 298 423 330
475 298 433 332
432 300 385 321
442 300 393 323
444 300 396 324
447 300 398 324
452 300 404 326
454 300 408 325
458 300 411 329
459 300 414 329
461 300 416 329
463 300 418 331
464 300 421 331
468 300 424 332
470 300 426 333
471 300 428 333
473 300 430 334
475 300 432 334
476 300 434 334
481 300 439 332
442 302 393 325
444 302 396 326
447 302 398 326
449 302 400 326
451 302 402 326
454 302 407 329
456 302 409 329
458 302 411 330
459 302 413 331
461 302 415 331
463 302 417 332
468 302 424 334
470 302 426 334
471 302 428 335
473 302 430 336
427 303 381 323
437 303 388 326
439 303 390 326
441 303 392 327
442 303 393 327
444 303 395 328
447 303 398 328
449 303 400 328
451 303 401 328
454 303 406 331
456 303 408 331
458 303 410 332
459 303 413 333
461 303 415 333
463 303 416 334
464 303 419 335
466 303 421 335
468 303 423 336
470 303 425 336
471 303 427 337
473 303 429 337
475 303 431 338
476 303 433 338
478 303 435 338
480 303 437 339
422 305 379 324
437 305 388 328
439 305 390 328
441 305 392 328
442 305 393 329
444 305 395 330
446 305 397 330
449 305 399 331
451 305 401 331
452 305 403 332
454 305 405 333
456 305 408 333
458 305 410 334
459 305 411 335
461 305 414 335
463 305 416 335
464 305 418 335
466 305 420 337
468 305 422 338
470 305 425 338
471 305 426 339
473 305 428 339
475 305 431 340
476 305 433 340
478 305 435 340
480 305 437 341
425 307 379 326
429 307 382 326
430 307 383 327
434 307 386 327
439 307 390 330
441 307 391 330
442 307 393 331
444 307 395 331
446 307 396 332
449 307 399 333
452 307 403 334
454 307 406 334
458 307 408 336
459 307 411 336
461 307 413 337
463 307 415 337
464 307 417 338
466 307 419 339
468 307 422 339
470 307 424 340
473 307 428 341
475 307 430 342
476 307 432 342
478 307 434 343
420 308 378 327
425 308 379 327
429 308 382 328
430 308 383 329
434 308 386 329
436 308 388 330
441 308 391 332
442 308 392 333
444 308 394 333
446 308 396 334
454 308 405 336
458 308 408 337
459 308 410 338
461 308 412 338
463 308 415 339
464 308 417 340
466 308 419 341
468 308 421 341
470 308 423 342
471 308 425 342
473 308 427 343
475 308 430 343
476 308 431 344
478 308 434 344
420 310 378 331
425 310 379 329
429 310 381 330
430 310 383 330
432 310 384 331
436 310 387 332
444 310 394 335
446 310 396 335
451 310 400 336
452 310 402 338
454 310 403 338
458 310 408 339
459 310 410 340
461 310 412 340
463 310 414 341
464 310 416 341
466 310 418 342
468 310 420 343
470 310 423 344
471 310 425 344
473 310 427 344
475 310 429 345
476 310 431 346
478 310 435 346
420 312 378 333
429 312 380 331
430 312 382 332
432 312 384 333
434 312 385 333
439 312 390 335
449 312 398 337
451 312 399 337
454 312 403 340
456 312 405 341
458 312 407 341
459 312 409 341
461 312 412 342
463 312 414 343
464 312 416 343
466 312 418 344
468 312 420 345
471 312 424 346
478 312 435 348
429 313 380 334
430 313 382 334
432 313 383 334
434 313 385 335
436 313 387 336
439 313 389 337
441 313 391 337
442 313 392 337
446 313 395 338
449 313 397 339
451 313 399 339
452 313 401 340
458 313 407 343
461 313 411 344
463 313 413 344
464 313 415 345
470 313 421 347
471 313 423 347
473 313 427 347
475 313 429 348
430 315 381 335
432 315 383 336
434 315 385 336
436 315 386 337
439 315 389 338
441 315 390 339
442 315 392 339
446 315 394 340
447 315 396 341
451 315 399 341
452 315 400 342
454 315 402 342
456 315 404 343
459 315 408 345
461 315 409 345
466 315 417 346
468 315 419 347
473 315 426 349
430 317 381 337
432 317 383 338
434 317 385 338
436 317 386 339
439 317 389 340
441 317 390 340
442 317 392 341
446 317 394 342
447 317 396 342
449 317 397 343
452 317 400 344
454 317 401 344
456 317 403 344
458 317 405 345
461 317 409 347
463 317 412 347
464 317 414 348
466 317 416 348
470 317 421 349
434 318 385 341
436 318 386 341
439 318 388 342
441 318 390 342
442 318 391 343
444 318 393 344
447 318 395 345
449 318 397 345
451 318 398 345
454 318 401 346
456 318 403 346
458 318 405 347
466 318 416 350
429 320 380 340
436 320 385 343
437 320 387 343
441 320 390 344
442 320 391 345
444 320 392 345
447 320 395 346
449 320 397 346
451 320 398 347
454 320 401 348
456 320 403 348
458 320 405 349
459 320 406 350
461 320 408 350
464 320 413 351
466 320 415 352
480 320 431 352
430 322 381 343
432 322 383 343
439 322 388 346
442 322 391 346
444 322 392 347
446 322 394 348
449 322 397 348
451 322 398 349
454 322 400 349
456 322 402 350
458 322 404 351
459 322 406 351
461 322 408 352
464 322 412 353
466 322 415 354
468 322 417 354
430 324 381 345
432 324 383 345
436 324 385 346
437 324 386 346
441 324 389 348
444 324 392 349
446 324 394 349
449 324 396 350
451 324 398 350
452 324 399 351
456 324 402 352
458 324 403 353
459 324 405 353
461 324 407 354
463 324 409 354
464 324 412 355
436 325 384 347
437 325 386 348
439 325 388 349
449 325 395 351
451 325 397 352
452 325 399 352
454 325 400 353
458 325 403 354
459 325 405 355
461 325 407 355
463 325 408 356
464 325 412 357
475 325 429 353
434 327 396 354
437 327 399 355
439 327 388 351
441 327 389 351
454 327 400 355
458 327 403 356
459 327 404 356
461 327 406 357
434 329 396 356
439 329 400 357
459 329 403 358
461 329 406 359
444 332 401 360
446 332 405 361
447 332 411 360
468 332 420 359
454 334 410 362
464 334 415 362
466 334 417 362
