458 286 445 292
459 286 445 291
461 286 450 291
464 286 453 291
466 286 456 295
468 286 456 291
469 286 458 291
471 286 462 291
458 288 445 295
459 288 448 297
461 288 450 297
463 288 452 297
464 288 454 297
466 288 456 297
468 288 458 297
469 288 460 297
471 288 461 297
456 290 443 296
458 290 445 296
459 290 448 299
461 290 450 299
463 290 452 299
464 290 454 299
466 290 456 299
468 290 458 299
469 290 460 299
456 291 443 299
458 291 445 298
459 291 448 300
461 291 450 300
463 291 452 300
464 291 454 301
466 291 456 301
468 291 458 301
471 291 461 302
454 293 442 301
456 293 444 301
458 293 445 301
459 293 448 302
461 293 450 302
463 293 452 302
464 293 454 302
466 293 456 302
468 293 458 303
454 295 442 303
456 295 444 303
458 295 446 303
459 295 448 304
461 295 450 304
463 295 452 304
464 295 454 304
466 295 456 304
468 295 458 304
473 295 464 305
420 296 406 304
429 296 416 303
430 296 417 303
434 296 421 303
435 296 423 303
454 296 442 305
456 296 444 305
458 296 446 305
459 296 448 305
461 296 450 306
463 296 452 306
464 296 454 306
466 296 456 306
468 296 458 306
469 296 460 306
471 296 462 307
475 296 466 308
420 298 406 307
422 298 409 306
430 298 417 305
434 298 419 305
437 298 423 305
439 298 424 304
456 298 444 307
458 298 446 307
459 298 448 307
461 298 449 307
463 298 452 308
464 298 454 308
466 298 456 308
468 298 458 308
469 298 460 308
471 298 462 308
475 298 466 309
476 298 468 309
420 300 406 309
422 300 409 308
425 300 412 308
427 300 414 308
434 300 419 307
435 300 421 307
437 300 423 307
439 300 424 306
441 300 427 306
442 300 428 307
444 300 430 307
446 300 432 307
447 300 433 308
452 300 440 308
454 300 442 308
458 300 446 309
459 300 448 309
461 300 450 309
463 300 452 309
464 300 454 310
466 300 456 310
468 300 458 310
469 300 460 310
471 300 462 310
473 300 464 310
476 300 468 311
420 302 408 310
422 302 410 310
424 302 411 310
427 302 414 310
429 302 416 309
430 302 417 310
434 302 420 309
435 302 421 309
437 302 423 309
439 302 424 309
441 302 426 309
442 302 428 309
444 302 430 309
446 302 432 309
447 302 433 310
449 302 436 310
451 302 438 310
452 302 439 310
454 302 441 310
456 302 443 310
459 302 448 311
461 302 449 311
463 302 452 311
464 302 454 312
466 302 456 312
468 302 458 312
469 302 459 312
471 302 461 312
473 302 464 312
475 302 466 312
420 303 408 312
422 303 410 312
424 303 411 312
425 303 413 312
429 303 416 311
430 303 418 311
432 303 419 310
437 303 423 311
439 303 425 311
441 303 427 311
442 303 428 311
444 303 430 311
446 303 432 311
447 303 433 311
449 303 436 311
451 303 438 311
452 303 439 312
456 303 443 312
458 303 445 313
459 303 447 313
461 303 449 313
463 303 452 313
464 303 454 313
466 303 456 313
468 303 458 313
469 303 460 314
471 303 461 314
473 303 463 314
475 303 466 314
476 303 468 314
478 303 469 314
480 303 471 314
420 305 408 314
422 305 410 314
424 305 412 314
425 305 413 314
427 305 415 314
430 305 417 313
435 305 421 312
437 305 423 312
439 305 425 313
441 305 427 313
442 305 429 313
444 305 430 313
446 305 432 313
447 305 434 313
449 305 436 313
451 305 438 313
454 305 441 314
456 305 443 314
458 305 445 315
459 305 447 315
461 305 449 315
463 305 452 315
464 305 454 315
466 305 456 315
468 305 458 315
469 305 460 315
471 305 461 316
473 305 463 316
475 305 466 316
476 305 468 317
478 305 470 316
480 305 472 316
420 307 408 316
422 307 410 316
424 307 412 316
425 307 413 316
427 307 415 315
429 307 417 316
432 307 419 315
434 307 421 314
435 307 422 315
439 307 425 314
441 307 427 314
444 307 430 315
446 307 432 315
447 307 434 315
449 307 436 315
451 307 438 315
452 307 439 315
458 307 445 317
459 307 447 316
461 307 449 316
463 307 451 316
464 307 453 316
466 307 455 317
468 307 458 317
469 307 460 317
471 307 461 318
473 307 463 318
475 307 466 318
478 307 470 319
420 308 408 317
422 308 410 317
424 308 412 317
425 308 413 317
427 308 415 317
429 308 417 317
430 308 418 317
434 308 421 317
435 308 422 317
437 308 424 317
439 308 426 317
441 308 428 317
442 308 429 317
446 308 432 317
447 308 434 317
449 308 436 317
451 308 437 317
452 308 439 317
454 308 441 317
458 308 445 318
459 308 446 318
461 308 449 318
463 308 452 318
464 308 453 318
466 308 455 318
468 308 458 319
469 308 459 319
471 308 461 319
473 308 464 319
475 308 466 319
476 308 468 319
420 310 408 319
422 310 410 320
424 310 412 320
425 310 413 319
427 310 415 319
429 310 417 319
430 310 418 319
434 310 421 319
435 310 423 319
437 310 424 319
439 310 426 319
441 310 428 319
442 310 429 319
447 310 434 318
449 310 436 319
451 310 438 319
452 310 439 319
454 310 441 319
456 310 443 319
458 310 445 320
459 310 447 319
461 310 449 320
463 310 452 320
464 310 453 320
466 310 455 320
468 310 458 321
469 310 459 321
471 310 461 321
473 310 464 321
475 310 466 321
476 310 468 321
425 312 413 321
427 312 415 321
429 312 417 321
430 312 418 321
432 312 420 321
434 312 422 321
435 312 424 321
439 312 426 321
441 312 428 321
442 312 429 321
444 312 431 321
449 312 436 320
451 312 438 321
452 312 439 321
458 312 445 321
459 312 447 321
461 312 449 321
463 312 452 322
464 312 453 322
466 312 455 322
468 312 457 322
469 312 459 323
471 312 461 323
473 312 464 323
475 312 466 323
422 313 411 323
425 313 414 323
427 313 415 323
429 313 417 323
430 313 418 323
432 313 420 323
434 313 422 323
435 313 424 323
439 313 426 322
441 313 428 323
442 313 430 322
444 313 431 323
446 313 433 322
449 313 436 322
451 313 438 322
452 313 439 322
454 313 441 322
456 313 443 323
458 313 445 323
459 313 447 323
461 313 449 323
463 313 451 323
464 313 453 323
466 313 455 323
468 313 457 324
469 313 459 324
471 313 461 325
473 313 464 324
475 313 466 324
424 315 412 325
425 315 414 325
427 315 415 325
429 315 417 325
430 315 418 325
432 315 420 325
434 315 422 325
435 315 423 325
439 315 426 324
441 315 428 324
442 315 430 324
444 315 431 324
449 315 436 324
452 315 439 324
454 315 441 324
456 315 444 325
458 315 445 325
461 315 449 325
463 315 451 325
464 315 453 325
466 315 455 325
468 315 457 326
469 315 459 326
424 317 412 327
425 317 414 327
427 317 415 327
429 317 417 327
430 317 419 327
432 317 420 327
434 317 422 327
435 317 424 327
439 317 426 326
441 317 428 326
442 317 430 326
444 317 432 326
446 317 433 326
447 317 434 326
449 317 436 326
451 317 438 326
454 317 441 326
456 317 444 327
458 317 445 327
459 317 447 327
463 317 451 327
464 317 453 327
466 317 455 327
468 317 457 328
425 318 413 330
427 318 415 329
429 318 417 329
430 318 419 329
432 318 420 329
434 318 422 329
435 318 424 328
437 318 425 328
441 318 428 328
442 318 430 328
444 318 432 328
446 318 433 328
447 318 435 328
449 318 436 328
451 318 438 328
454 318 441 328
456 318 443 328
459 318 447 329
461 318 449 329
463 318 451 329
464 318 453 329
466 318 455 329
429 320 417 331
430 320 419 331
432 320 421 331
434 320 422 331
435 320 424 330
437 320 425 330
439 320 427 330
442 320 430 330
444 320 432 330
446 320 433 330
447 320 435 330
449 320 436 330
451 320 438 330
452 320 440 329
456 320 443 330
458 320 445 330
459 320 447 330
464 320 453 331
466 320 455 331
475 320 468 328
480 320 472 328
430 322 419 333
432 322 421 333
434 322 423 333
435 322 424 332
437 322 426 332
439 322 427 332
441 322 429 332
444 322 432 332
446 322 434 332
447 322 435 332
449 322 437 332
451 322 438 332
452 322 440 331
454 322 442 331
458 322 445 332
461 322 449 332
463 322 451 332
478 322 469 329
430 324 418 334
432 324 421 335
434 324 422 335
435 324 424 334
437 324 426 334
439 324 427 334
441 324 429 334
442 324 430 334
446 324 434 334
447 324 435 334
449 324 437 334
451 324 438 334
452 324 440 333
456 324 444 334
458 324 445 333
459 324 447 334
461 324 449 334
463 324 451 334
464 324 453 334
478 324 469 334
480 324 471 334
432 325 421 336
434 325 422 336
435 325 424 336
437 325 426 336
439 325 428 336
441 325 429 336
442 325 430 336
444 325 432 336
446 325 434 335
449 325 437 335
451 325 439 336
452 325 440 335
454 325 442 335
458 325 445 335
459 325 447 335
461 325 449 335
463 325 451 335
464 325 453 335
478 325 469 336
432 327 420 339
434 327 422 338
435 327 424 338
437 327 426 338
439 327 428 338
441 327 430 338
442 327 431 338
444 327 432 338
446 327 434 338
449 327 437 338
451 327 439 338
452 327 440 338
454 327 442 337
456 327 444 337
458 327 445 337
459 327 447 337
461 327 449 337
463 327 451 337
435 329 424 340
437 329 425 340
439 329 427 340
442 329 431 340
447 329 435 340
454 329 442 339
456 329 444 339
459 329 447 339
461 329 449 339
434 330 422 342
437 330 425 342
439 330 428 342
442 330 431 342
444 330 433 341
446 330 437 341
452 330 441 341
456 330 444 341
459 330 447 341
461 330 449 341
468 330 457 340
454 332 442 343
461 332 449 343
463 332 451 343
464 332 453 343
466 332 455 342
468 332 457 342
451 334 437 345
452 334 439 345
454 334 440 345
456 334 442 345
458 334 445 345
459 334 447 345
461 334 449 345
464 334 452 345
466 334 455 345
468 334 458 345
469 334 460 345
471 334 465 339
