458 286 457 285
461 286 458 285
464 286 462 288
466 286 464 288
468 286 466 288
470 286 467 287
471 286 468 285
473 286 470 285
459 288 457 290
461 288 459 290
463 288 460 290
464 288 462 290
466 288 464 290
468 288 466 290
470 288 467 289
471 288 469 289
473 288 472 288
456 290 453 292
458 290 455 291
461 290 459 292
463 290 461 292
464 290 462 292
466 290 464 292
468 290 466 292
470 290 467 292
471 290 469 293
473 290 473 290
456 291 453 294
458 291 456 294
459 291 456 293
461 291 459 294
463 291 461 294
464 291 462 294
466 291 464 294
468 291 466 294
470 291 467 294
471 291 469 294
473 291 471 294
454 293 451 295
456 293 453 295
458 293 456 296
459 293 456 294
461 293 459 296
463 293 461 295
464 293 462 295
466 293 464 295
468 293 466 295
470 293 467 296
471 293 469 296
473 293 471 296
475 293 472 296
454 295 451 297
458 295 455 297
459 295 456 296
463 295 461 297
464 295 462 297
466 295 464 297
468 295 466 297
470 295 468 297
471 295 469 298
473 295 471 298
475 295 473 298
476 295 475 296
420 296 416 298
427 296 424 298
429 296 426 298
432 296 429 298
434 296 431 298
436 296 433 298
454 296 451 299
456 296 454 299
458 296 455 299
459 296 456 298
461 296 458 298
463 296 461 299
464 296 462 299
466 296 464 299
468 296 466 299
470 296 467 299
471 296 469 299
473 296 471 299
475 296 473 299
476 296 476 297
420 298 416 300
422 298 419 300
432 298 429 300
434 298 431 300
436 298 432 300
437 298 434 300
454 298 451 300
456 298 453 300
458 298 455 301
459 298 457 300
461 298 458 301
463 298 461 301
464 298 462 301
466 298 464 300
468 298 466 301
470 298 467 301
471 298 469 301
473 298 471 301
475 298 473 301
420 300 417 302
424 300 421 302
425 300 422 302
432 300 429 302
434 300 431 302
436 300 432 302
437 300 434 302
439 300 436 302
441 300 438 302
442 300 439 302
444 300 441 302
446 300 443 302
447 300 444 302
453 300 450 302
458 300 455 302
459 300 457 302
461 300 458 303
463 300 460 302
464 300 462 302
466 300 464 303
468 300 466 303
470 300 468 303
471 300 469 303
473 300 471 303
475 300 473 303
476 300 474 302
478 300 476 303
480 300 479 301
420 302 417 303
422 302 419 303
427 302 424 303
429 302 426 303
430 302 427 304
434 302 431 303
436 302 432 303
437 302 434 303
439 302 436 303
441 302 438 303
442 302 439 303
444 302 441 303
446 302 443 303
451 302 448 303
453 302 450 303
454 302 451 304
456 302 453 303
459 302 457 304
461 302 458 304
463 302 460 304
464 302 462 304
466 302 464 304
468 302 466 304
470 302 467 304
471 302 469 304
473 302 471 304
475 302 473 304
476 302 474 304
478 302 476 304
480 302 478 305
420 303 417 305
422 303 419 305
424 303 421 305
427 303 424 305
429 303 426 305
430 303 427 305
432 303 429 305
434 303 431 305
436 303 433 305
437 303 434 305
439 303 436 305
441 303 438 305
442 303 439 305
444 303 441 305
446 303 443 305
447 303 444 305
449 303 446 305
451 303 448 305
453 303 450 305
454 303 451 305
456 303 453 305
458 303 455 306
459 303 456 306
461 303 458 306
463 303 460 306
464 303 462 306
466 303 464 306
468 303 466 306
470 303 467 306
471 303 469 306
473 303 471 306
475 303 473 306
476 303 474 306
478 303 476 306
480 303 478 306
481 303 479 306
420 305 417 307
422 305 419 307
429 305 426 307
430 305 427 307
432 305 429 307
434 305 431 307
436 305 433 307
437 305 434 307
439 305 436 307
441 305 438 307
442 305 439 307
444 305 441 307
446 305 443 307
447 305 444 307
449 305 446 307
451 305 448 307
453 305 449 307
454 305 452 307
456 305 453 308
458 305 455 308
459 305 456 308
461 305 458 308
463 305 460 308
464 305 462 308
466 305 464 308
468 305 466 308
470 305 467 308
471 305 469 308
473 305 471 308
475 305 473 308
476 305 474 308
478 305 476 308
480 305 478 308
481 305 479 308
420 307 417 308
424 307 421 309
425 307 422 309
427 307 424 309
429 307 426 309
430 307 427 308
432 307 429 309
434 307 431 309
436 307 433 309
437 307 434 309
439 307 436 309
441 307 438 309
442 307 439 309
444 307 441 309
446 307 443 309
447 307 444 309
449 307 446 309
451 307 448 309
453 307 450 309
454 307 451 309
456 307 453 309
458 307 454 310
459 307 456 309
461 307 458 309
463 307 460 309
464 307 462 309
466 307 464 309
468 307 466 309
470 307 467 309
471 307 469 310
473 307 471 310
475 307 473 310
476 307 474 310
478 307 476 310
480 307 478 310
420 308 416 310
424 308 421 311
425 308 422 310
429 308 426 310
430 308 427 310
432 308 429 310
434 308 431 310
436 308 433 310
437 308 434 310
439 308 436 310
441 308 438 310
442 308 439 310
444 308 441 310
446 308 443 310
447 308 444 310
449 308 446 310
451 308 448 310
453 308 450 310
454 308 451 311
456 308 453 311
458 308 455 311
459 308 456 311
461 308 458 311
463 308 461 311
464 308 462 311
466 308 464 311
468 308 466 311
470 308 467 311
471 308 469 311
473 308 471 311
475 308 473 311
476 308 474 311
478 308 476 311
481 308 481 308
420 310 417 312
422 310 419 312
424 310 421 312
427 310 425 313
429 310 426 312
430 310 427 312
432 310 429 312
434 310 431 312
436 310 433 312
437 310 434 312
439 310 436 312
441 310 437 313
442 310 439 312
444 310 441 312
446 310 443 312
447 310 445 312
449 310 446 312
451 310 448 312
453 310 449 312
454 310 451 313
456 310 453 313
458 310 455 313
459 310 457 313
461 310 459 313
463 310 461 313
464 310 462 313
466 310 464 313
468 310 466 313
470 310 467 313
471 310 469 313
473 310 471 313
475 310 472 313
476 310 474 313
480 310 481 312
420 312 417 314
422 312 418 314
424 312 421 314
434 312 432 315
437 312 434 315
439 312 436 315
441 312 437 314
442 312 439 314
444 312 441 314
446 312 443 314
447 312 444 314
449 312 446 314
451 312 448 314
453 312 450 314
458 312 455 315
459 312 456 315
463 312 461 315
464 312 462 315
466 312 464 315
468 312 466 315
470 312 467 315
471 312 469 315
473 312 471 315
475 312 472 315
478 312 479 313
480 312 481 313
420 313 416 316
422 313 419 316
424 313 421 316
425 313 423 316
429 313 427 316
432 313 430 316
434 313 432 316
437 313 434 316
439 313 436 316
441 313 437 316
444 313 441 316
446 313 442 316
447 313 444 316
449 313 446 315
451 313 448 315
453 313 449 315
454 313 451 315
456 313 453 316
459 313 456 316
461 313 458 316
463 313 460 316
464 313 462 316
466 313 464 316
468 313 466 316
470 313 467 316
471 313 469 316
473 313 471 317
475 313 472 317
478 313 479 315
422 315 418 318
424 315 421 318
425 315 423 318
429 315 425 318
432 315 429 318
434 315 432 318
444 315 441 317
446 315 443 317
447 315 444 317
449 315 446 317
451 315 448 317
453 315 449 317
454 315 452 318
456 315 453 317
458 315 455 318
459 315 456 318
461 315 458 318
463 315 460 318
464 315 462 318
466 315 464 318
468 315 466 318
470 315 467 318
471 315 469 318
473 315 470 319
475 315 472 319
424 317 421 320
425 317 423 320
429 317 426 320
430 317 428 320
432 317 430 320
434 317 432 320
437 317 434 319
439 317 436 319
441 317 438 319
442 317 439 319
444 317 441 319
447 317 444 319
449 317 446 319
451 317 448 319
453 317 450 319
456 317 453 319
458 317 455 320
459 317 457 320
461 317 458 320
463 317 460 320
464 317 462 320
466 317 464 320
468 317 466 320
470 317 467 320
475 317 472 321
478 317 479 317
480 317 480 317
424 318 424 327
427 318 425 321
429 318 427 322
430 318 428 322
432 318 430 321
434 318 432 321
437 318 434 321
439 318 436 321
441 318 438 321
442 318 439 321
446 318 443 321
447 318 444 321
449 318 446 321
451 318 448 321
453 318 450 321
454 318 451 321
456 318 453 321
464 318 462 321
466 318 464 321
429 320 426 323
430 320 428 323
432 320 430 323
434 320 432 323
436 320 433 323
437 320 434 322
439 320 436 322
441 320 438 322
442 320 440 323
444 320 441 323
446 320 443 323
447 320 445 323
449 320 446 322
451 320 448 322
453 320 449 322
454 320 451 323
456 320 453 323
458 320 455 323
459 320 457 322
461 320 458 322
463 320 460 323
466 320 464 323
430 322 428 325
432 322 430 325
434 322 432 325
436 322 433 325
437 322 435 325
439 322 436 324
441 322 438 324
442 322 439 324
444 322 441 324
446 322 443 325
447 322 445 324
449 322 446 324
451 322 448 324
453 322 450 324
454 322 451 324
456 322 453 324
458 322 455 324
459 322 456 324
461 322 458 324
463 322 461 324
464 322 462 324
468 322 465 324
475 322 474 322
430 324 427 327
434 324 431 327
436 324 433 327
437 324 435 327
439 324 437 327
442 324 439 326
447 324 445 326
449 324 446 326
451 324 448 326
453 324 450 326
454 324 451 326
456 324 453 326
458 324 455 326
459 324 456 326
461 324 458 326
463 324 460 326
464 324 462 326
470 324 470 324
471 324 472 324
473 324 473 324
475 324 476 324
436 325 433 328
437 325 435 328
439 325 437 328
442 325 440 328
444 325 441 328
446 325 443 328
447 325 445 328
449 325 446 328
451 325 448 328
453 325 450 328
454 325 451 328
456 325 453 328
459 325 456 328
461 325 458 328
463 325 460 328
464 325 462 328
470 325 470 325
471 325 472 325
473 325 474 325
432 327 429 331
434 327 431 330
436 327 433 330
437 327 435 330
439 327 437 330
442 327 440 330
444 327 441 329
446 327 443 330
447 327 445 329
449 327 447 329
451 327 448 330
453 327 450 329
454 327 452 330
456 327 453 330
458 327 455 330
459 327 456 330
461 327 458 329
463 327 460 330
470 327 470 327
471 327 472 327
473 327 473 327
436 329 434 332
437 329 436 332
439 329 437 332
441 329 439 332
442 329 441 332
449 329 447 331
451 329 448 331
453 329 450 331
454 329 452 331
456 329 453 331
458 329 455 331
459 329 456 331
461 329 459 331
464 329 462 331
468 329 467 329
470 329 470 329
471 329 472 329
441 330 439 334
442 330 441 334
446 330 443 333
447 330 445 333
449 330 447 333
451 330 448 333
453 330 450 333
454 330 451 333
456 330 453 333
458 330 455 333
459 330 457 333
461 330 458 333
463 330 460 333
466 330 463 334
473 330 472 333
444 332 443 336
447 332 445 335
451 332 449 335
454 332 452 335
456 332 453 335
458 332 455 335
463 332 462 335
466 332 467 335
471 332 470 335
473 332 472 334
451 334 449 337
454 334 451 337
456 334 453 337
458 334 455 337
459 334 457 337
461 334 459 337
464 334 462 337
466 334 463 337
468 334 465 337
470 334 467 337
