464 288 422 321
466 288 424 322
463 290 420 322
464 290 422 323
466 290 423 324
463 291 419 324
464 291 421 324
466 291 423 325
459 293 415 325
463 293 419 326
464 293 420 326
466 293 422 326
470 293 425 328
456 295 411 326
458 295 412 326
459 295 414 327
461 295 416 327
463 295 418 328
466 295 421 328
468 295 423 329
470 295 425 329
456 296 410 328
458 296 412 328
459 296 413 328
461 296 415 329
463 296 417 329
464 296 419 329
466 296 420 330
468 296 422 330
470 296 424 331
471 296 425 331
454 298 406 326
458 298 411 330
459 298 413 330
461 298 414 330
463 298 416 331
464 298 418 331
466 298 419 331
468 298 421 332
470 298 423 332
441 300 393 325
442 300 394 325
446 300 399 328
454 300 407 330
458 300 410 331
459 300 412 332
461 300 414 332
463 300 415 332
464 300 417 333
466 300 419 333
468 300 421 334
470 300 422 334
441 301 392 328
442 301 394 327
446 301 398 330
449 301 400 329
451 301 402 328
456 301 408 332
458 301 410 333
459 301 411 333
461 301 413 334
463 301 415 334
464 301 416 335
466 301 418 335
468 301 420 335
470 301 422 335
439 303 390 329
441 303 392 329
442 303 393 330
444 303 395 331
446 303 397 332
449 303 400 331
451 303 401 331
456 303 407 334
458 303 409 334
459 303 411 335
463 303 413 335
468 303 419 337
470 303 421 337
471 303 422 337
436 305 387 329
437 305 388 330
439 305 390 331
441 305 392 331
442 305 393 332
444 305 395 332
446 305 396 333
451 305 401 333
454 305 403 336
456 305 405 336
459 305 409 337
461 305 411 337
464 305 414 337
466 305 416 337
468 305 418 338
471 305 421 339
473 305 423 339
437 307 389 332
439 307 391 333
446 307 396 334
447 307 397 335
449 307 398 334
456 307 404 338
459 307 408 338
461 307 410 339
463 307 412 339
464 307 413 339
466 307 416 339
468 307 417 340
470 307 419 340
471 307 420 341
473 307 422 341
441 308 392 334
444 308 393 334
449 308 398 337
452 308 402 338
458 308 406 339
459 308 407 340
461 308 409 340
463 308 411 340
466 308 415 341
471 308 420 342
473 308 422 342
475 308 424 342
444 310 393 336
447 310 395 336
458 310 405 341
459 310 407 341
461 310 409 341
464 310 412 342
466 310 414 342
471 310 419 344
473 310 421 344
441 312 388 334
454 312 401 341
456 312 403 342
458 312 404 343
459 312 406 343
464 312 412 344
466 312 413 344
468 312 415 344
442 313 390 337
447 313 394 338
449 313 396 339
451 313 398 339
452 313 399 340
454 313 400 343
456 313 402 344
458 313 404 344
459 313 405 344
461 313 407 345
464 313 411 345
466 313 412 346
468 313 414 346
470 313 416 346
454 315 400 344
456 315 402 345
458 315 403 345
459 315 404 346
461 315 406 346
463 315 409 346
464 315 410 347
466 315 412 347
468 315 414 347
446 317 392 341
447 317 393 342
449 317 394 343
456 317 401 346
458 317 403 347
459 317 404 348
461 317 406 348
463 317 407 348
464 317 409 348
466 317 411 349
471 317 418 350
444 318 389 342
446 318 391 343
447 318 393 344
449 318 394 344
451 318 395 345
452 318 397 345
456 318 400 348
458 318 402 348
459 318 403 349
464 318 408 350
466 318 411 350
436 320 382 337
444 320 389 343
446 320 391 344
447 320 392 345
449 320 393 346
451 320 395 346
452 320 396 347
456 320 400 349
458 320 401 350
459 320 403 351
461 320 404 350
463 320 406 351
464 320 408 351
466 320 410 351
447 322 391 346
449 322 393 347
451 322 394 348
452 322 396 349
458 322 400 352
461 322 404 352
463 322 406 352
464 322 407 353
466 322 409 353
449 324 392 349
451 324 394 349
452 324 395 350
456 324 398 351
461 324 403 354
463 324 405 354
464 324 407 354
451 325 393 351
461 325 402 355
