458 286 410 309
466 286 426 309
468 286 428 309
470 286 429 309
459 288 418 315
461 288 421 315
463 288 423 316
464 288 425 316
468 288 427 311
458 290 415 314
459 290 418 317
461 290 420 318
463 290 423 318
464 290 425 318
458 291 415 317
459 291 417 317
461 291 420 319
463 291 422 320
464 291 424 320
471 291 433 322
458 293 414 319
459 293 417 319
461 293 419 321
463 293 422 322
464 293 424 322
458 295 414 321
461 295 419 323
463 295 421 324
464 295 424 324
468 295 428 325
470 295 431 326
432 296 386 317
436 296 388 317
454 296 406 319
458 296 414 322
459 296 415 322
461 296 419 325
463 296 421 326
464 296 423 326
466 296 425 326
468 296 428 327
470 296 430 327
471 296 432 328
432 298 385 319
434 298 387 319
439 298 391 320
454 298 406 321
456 298 410 321
458 298 413 324
459 298 415 325
461 298 419 327
463 298 420 327
464 298 422 328
466 298 425 328
468 298 428 328
470 298 429 329
471 298 431 329
473 298 434 330
481 298 438 317
424 300 379 320
425 300 381 320
432 300 385 321
434 300 387 321
441 300 390 323
442 300 393 322
444 300 396 323
447 300 398 323
452 300 405 324
454 300 408 325
458 300 413 326
459 300 415 327
461 300 418 329
463 300 420 329
464 300 422 330
466 300 424 330
468 300 426 330
470 300 429 331
471 300 431 331
473 300 434 332
424 301 380 322
425 301 381 322
427 301 382 322
436 301 386 323
437 301 388 323
442 301 393 324
444 301 396 325
447 301 398 325
449 301 401 325
451 301 403 325
452 301 406 327
454 301 407 327
459 301 416 328
461 301 416 330
463 301 420 331
464 301 422 332
466 301 424 332
468 301 426 332
470 301 429 332
471 301 431 333
473 301 433 334
481 301 438 321
422 303 378 323
425 303 381 324
427 303 382 324
429 303 384 324
436 303 386 324
437 303 388 324
439 303 390 325
441 303 392 325
442 303 394 326
444 303 396 327
446 303 397 326
447 303 398 327
449 303 401 327
451 303 403 328
452 303 405 329
454 303 407 329
458 303 411 330
461 303 415 332
463 303 417 332
464 303 421 333
466 303 424 334
468 303 426 334
470 303 428 334
471 303 430 335
473 303 433 336
420 305 378 326
424 305 380 326
427 305 382 326
436 305 387 326
439 305 390 326
441 305 391 327
442 305 394 328
444 305 396 329
446 305 397 328
447 305 398 329
449 305 400 330
451 305 403 330
454 305 407 331
456 305 408 332
461 305 415 334
463 305 417 334
464 305 421 334
466 305 423 335
468 305 425 336
470 305 428 336
471 305 430 337
473 305 432 338
475 305 434 338
478 305 439 339
422 307 378 328
424 307 379 328
425 307 381 328
427 307 382 328
429 307 384 328
432 307 386 328
436 307 388 329
437 307 390 329
439 307 391 329
441 307 392 330
444 307 395 330
446 307 397 330
447 307 399 331
449 307 400 332
451 307 403 332
452 307 404 332
454 307 407 333
464 307 420 337
466 307 422 337
468 307 425 338
470 307 428 338
471 307 429 339
473 307 432 339
475 307 434 340
476 307 437 340
424 308 380 330
425 308 381 330
429 308 384 330
430 308 385 330
434 308 387 331
436 308 389 331
439 308 390 331
441 308 392 331
442 308 394 332
446 308 397 332
447 308 398 333
451 308 402 333
452 308 404 334
454 308 406 334
456 308 409 334
461 308 415 337
463 308 417 338
464 308 420 338
466 308 422 339
468 308 425 340
470 308 427 340
471 308 429 340
473 308 431 341
475 308 434 341
476 308 437 342
422 310 379 332
429 310 383 332
430 310 384 332
432 310 386 333
434 310 387 333
436 310 389 333
437 310 390 333
442 310 394 334
444 310 396 334
447 310 398 334
449 310 400 334
451 310 401 335
452 310 403 336
454 310 405 337
456 310 407 337
458 310 409 338
466 310 421 341
468 310 424 342
470 310 427 342
471 310 429 343
473 310 431 343
475 310 433 343
420 312 378 334
427 312 380 334
430 312 384 334
432 312 386 335
434 312 388 335
436 312 390 335
439 312 392 336
441 312 393 336
444 312 395 336
447 312 398 336
449 312 399 336
451 312 401 337
452 312 403 337
456 312 407 339
466 312 421 342
468 312 423 342
470 312 426 344
471 312 428 344
473 312 431 344
475 312 433 345
420 313 378 335
425 313 380 336
427 313 382 336
432 313 386 337
434 313 388 337
436 313 389 337
439 313 391 337
441 313 393 338
442 313 395 338
446 313 397 338
449 313 399 338
451 313 401 338
452 313 402 339
454 313 404 340
464 313 419 343
470 313 425 345
471 313 428 346
473 313 430 346
430 315 384 338
446 315 397 340
449 315 399 340
451 315 401 340
452 315 402 341
454 315 404 341
456 315 406 342
458 315 409 344
466 315 420 345
468 315 423 345
429 317 383 340
430 317 385 340
434 317 388 341
436 317 389 341
439 317 391 341
441 317 393 341
442 317 394 342
444 317 413 339
447 317 398 342
449 317 400 342
452 317 402 343
454 317 404 344
456 317 406 343
458 317 409 346
459 317 410 346
461 317 412 346
463 317 414 347
466 317 420 347
470 317 424 347
427 318 382 343
430 318 385 343
436 318 389 342
437 318 390 344
441 318 393 343
442 318 394 344
444 318 396 344
447 318 398 345
449 318 400 344
451 318 401 344
454 318 404 345
456 318 406 346
458 318 407 346
459 318 410 348
461 318 412 348
466 318 420 349
470 318 423 350
427 320 382 345
429 320 384 345
432 320 386 345
434 320 388 345
436 320 389 346
439 320 392 346
442 320 394 346
444 320 396 346
446 320 397 346
449 320 400 346
451 320 401 346
452 320 402 347
456 320 405 347
458 320 407 348
459 320 410 350
461 320 412 350
463 320 414 350
464 320 416 350
466 320 418 350
470 320 423 352
480 320 437 348
432 322 386 347
434 322 388 347
436 322 389 348
437 322 391 348
444 322 396 348
446 322 397 348
449 322 400 348
451 322 401 349
452 322 402 349
454 322 404 349
458 322 407 349
459 322 409 350
463 322 414 351
464 322 416 352
466 322 418 352
430 324 385 349
434 324 387 349
436 324 389 349
437 324 390 350
441 324 393 349
444 324 396 350
446 324 397 350
447 324 398 350
451 324 401 351
452 324 402 351
454 324 404 351
458 324 407 352
459 324 408 352
461 324 411 353
463 324 413 353
464 324 416 353
478 324 430 356
480 324 439 352
434 325 387 351
436 325 389 351
437 325 390 352
441 325 392 351
442 325 394 352
446 325 397 352
447 325 398 352
449 325 400 352
452 325 402 353
454 325 404 353
456 325 405 353
459 325 408 354
461 325 410 354
463 325 413 355
464 325 415 355
432 327 388 353
441 327 392 353
442 327 394 354
444 327 396 354
447 327 398 354
449 327 399 354
451 327 401 355
454 327 404 355
456 327 405 355
458 327 407 356
459 327 408 356
434 329 392 356
442 329 394 355
449 329 399 356
456 329 405 357
458 329 407 358
459 329 408 358
461 329 410 358
434 330 393 358
436 330 397 359
456 330 405 359
458 330 408 359
463 330 442 343
468 332 420 360
452 334 408 362
454 334 410 362
464 334 411 362
468 334 419 362
470 334 421 362
