427 317 418 327
423 318 415 329
423 320 414 330
436 322 422 330
429 324 417 333
425 325 413 334
429 325 416 335
431 325 418 335
422 327 410 337
425 327 413 336
438 327 422 334
439 327 423 334
436 329 420 336
438 329 421 336
439 329 423 336
381 331 372 320
436 331 419 338
438 331 420 338
381 333 372 322
382 333 373 322
432 333 416 339
436 333 418 339
438 333 420 339
441 333 422 338
381 334 372 323
382 334 373 324
432 334 416 340
436 336 417 341
441 336 421 340
439 338 420 341
425 342 408 348
395 349 379 336
