409 308 407 317
413 308 412 317
416 308 414 313
420 308 418 316
423 308 421 316
425 308 424 313
427 308 424 316
429 308 426 316
431 308 426 313
432 308 428 314
434 308 429 313
436 308 431 313
438 308 433 313
409 309 407 319
411 309 410 318
414 309 413 317
418 309 415 316
422 309 419 318
423 309 420 318
427 309 423 317
431 309 426 317
432 309 428 317
434 309 429 317
439 309 434 315
388 311 388 321
390 311 390 321
397 311 395 321
398 311 397 321
409 311 408 320
411 311 410 320
422 311 419 319
423 311 420 319
425 311 422 319
427 311 423 319
431 311 426 319
432 311 427 319
434 311 429 319
391 313 391 321
395 313 393 322
397 313 395 322
409 313 408 322
411 313 409 322
414 313 412 322
422 313 418 321
423 313 420 321
425 313 421 321
427 313 423 321
431 313 425 321
432 313 427 321
434 313 429 321
409 315 407 324
413 315 410 324
414 315 412 324
416 315 413 323
420 315 416 323
422 315 418 323
423 315 419 323
425 315 421 323
427 315 422 323
431 315 425 323
432 315 427 323
390 317 389 323
391 317 391 323
393 317 392 324
395 317 394 324
397 317 396 325
398 317 397 324
409 317 407 325
413 317 410 325
414 317 411 325
416 317 413 325
420 317 416 325
422 317 417 325
423 317 419 325
425 317 420 324
427 317 422 324
431 317 425 325
432 317 426 325
434 317 428 324
438 317 430 324
390 318 389 325
391 318 391 325
393 318 392 326
395 318 394 326
397 318 395 326
398 318 397 327
409 318 406 326
413 318 409 326
414 318 411 327
416 318 412 326
420 318 415 326
423 318 418 326
425 318 420 326
427 318 422 326
431 318 424 326
434 318 428 325
438 318 430 326
439 318 432 324
390 320 389 327
393 320 392 327
395 320 394 328
397 320 395 328
398 320 397 329
406 320 403 328
407 320 405 328
409 320 406 328
416 320 412 328
420 320 415 328
422 320 416 327
425 320 419 328
427 320 421 328
431 320 424 328
434 320 427 327
438 320 430 328
439 320 431 328
441 320 435 329
390 322 388 328
391 322 391 328
402 322 399 328
404 322 401 329
406 322 403 330
407 322 404 330
409 322 406 330
413 322 409 330
414 322 410 330
416 322 412 330
420 322 414 330
422 322 416 329
423 322 417 329
427 322 420 329
429 322 422 329
432 322 425 329
436 322 428 329
438 322 429 330
439 322 431 330
441 322 435 330
395 324 394 330
400 324 397 330
402 324 399 330
404 324 401 331
406 324 402 331
407 324 404 332
409 324 405 332
413 324 408 331
414 324 410 332
416 324 411 332
420 324 414 332
422 324 416 330
423 324 417 331
427 324 420 331
429 324 422 331
431 324 423 331
432 324 425 331
436 324 427 331
438 324 429 331
439 324 431 332
395 325 393 331
400 325 397 333
402 325 398 332
404 325 400 332
406 325 402 333
407 325 403 333
409 325 405 334
413 325 408 333
414 325 409 333
416 325 411 333
422 325 415 333
423 325 416 333
427 325 419 332
429 325 421 332
431 325 423 332
432 325 424 332
436 325 427 332
438 325 429 333
441 325 432 332
402 327 398 334
404 327 400 334
406 327 401 335
407 327 403 335
411 327 406 335
414 327 409 334
420 327 413 334
422 327 415 334
423 327 416 334
427 327 419 334
431 327 422 334
432 327 424 334
436 327 426 334
439 327 429 334
386 329 381 326
390 329 385 326
402 329 398 336
404 329 399 336
406 329 401 337
407 329 402 337
413 329 408 336
416 329 411 335
420 329 413 336
422 329 414 336
423 329 416 336
429 329 420 335
431 329 422 335
434 329 424 335
436 329 426 336
438 329 428 335
439 329 429 335
443 329 432 335
447 329 440 337
386 331 380 327
388 331 382 327
390 331 384 328
398 331 394 335
400 331 395 336
406 331 401 339
411 331 405 338
413 331 407 338
416 331 409 338
418 331 411 338
422 331 414 338
423 331 415 338
427 331 418 337
429 331 420 337
431 331 421 337
434 331 424 337
436 331 425 337
438 331 427 337
439 331 429 337
443 331 431 337
386 333 380 329
388 333 382 329
409 333 403 340
411 333 404 340
413 333 406 340
414 333 408 340
420 333 412 340
422 333 413 340
425 333 416 340
427 333 418 339
429 333 419 339
432 333 422 339
434 333 424 339
438 333 427 339
441 333 429 338
445 333 433 338
404 334 398 339
406 334 399 338
407 334 401 341
409 334 402 341
411 334 404 341
413 334 405 341
418 334 410 341
420 334 412 341
422 334 413 341
427 334 417 340
429 334 419 340
432 334 422 340
434 334 423 340
436 334 425 340
438 334 426 340
441 334 429 340
443 334 430 339
445 334 432 339
448 334 435 339
395 336 388 336
397 336 390 337
404 336 397 340
406 336 399 340
409 336 402 343
411 336 404 343
413 336 405 343
418 336 410 343
420 336 411 343
422 336 413 342
425 336 415 342
427 336 417 342
431 336 420 342
436 336 425 342
438 336 426 342
441 336 428 342
443 336 430 341
445 336 432 341
448 336 435 341
402 338 395 341
404 338 396 342
406 338 398 342
407 338 400 342
414 338 407 344
418 338 409 344
420 338 411 344
423 338 414 344
425 338 415 344
427 338 416 344
432 338 421 343
434 338 422 343
436 338 424 343
438 338 426 343
441 338 428 343
443 338 430 343
445 338 432 343
448 338 434 343
390 340 381 335
402 340 394 343
404 340 396 343
406 340 398 344
407 340 399 344
409 340 401 344
411 340 403 345
416 340 407 346
418 340 409 346
420 340 410 346
425 340 415 345
427 340 416 345
431 340 419 345
432 340 420 345
434 340 422 345
436 340 424 345
438 340 425 345
443 340 430 344
445 340 432 344
447 340 433 345
448 340 435 345
390 342 381 336
391 342 382 336
406 342 397 345
407 342 399 345
409 342 401 346
414 342 405 347
416 342 407 348
418 342 408 347
420 342 410 347
423 342 412 347
425 342 414 347
427 342 416 347
431 342 419 347
432 342 420 347
434 342 422 347
436 342 423 347
438 342 425 347
439 342 427 347
443 342 430 346
445 342 432 346
390 343 380 338
393 343 384 339
398 343 390 342
407 343 399 347
409 343 400 348
413 343 403 348
414 343 405 349
416 343 406 349
418 343 408 349
420 343 409 349
423 343 412 349
425 343 414 349
427 343 415 348
431 343 419 348
432 343 420 348
434 343 421 349
436 343 423 349
438 343 425 350
447 343 433 348
448 343 441 341
388 345 378 338
391 345 382 339
395 345 385 341
398 345 389 344
400 345 391 344
406 345 396 347
407 345 397 347
409 345 400 350
413 345 403 350
414 345 404 351
416 345 406 351
418 345 407 351
423 345 412 350
425 345 414 350
427 345 415 350
434 345 421 351
391 347 381 341
395 347 385 343
400 347 390 345
402 347 392 346
406 347 396 348
407 347 397 349
409 347 399 349
413 347 402 352
414 347 404 352
416 347 405 352
420 347 409 352
423 347 412 352
425 347 413 352
427 347 415 352
432 347 419 352
443 347 430 350
398 349 388 346
400 349 390 347
402 349 391 347
404 349 393 348
411 349 400 351
413 349 402 354
414 349 404 354
416 349 405 354
418 349 407 354
420 349 409 354
423 349 411 354
425 349 413 354
395 350 383 343
398 350 388 347
404 350 393 350
406 350 395 351
407 350 396 351
409 350 398 352
411 350 400 353
413 350 402 355
414 350 403 355
418 350 406 355
420 350 408 355
422 350 410 355
400 352 389 349
414 352 403 357
418 352 407 357
420 352 409 357
429 352 428 350
425 354 424 352
429 354 428 352
397 361 403 359
398 361 404 359
