411 308 410 319
420 308 417 315
423 308 421 317
425 308 422 317
432 308 427 314
434 308 429 314
411 309 410 320
413 309 412 320
414 309 413 319
418 309 416 318
422 309 419 319
423 309 420 319
425 309 421 319
429 309 424 319
431 309 426 319
432 309 427 319
411 311 409 322
413 311 411 322
420 311 417 320
422 311 418 320
423 311 420 321
425 311 421 321
429 311 424 320
431 311 425 320
432 311 427 320
409 313 408 323
413 313 410 324
414 313 412 323
416 313 413 323
420 313 416 322
422 313 418 322
423 313 419 322
425 313 420 322
429 313 423 322
431 313 424 322
432 313 426 322
409 315 407 325
411 315 409 325
413 315 410 325
416 315 413 325
420 315 416 324
422 315 417 324
423 315 419 324
425 315 420 324
427 315 422 324
431 315 424 324
432 315 425 324
409 317 406 326
411 317 408 326
413 317 410 326
414 317 411 326
416 317 412 326
420 317 415 325
422 317 417 325
423 317 418 325
425 317 420 325
427 317 421 325
431 317 424 325
432 317 425 325
388 318 387 326
409 318 406 328
411 318 408 328
413 318 409 328
414 318 411 328
416 318 412 328
420 318 415 327
422 318 416 327
423 318 418 327
425 318 419 327
429 318 422 326
431 318 424 326
390 320 389 328
391 320 391 328
406 320 403 329
407 320 405 329
411 320 407 330
413 320 409 329
414 320 410 329
416 320 412 329
418 320 413 329
420 320 414 329
422 320 416 328
423 320 417 328
429 320 421 328
434 320 425 328
391 322 391 330
393 322 392 330
400 322 398 329
402 322 399 329
404 322 401 329
407 322 404 331
414 322 410 331
416 322 411 331
418 322 413 331
422 322 415 330
423 322 417 330
427 322 419 330
429 322 420 330
432 322 423 330
434 322 425 329
393 324 392 331
395 324 394 331
400 324 397 331
402 324 399 331
409 324 405 333
411 324 406 333
413 324 408 333
414 324 409 333
416 324 411 332
420 324 413 333
422 324 415 332
427 324 418 332
429 324 420 332
432 324 422 332
434 324 424 331
436 324 426 331
395 325 394 333
400 325 397 333
406 325 401 333
409 325 404 334
411 325 406 334
413 325 407 334
414 325 409 334
416 325 411 334
422 325 414 334
425 325 417 332
427 325 418 333
429 325 419 333
431 325 421 333
434 325 424 332
436 325 425 332
398 327 395 333
400 327 396 334
402 327 398 334
404 327 400 335
409 327 404 336
411 327 405 336
413 327 407 336
414 327 408 336
420 327 412 335
422 327 413 335
425 327 416 335
427 327 418 335
429 327 419 335
434 327 423 334
436 327 425 334
404 329 399 336
406 329 400 336
407 329 402 338
411 329 405 338
414 329 408 337
418 329 410 337
420 329 412 336
422 329 413 337
425 329 416 337
427 329 417 336
432 329 421 336
434 329 423 336
436 329 424 335
439 329 426 335
406 331 400 338
413 331 406 338
416 331 408 339
418 331 409 339
423 331 414 339
425 331 415 339
431 331 419 337
432 331 421 337
434 331 422 337
436 331 424 337
439 331 426 337
407 333 401 340
409 333 402 341
411 333 404 340
413 333 406 340
416 333 408 340
420 333 411 340
422 333 412 340
429 333 417 338
431 333 419 339
432 333 420 339
434 333 422 339
439 333 426 339
402 334 395 339
404 334 397 339
407 334 400 342
409 334 402 342
413 334 405 341
416 334 407 342
418 334 409 342
420 334 410 341
423 334 413 341
425 334 414 340
429 334 417 340
431 334 418 340
432 334 420 340
434 334 421 340
438 334 423 340
439 334 425 340
441 334 426 340
411 336 403 343
413 336 404 343
416 336 407 343
420 336 410 343
423 336 412 343
425 336 414 342
429 336 416 341
431 336 418 342
432 336 419 342
434 336 421 342
438 336 423 341
439 336 425 341
406 338 398 342
411 338 402 345
414 338 405 345
416 338 406 345
418 338 408 344
422 338 410 344
423 338 412 344
425 338 413 344
429 338 416 343
431 338 417 343
432 338 419 343
434 338 420 343
436 338 422 343
441 338 426 342
414 340 405 346
418 340 408 346
422 340 410 346
425 340 413 345
429 340 415 345
431 340 417 345
432 340 418 345
434 340 420 345
436 340 421 345
439 340 424 345
441 340 425 345
406 342 396 344
407 342 398 344
409 342 400 345
411 342 401 346
413 342 403 347
414 342 404 348
416 342 406 347
418 342 407 347
423 342 411 347
425 342 412 347
429 342 415 346
431 342 416 346
432 342 418 347
436 342 421 346
438 342 423 346
404 343 394 345
406 343 395 346
407 343 397 346
409 343 399 346
411 343 400 347
413 343 402 349
416 343 405 349
418 343 406 349
422 343 409 348
423 343 410 348
425 343 412 349
429 343 415 348
431 343 416 348
432 343 418 348
404 345 393 347
406 345 395 347
407 345 396 347
414 345 403 350
416 345 404 350
418 345 406 350
422 345 408 350
423 345 410 350
425 345 411 350
427 345 414 349
429 345 414 350
409 347 398 349
411 347 399 349
413 347 400 352
414 347 402 352
416 347 404 352
420 347 406 352
422 347 408 351
423 347 410 352
425 347 411 352
413 349 400 354
414 349 402 353
416 349 403 353
423 349 409 353
425 349 411 353
414 350 401 355
416 350 403 355
422 350 407 354
423 350 409 355
