409 308 408 310
416 308 415 309
418 308 417 309
420 308 419 309
423 308 422 309
425 308 424 309
427 308 426 309
429 308 428 309
431 308 430 309
434 308 433 309
436 308 434 309
438 308 436 309
409 309 408 311
411 309 410 311
413 309 412 311
414 309 414 311
420 309 419 311
425 309 424 311
431 309 430 311
434 309 433 311
436 309 434 310
438 309 436 311
388 311 388 313
391 311 391 313
411 311 410 313
413 311 412 313
418 311 417 313
422 311 421 313
423 311 423 313
425 311 424 313
429 311 428 313
431 311 430 313
434 311 433 313
436 311 434 312
438 311 436 312
439 311 439 312
386 313 385 314
388 313 388 316
391 313 391 314
393 313 393 314
395 313 394 315
397 313 396 315
409 313 408 315
411 313 410 315
413 313 412 315
416 313 415 315
418 313 417 314
422 313 421 315
423 313 422 315
425 313 424 315
427 313 426 315
434 313 433 315
381 315 379 316
382 315 381 316
390 315 389 316
391 315 391 316
393 315 393 316
395 315 394 316
397 315 396 316
409 315 408 317
411 315 410 317
413 315 412 317
416 315 415 316
420 315 419 316
422 315 421 316
423 315 422 316
425 315 424 317
427 315 426 317
429 315 428 317
434 315 433 317
439 315 438 316
441 315 441 315
381 317 379 318
382 317 382 317
384 317 384 318
388 317 388 319
390 317 389 318
391 317 391 318
393 317 393 318
395 317 394 318
411 317 410 318
413 317 412 318
414 317 414 318
418 317 417 318
422 317 421 318
423 317 422 318
427 317 426 318
429 317 428 318
431 317 430 318
438 317 436 318
439 317 438 318
381 318 379 319
384 318 384 319
391 318 391 320
393 318 393 320
398 318 398 320
409 318 408 320
411 318 410 320
413 318 412 320
416 318 415 320
418 318 417 320
420 318 419 320
422 318 421 320
423 318 422 320
425 318 424 320
427 318 426 320
429 318 428 320
432 318 431 320
434 318 433 320
438 318 436 320
381 320 379 321
382 320 382 321
386 320 385 321
388 320 387 322
391 320 391 321
395 320 394 322
400 320 398 321
406 320 405 321
409 320 408 322
411 320 410 322
413 320 412 322
418 320 417 322
420 320 419 322
422 320 421 322
423 320 422 322
425 320 424 322
427 320 426 321
429 320 428 322
431 320 430 322
432 320 431 322
434 320 433 322
436 320 435 322
381 322 379 323
382 322 381 322
384 322 383 323
386 322 385 323
388 322 387 323
391 322 390 323
393 322 392 323
395 322 394 323
402 322 401 323
404 322 403 323
407 322 406 324
409 322 408 324
416 322 415 324
420 322 419 324
422 322 421 323
423 322 423 323
425 322 424 323
427 322 426 323
431 322 429 323
432 322 431 324
434 322 433 324
436 322 434 324
438 322 436 324
439 322 438 324
443 322 441 323
381 324 379 324
382 324 382 324
384 324 383 324
388 324 387 325
393 324 392 325
395 324 394 325
397 324 396 325
400 324 399 325
402 324 401 325
404 324 403 325
406 324 405 326
407 324 406 326
414 324 414 326
416 324 415 326
418 324 417 325
420 324 419 325
422 324 421 325
423 324 422 325
425 324 424 325
427 324 426 325
431 324 429 325
432 324 431 325
434 324 433 325
436 324 435 325
439 324 438 325
441 324 439 325
443 324 441 325
381 325 379 326
382 325 382 326
384 325 383 326
388 325 387 327
390 325 389 327
391 325 390 327
393 325 392 327
395 325 394 327
397 325 396 327
400 325 399 327
402 325 401 327
407 325 406 327
413 325 412 327
414 325 414 327
416 325 416 327
418 325 418 327
420 325 419 327
422 325 421 327
423 325 422 327
425 325 424 327
429 325 427 327
431 325 429 327
432 325 431 327
434 325 433 327
439 325 438 327
441 325 439 327
443 325 441 327
445 325 443 327
381 327 379 327
382 327 382 328
384 327 383 328
386 327 385 328
390 327 389 328
391 327 390 328
393 327 392 328
395 327 394 328
397 327 396 329
400 327 399 329
402 327 401 329
406 327 405 329
411 327 410 329
413 327 412 328
414 327 414 328
416 327 416 328
418 327 418 328
420 327 419 329
423 327 422 329
425 327 424 329
427 327 426 329
431 327 429 329
432 327 431 329
434 327 432 329
436 327 434 329
439 327 438 328
441 327 439 328
443 327 442 329
445 327 443 329
447 327 444 328
382 329 382 329
384 329 383 329
386 329 385 329
388 329 387 330
390 329 389 330
391 329 390 330
393 329 392 330
395 329 394 330
397 329 396 330
400 329 399 330
406 329 404 331
407 329 406 331
411 329 410 330
413 329 412 330
414 329 414 330
416 329 416 330
418 329 418 330
420 329 419 331
423 329 422 331
425 329 424 331
427 329 426 331
429 329 427 331
431 329 429 331
432 329 431 331
434 329 433 331
436 329 434 331
438 329 436 331
439 329 438 330
441 329 439 330
445 329 443 330
448 329 446 330
381 331 380 331
382 331 381 331
384 331 383 331
386 331 385 331
388 331 387 332
390 331 389 332
391 331 390 332
393 331 393 332
395 331 394 332
397 331 396 332
400 331 399 332
409 331 408 332
413 331 412 332
414 331 414 332
416 331 416 332
418 331 417 332
422 331 420 332
423 331 422 332
425 331 424 332
427 331 425 332
429 331 427 332
431 331 429 332
432 331 431 333
434 331 433 333
438 331 436 333
439 331 438 332
441 331 439 332
443 331 441 332
445 331 443 332
447 331 445 332
448 331 446 332
381 333 380 333
382 333 381 333
384 333 383 333
386 333 385 333
388 333 387 333
390 333 389 333
391 333 390 334
393 333 392 334
395 333 394 334
397 333 396 334
400 333 399 334
402 333 401 334
406 333 404 334
411 333 411 334
413 333 413 334
414 333 414 334
416 333 415 334
418 333 417 334
422 333 420 334
423 333 422 334
425 333 423 333
427 333 425 334
429 333 427 334
431 333 429 334
432 333 431 334
434 333 432 334
436 333 434 334
438 333 436 334
439 333 438 334
441 333 439 334
443 333 441 334
445 333 443 334
447 333 445 334
448 333 446 334
388 334 387 335
391 334 391 335
393 334 392 335
395 334 394 335
397 334 396 336
400 334 399 336
402 334 401 336
404 334 403 336
406 334 404 336
407 334 406 335
409 334 408 336
411 334 410 336
413 334 412 336
414 334 414 336
420 334 419 336
422 334 420 336
423 334 422 336
425 334 423 335
427 334 425 336
429 334 427 336
431 334 429 336
432 334 431 336
434 334 432 336
436 334 434 336
438 334 436 336
439 334 437 336
441 334 439 336
443 334 441 336
445 334 443 336
447 334 445 336
448 334 446 336
386 336 385 336
390 336 388 337
391 336 390 337
393 336 392 337
395 336 394 337
397 336 396 337
400 336 399 338
402 336 401 338
404 336 403 338
406 336 404 337
407 336 406 337
411 336 410 338
414 336 413 338
416 336 415 338
418 336 417 338
420 336 418 338
422 336 420 338
423 336 422 338
425 336 423 338
427 336 425 337
429 336 427 337
431 336 429 338
432 336 431 338
434 336 432 337
436 336 434 338
438 336 436 338
439 336 438 338
441 336 439 338
445 336 443 338
447 336 445 338
448 336 446 337
390 338 388 339
391 338 390 339
393 338 392 339
395 338 394 339
397 338 395 339
398 338 397 339
400 338 399 339
402 338 401 339
404 338 403 340
406 338 404 339
407 338 406 340
409 338 408 340
413 338 412 340
414 338 413 340
416 338 415 340
418 338 417 340
420 338 418 340
422 338 420 340
423 338 422 340
425 338 424 340
427 338 425 339
429 338 427 339
431 338 429 339
432 338 430 339
434 338 432 339
436 338 434 340
438 338 436 340
439 338 438 340
441 338 440 339
443 338 441 340
445 338 443 340
447 338 445 339
448 338 446 339
384 340 382 339
386 340 384 340
390 340 388 340
391 340 390 341
393 340 392 341
395 340 394 341
397 340 395 341
398 340 397 341
400 340 399 341
402 340 401 341
404 340 403 341
406 340 404 341
407 340 406 341
409 340 408 341
413 340 411 341
414 340 413 341
416 340 415 341
418 340 417 341
420 340 418 341
422 340 420 341
423 340 422 341
425 340 423 341
427 340 425 341
429 340 427 341
431 340 429 341
432 340 430 341
434 340 433 341
436 340 434 341
438 340 436 341
439 340 438 341
441 340 440 341
443 340 441 341
445 340 443 341
447 340 445 341
448 340 447 341
386 342 385 342
390 342 388 342
391 342 390 342
393 342 392 343
395 342 394 343
397 342 396 343
398 342 397 343
400 342 399 343
402 342 401 343
404 342 403 343
406 342 404 343
407 342 406 342
409 342 407 342
414 342 413 343
416 342 415 343
418 342 416 343
420 342 418 343
422 342 420 343
423 342 422 343
425 342 423 343
427 342 425 343
429 342 427 343
431 342 429 343
432 342 430 343
434 342 433 343
436 342 434 343
438 342 436 343
439 342 438 343
441 342 440 343
443 342 441 343
445 342 443 342
447 342 445 343
448 342 446 344
388 343 386 344
395 343 394 344
397 343 395 344
398 343 397 344
400 343 399 344
404 343 402 344
406 343 404 345
407 343 406 344
409 343 408 345
411 343 409 345
413 343 411 344
414 343 413 345
416 343 415 345
418 343 416 345
420 343 418 345
422 343 420 345
423 343 422 345
425 343 423 345
427 343 425 345
429 343 427 345
431 343 429 344
432 343 430 345
434 343 432 345
436 343 436 344
439 343 438 344
441 343 439 344
443 343 441 344
445 343 443 344
447 343 445 344
390 345 388 345
395 345 394 346
397 345 396 346
398 345 397 346
400 345 399 346
402 345 401 346
404 345 402 346
406 345 404 346
407 345 406 346
409 345 408 346
411 345 409 346
413 345 411 346
414 345 413 346
416 345 415 347
418 345 416 347
420 345 418 347
422 345 420 347
423 345 421 347
425 345 423 347
427 345 425 346
431 345 429 346
432 345 432 346
434 345 434 346
436 345 436 346
438 345 437 345
443 345 441 346
388 347 386 347
393 347 391 346
397 347 395 348
398 347 397 347
400 347 399 348
402 347 400 348
404 347 402 348
406 347 404 348
407 347 406 348
409 347 407 348
411 347 409 348
413 347 411 348
414 347 413 348
416 347 414 348
418 347 416 348
420 347 418 349
422 347 420 349
423 347 421 349
425 347 424 348
427 347 426 348
429 347 428 348
431 347 430 348
432 347 432 348
434 347 434 347
436 347 436 347
438 347 438 347
441 347 439 348
388 349 386 348
390 349 388 349
391 349 390 349
393 349 391 348
395 349 393 348
398 349 397 349
400 349 399 350
402 349 400 350
404 349 402 350
406 349 404 350
407 349 406 350
409 349 407 350
411 349 409 350
413 349 411 350
414 349 413 350
416 349 415 350
418 349 416 350
420 349 418 350
422 349 419 350
423 349 421 350
425 349 424 350
427 349 426 350
429 349 428 349
431 349 430 349
432 349 432 350
434 349 434 349
436 349 436 349
438 349 427 357
439 349 437 350
388 350 386 350
390 350 388 350
391 350 390 350
393 350 392 350
395 350 393 350
397 350 395 350
398 350 397 351
400 350 398 351
402 350 400 351
404 350 402 351
406 350 404 351
407 350 406 351
409 350 407 351
411 350 409 352
413 350 411 352
418 350 416 352
420 350 418 352
422 350 419 352
423 350 422 352
425 350 423 352
427 350 427 352
429 350 429 351
431 350 431 351
432 350 432 351
388 352 386 351
390 352 388 352
391 352 390 352
393 352 392 352
395 352 393 352
397 352 395 352
398 352 396 353
400 352 398 353
402 352 400 353
404 352 402 353
406 352 404 353
407 352 406 353
409 352 407 353
411 352 409 353
413 352 411 353
414 352 413 354
416 352 414 354
418 352 416 354
420 352 418 354
422 352 419 354
423 352 422 353
390 354 388 354
391 354 390 354
393 354 391 354
395 354 393 354
397 354 395 354
398 354 397 355
400 354 399 355
402 354 400 355
406 354 404 355
407 354 406 355
409 354 408 355
411 354 409 355
413 354 411 355
414 354 413 355
416 354 414 355
418 354 416 356
427 354 427 355
391 356 390 355
393 356 392 356
395 356 393 356
397 356 395 356
400 356 399 356
402 356 400 357
413 356 411 357
416 356 414 357
393 358 392 357
395 358 393 357
397 358 395 357
398 358 397 357
402 358 401 358
409 358 408 359
420 358 418 359
422 358 422 358
395 359 393 359
397 359 395 359
398 359 397 359
400 359 400 360
402 359 402 360
404 359 404 360
406 359 405 360
407 359 407 360
413 359 411 360
418 359 416 361
397 361 399 361
402 361 402 361
404 361 404 361
406 361 405 361
