409 308 408 311
413 308 412 312
414 308 413 309
420 308 419 312
422 308 420 312
423 308 422 312
425 308 424 312
427 308 425 312
429 308 427 312
431 308 429 311
434 308 431 310
436 308 433 310
409 309 408 314
411 309 410 313
413 309 412 314
416 309 415 314
418 309 417 314
420 309 418 314
422 309 420 314
423 309 421 314
425 309 423 314
427 309 425 314
429 309 427 314
431 309 429 314
432 309 430 314
436 309 433 311
438 309 435 311
409 311 408 316
411 311 410 315
413 311 412 315
414 311 413 316
420 311 418 315
422 311 420 315
423 311 421 315
425 311 423 315
427 311 425 315
429 311 427 315
431 311 428 315
432 311 430 315
436 311 433 314
390 313 389 317
391 313 391 317
393 313 392 317
395 313 394 317
397 313 396 317
398 313 397 317
409 313 407 318
411 313 409 318
414 313 413 317
416 313 414 317
418 313 416 317
420 313 418 317
422 313 420 317
423 313 421 317
425 313 423 317
427 313 425 317
429 313 427 317
431 313 428 317
432 313 430 317
434 313 432 317
436 313 433 317
438 313 435 316
390 315 389 319
391 315 391 319
393 315 392 319
395 315 394 319
397 315 396 319
398 315 397 319
413 315 411 319
414 315 413 319
416 315 414 319
418 315 416 319
420 315 418 319
422 315 420 319
423 315 421 319
425 315 423 319
427 315 425 319
429 315 427 319
431 315 428 319
432 315 430 319
436 315 433 319
439 315 436 318
390 317 389 321
391 317 390 320
393 317 392 320
395 317 394 320
397 317 396 321
398 317 397 321
409 317 407 321
411 317 409 321
414 317 413 321
416 317 414 321
418 317 416 321
420 317 418 321
422 317 420 321
423 317 421 321
425 317 423 321
427 317 425 321
429 317 426 321
431 317 428 321
434 317 432 321
439 317 436 320
388 318 387 322
390 318 389 322
391 318 391 322
393 318 392 322
395 318 394 322
398 318 397 322
413 318 411 322
414 318 412 323
416 318 414 323
418 318 416 323
420 318 418 323
422 318 420 323
423 318 421 323
425 318 423 323
427 318 425 322
439 318 436 322
441 318 438 322
382 320 380 320
384 320 382 320
386 320 385 324
388 320 387 324
390 320 389 323
393 320 392 324
395 320 394 324
397 320 395 324
398 320 397 324
407 320 405 324
409 320 407 324
413 320 411 324
414 320 412 324
416 320 414 324
418 320 416 324
420 320 417 324
422 320 419 324
423 320 421 324
425 320 423 324
427 320 425 324
429 320 427 324
431 320 428 324
432 320 430 324
434 320 431 324
438 320 434 324
439 320 436 324
443 320 440 326
382 322 380 321
397 322 395 326
404 322 402 325
406 322 404 326
407 322 405 326
409 322 407 326
411 322 409 326
413 322 410 326
414 322 412 326
416 322 414 326
418 322 416 326
420 322 417 326
422 322 419 326
423 322 421 326
425 322 423 326
427 322 425 326
429 322 426 325
431 322 428 326
432 322 429 326
434 322 431 326
438 322 434 326
439 322 436 326
441 322 437 326
443 322 439 326
382 324 380 323
384 324 382 323
390 324 388 327
393 324 392 327
395 324 393 327
400 324 398 327
406 324 404 328
407 324 405 328
409 324 407 328
411 324 409 328
413 324 410 328
414 324 412 328
416 324 414 328
418 324 416 328
420 324 417 328
422 324 419 328
423 324 420 328
425 324 422 328
427 324 424 328
429 324 426 328
431 324 427 328
434 324 431 328
438 324 434 328
439 324 435 327
441 324 437 328
443 324 439 328
384 325 382 325
386 325 383 324
391 325 390 328
393 325 392 328
395 325 393 328
397 325 395 328
400 325 398 328
402 325 399 328
404 325 401 328
407 325 405 329
409 325 407 330
411 325 409 329
413 325 410 330
414 325 412 330
416 325 414 329
418 325 416 330
420 325 417 330
422 325 418 330
423 325 420 330
425 325 422 330
427 325 424 330
429 325 426 329
431 325 427 329
438 325 434 329
439 325 435 329
441 325 437 330
443 325 439 329
445 325 441 329
386 327 383 325
390 327 388 329
393 327 391 329
395 327 393 329
397 327 395 330
400 327 397 330
402 327 399 330
406 327 403 330
407 327 405 331
409 327 407 332
411 327 407 332
414 327 412 331
416 327 414 331
418 327 416 331
420 327 417 331
422 327 418 332
423 327 420 332
425 327 422 332
427 327 424 331
429 327 425 331
431 327 427 331
434 327 430 331
436 327 432 331
438 327 434 331
439 327 435 331
441 327 437 331
443 327 439 331
445 327 441 331
447 327 442 331
448 327 444 332
382 329 380 328
384 329 382 328
386 329 383 328
395 329 392 331
397 329 394 331
398 329 396 331
400 329 397 332
404 329 401 332
406 329 403 332
409 329 406 334
416 329 413 333
418 329 415 333
420 329 417 333
422 329 418 333
423 329 420 334
425 329 422 333
427 329 424 333
429 329 425 333
434 329 430 333
436 329 432 333
438 329 434 333
439 329 435 333
441 329 437 333
443 329 439 333
445 329 440 333
447 329 442 333
448 329 444 333
382 331 379 329
384 331 381 330
386 331 383 330
388 331 385 330
390 331 387 331
391 331 388 332
393 331 390 332
395 331 392 333
397 331 394 333
398 331 395 333
400 331 397 334
402 331 399 334
404 331 401 335
407 331 404 335
409 331 406 335
413 331 410 335
414 331 412 335
416 331 413 335
418 331 415 335
420 331 416 335
422 331 418 335
423 331 420 335
425 331 421 335
427 331 423 335
432 331 428 335
434 331 430 335
436 331 432 335
438 331 433 335
439 331 435 335
441 331 437 335
443 331 438 335
445 331 440 335
447 331 442 335
448 331 444 335
382 333 379 331
384 333 381 331
386 333 383 332
388 333 385 332
390 333 386 333
391 333 389 333
393 333 390 334
395 333 391 335
397 333 393 335
398 333 395 335
400 333 397 335
402 333 399 336
404 333 401 336
406 333 402 336
407 333 404 337
411 333 408 337
413 333 410 337
414 333 411 337
416 333 413 337
418 333 415 337
420 333 416 337
422 333 418 337
423 333 420 337
425 333 421 337
432 333 428 337
434 333 430 337
436 333 431 337
438 333 433 337
439 333 435 337
441 333 436 336
443 333 438 336
445 333 440 336
447 333 442 337
448 333 444 337
381 334 378 332
382 334 379 332
384 334 381 333
386 334 383 333
388 334 385 333
390 334 386 334
391 334 388 335
393 334 390 335
400 334 397 337
402 334 399 337
404 334 401 338
406 334 402 338
409 334 406 338
411 334 408 338
413 334 410 338
414 334 411 338
416 334 413 338
418 334 414 338
420 334 416 338
422 334 418 338
423 334 419 338
425 334 421 338
429 334 425 338
431 334 426 338
432 334 428 338
434 334 429 338
436 334 431 338
438 334 433 338
439 334 435 338
441 334 436 338
443 334 438 338
445 334 440 338
447 334 441 338
448 334 443 338
381 336 378 334
382 336 379 334
384 336 381 334
386 336 382 335
391 336 388 336
393 336 390 337
395 336 391 337
397 336 393 337
400 336 397 339
402 336 399 339
404 336 400 339
406 336 402 339
407 336 404 340
409 336 406 340
411 336 407 340
413 336 409 340
414 336 411 340
416 336 412 340
418 336 414 340
420 336 416 340
422 336 418 340
423 336 419 340
429 336 424 339
431 336 426 340
432 336 428 340
434 336 429 340
436 336 431 340
438 336 433 340
439 336 435 340
441 336 436 340
443 336 438 340
447 336 441 340
448 336 443 340
386 338 382 336
388 338 384 337
390 338 386 337
391 338 388 338
393 338 389 338
395 338 391 339
397 338 393 339
398 338 395 339
402 338 399 341
404 338 400 341
406 338 402 341
407 338 404 341
409 338 405 342
411 338 407 342
413 338 409 342
414 338 411 342
416 338 412 342
418 338 414 342
420 338 416 342
422 338 418 342
423 338 419 342
427 338 422 341
429 338 424 341
431 338 426 341
432 338 427 342
434 338 429 342
436 338 431 342
438 338 433 342
439 338 435 341
441 338 436 342
443 338 438 342
447 338 441 341
448 338 443 342
384 340 380 338
386 340 382 338
388 340 384 338
390 340 386 339
393 340 389 340
395 340 391 341
397 340 393 341
398 340 395 341
400 340 396 341
402 340 398 342
404 340 400 342
406 340 402 342
407 340 403 343
409 340 405 343
411 340 407 343
413 340 409 344
414 340 411 344
416 340 412 344
418 340 414 344
420 340 416 344
422 340 417 344
423 340 419 344
427 340 422 343
429 340 424 343
431 340 426 343
432 340 427 343
434 340 429 344
436 340 431 343
438 340 433 343
439 340 435 343
441 340 436 343
443 340 438 343
445 340 440 343
447 340 442 343
448 340 443 344
386 341 382 340
388 341 384 340
390 341 386 340
391 341 387 341
395 341 391 342
397 341 393 342
398 341 394 343
400 341 396 343
404 341 400 344
406 341 402 344
407 341 403 344
409 341 405 345
411 341 407 345
413 341 409 345
414 341 410 345
416 341 412 345
418 341 414 346
420 341 416 345
422 341 417 345
429 341 424 345
431 341 426 345
432 341 427 345
434 341 429 345
436 341 431 345
438 341 433 345
439 341 435 345
441 341 436 345
443 341 438 345
445 341 440 345
447 341 442 345
448 341 445 345
386 343 382 341
388 343 384 341
390 343 386 342
391 343 387 342
393 343 389 343
395 343 391 344
397 343 393 344
398 343 394 344
400 343 396 344
402 343 398 345
407 343 403 346
409 343 405 347
411 343 407 347
413 343 409 347
414 343 410 347
416 343 412 347
418 343 414 347
420 343 415 347
422 343 417 347
423 343 419 347
427 343 422 347
429 343 424 347
431 343 425 347
432 343 427 347
434 343 430 346
438 343 433 346
439 343 434 347
445 343 437 347
447 343 441 347
448 343 445 347
386 345 382 343
388 345 384 343
390 345 386 344
391 345 387 344
393 345 389 344
397 345 393 346
398 345 394 346
400 345 396 346
402 345 398 346
404 345 400 347
406 345 401 347
407 345 403 348
409 345 405 349
411 345 407 349
413 345 408 349
414 345 410 349
416 345 412 349
418 345 413 349
420 345 415 349
422 345 417 349
427 345 423 348
432 345 428 348
388 347 384 345
390 347 386 345
391 347 387 346
393 347 388 346
395 347 391 346
398 347 394 347
400 347 396 348
402 347 397 348
404 347 400 349
406 347 401 349
409 347 405 351
411 347 407 351
413 347 408 351
414 347 410 350
416 347 411 350
418 347 413 351
420 347 415 351
422 347 417 351
427 347 422 350
429 347 425 350
441 347 443 348
390 349 385 347
391 349 387 347
393 349 388 347
395 349 390 347
397 349 392 348
398 349 394 349
400 349 395 349
402 349 397 350
404 349 399 350
406 349 401 350
407 349 402 351
409 349 405 352
411 349 406 352
413 349 408 353
414 349 410 352
416 349 411 352
418 349 413 353
422 349 416 353
434 349 439 349
439 349 435 355
390 350 385 349
391 350 387 349
393 350 388 349
395 350 390 349
397 350 392 350
400 350 395 351
402 350 397 351
404 350 399 352
406 350 401 352
407 350 402 352
411 350 406 354
413 350 408 354
414 350 409 354
416 350 411 354
418 350 413 354
420 350 415 354
422 350 417 354
427 350 425 354
434 350 439 351
388 352 386 351
391 352 387 350
393 352 388 350
395 352 390 351
397 352 392 351
398 352 393 352
402 352 397 353
404 352 399 353
406 352 400 353
407 352 402 354
409 352 404 354
413 352 408 355
414 352 409 356
416 352 411 356
418 352 413 356
420 352 415 356
429 352 430 354
393 354 388 352
395 354 390 352
397 354 392 353
398 354 393 353
400 354 395 354
406 354 400 355
407 354 402 356
409 354 404 356
411 354 406 357
416 354 411 358
420 354 419 357
427 354 428 355
390 356 389 354
397 356 392 354
398 356 393 355
400 356 395 355
402 356 397 355
411 356 406 358
413 356 408 358
414 356 410 358
427 356 428 358
391 358 390 355
400 358 397 357
411 358 406 359
420 358 421 361
422 358 423 361
425 358 426 359
413 359 408 361
414 359 410 361
420 359 422 362
406 361 415 362
411 361 421 362
