409 308 407 315
413 308 411 314
414 308 413 313
416 308 415 312
418 308 417 314
420 308 418 314
422 308 420 314
429 308 426 315
431 308 428 314
432 308 428 311
434 308 430 312
436 308 432 312
438 308 434 312
409 309 407 317
411 309 410 317
414 309 413 315
416 309 414 315
418 309 416 316
420 309 418 316
422 309 420 316
423 309 421 316
431 309 428 316
432 309 429 316
434 309 431 316
436 309 432 316
438 309 434 314
381 311 379 318
382 311 380 318
384 311 382 318
388 311 388 318
390 311 389 318
391 311 391 318
397 311 395 318
398 311 397 318
409 311 408 318
411 311 410 318
414 311 412 317
416 311 414 317
418 311 416 318
420 311 418 318
422 311 419 318
423 311 421 318
427 311 424 318
429 311 426 318
431 311 427 318
432 311 429 318
434 311 430 317
388 313 388 319
390 313 389 319
397 313 395 320
409 313 408 320
411 313 409 320
414 313 412 320
416 313 414 319
418 313 416 319
420 313 417 319
422 313 419 320
423 313 421 320
427 313 424 319
429 313 425 319
431 313 427 320
432 313 428 320
434 313 430 319
436 313 432 319
438 313 434 319
439 313 436 319
388 315 387 321
390 315 389 321
391 315 391 320
397 315 395 322
409 315 407 322
414 315 412 321
416 315 413 321
418 315 415 321
420 315 417 321
422 315 419 321
423 315 420 321
427 315 423 321
429 315 425 321
431 315 427 321
432 315 428 321
434 315 430 321
436 315 432 321
441 315 437 321
391 317 391 322
393 317 392 322
398 317 397 322
413 317 410 323
414 317 412 323
416 317 413 323
418 317 415 323
420 317 417 323
422 317 418 323
427 317 423 323
429 317 425 323
431 317 426 323
432 317 428 323
434 317 430 323
436 317 431 323
439 317 436 322
441 317 437 322
386 318 385 323
388 318 387 323
390 318 389 324
391 318 391 323
393 318 392 324
395 318 394 324
398 318 397 324
413 318 410 325
414 318 411 325
416 318 413 325
418 318 415 325
420 318 416 325
422 318 418 324
425 318 421 324
427 318 423 325
429 318 425 324
431 318 426 325
432 318 427 325
434 318 429 325
388 320 387 325
390 320 389 325
391 320 391 325
393 320 392 325
395 320 394 325
397 320 395 326
400 320 398 324
406 320 403 326
407 320 405 326
411 320 408 326
413 320 409 326
414 320 411 326
416 320 413 326
418 320 414 327
420 320 416 327
425 320 421 326
427 320 423 326
429 320 424 326
431 320 426 326
432 320 427 326
436 320 430 327
438 320 432 327
439 320 433 327
441 320 435 326
386 322 383 322
388 322 387 327
390 322 388 327
391 322 391 327
393 322 392 327
400 322 398 326
404 322 401 327
406 322 403 328
407 322 405 328
409 322 406 328
413 322 409 328
414 322 411 328
416 322 412 328
418 322 414 328
420 322 416 328
422 322 417 328
425 322 421 328
427 322 422 328
429 322 424 328
431 322 425 328
432 322 427 328
436 322 430 328
438 322 432 328
441 322 435 328
382 324 379 322
384 324 381 322
390 324 388 328
393 324 392 329
395 324 394 328
400 324 397 329
404 324 401 329
407 324 404 330
413 324 409 330
414 324 411 330
416 324 413 330
418 324 414 330
423 324 418 329
425 324 420 330
427 324 422 330
429 324 423 330
431 324 425 330
432 324 426 330
436 324 430 330
439 324 433 330
390 325 388 330
395 325 394 330
398 325 395 330
400 325 397 330
402 325 399 330
406 325 402 331
407 325 404 331
409 325 406 332
413 325 409 332
414 325 411 332
416 325 412 332
418 325 414 332
420 325 416 331
423 325 418 331
425 325 420 331
427 325 421 332
429 325 423 332
431 325 425 332
432 325 426 331
438 325 431 332
439 325 432 331
441 325 434 331
443 325 436 331
445 325 439 334
447 325 442 332
382 327 379 324
384 327 380 324
386 327 382 325
388 327 384 326
393 327 390 329
397 327 393 331
398 327 395 332
400 327 397 332
402 327 398 332
404 327 400 332
406 327 402 333
407 327 403 333
411 327 407 333
413 327 409 333
414 327 410 333
416 327 412 333
420 327 415 333
423 327 418 333
425 327 420 333
427 327 421 333
429 327 423 333
431 327 424 333
436 327 429 333
438 327 431 333
439 327 432 333
441 327 434 333
443 327 435 333
448 327 444 335
382 329 379 326
384 329 380 326
388 329 384 328
393 329 389 331
398 329 395 333
400 329 396 334
402 329 398 334
404 329 400 334
406 329 402 335
407 329 403 335
411 329 406 335
413 329 408 335
414 329 410 335
420 329 415 335
423 329 417 335
425 329 419 335
427 329 421 335
429 329 422 335
431 329 424 335
436 329 429 335
438 329 431 335
439 329 432 335
441 329 433 335
443 329 435 335
382 331 378 328
386 331 381 328
388 331 383 328
390 331 385 330
395 331 389 332
397 331 391 333
398 331 394 335
400 331 396 335
402 331 398 336
404 331 400 336
406 331 402 337
409 331 404 337
411 331 406 337
413 331 407 337
414 331 409 337
416 331 411 337
422 331 416 337
423 331 417 337
425 331 419 337
427 331 420 336
429 331 422 336
434 331 427 337
436 331 428 337
438 331 430 337
439 331 431 337
441 331 433 336
448 331 444 339
386 333 381 330
388 333 383 330
397 333 391 335
398 333 393 335
409 333 404 339
411 333 405 339
413 333 407 339
414 333 409 339
418 333 412 339
422 333 415 339
423 333 417 339
425 333 418 338
427 333 420 338
429 333 422 338
432 333 425 338
434 333 426 339
436 333 428 338
438 333 430 339
439 333 432 339
445 333 436 338
447 333 437 338
448 333 444 340
381 334 378 331
386 334 381 331
388 334 383 331
395 334 389 335
404 334 399 338
406 334 400 338
407 334 402 338
409 334 404 340
411 334 405 340
413 334 407 340
414 334 409 340
416 334 410 340
418 334 412 340
422 334 415 340
423 334 417 340
425 334 418 340
427 334 420 340
432 334 424 340
434 334 426 340
436 334 428 340
438 334 429 340
439 334 431 340
443 334 434 339
445 334 436 339
447 334 437 339
448 334 439 339
381 336 378 333
386 336 380 333
388 336 382 333
395 336 389 336
397 336 391 337
398 336 392 337
400 336 395 339
402 336 396 340
404 336 398 340
406 336 400 340
407 336 401 340
411 336 405 342
413 336 407 342
416 336 410 342
418 336 412 342
422 336 415 342
423 336 416 342
425 336 418 342
431 336 423 341
432 336 424 342
434 336 426 341
436 336 428 341
438 336 429 341
439 336 431 341
443 336 434 341
445 336 435 341
447 336 437 341
448 336 439 341
391 338 385 336
395 338 389 338
397 338 391 339
398 338 393 339
402 338 396 341
404 338 398 341
406 338 400 341
407 338 401 342
409 338 403 343
414 338 408 343
416 338 410 344
418 338 411 343
422 338 414 343
423 338 416 344
425 338 417 343
429 338 421 343
431 338 422 343
432 338 424 343
434 338 426 343
436 338 427 343
443 338 433 343
445 338 435 343
447 338 437 343
448 338 439 343
386 340 379 335
388 340 381 336
390 340 383 336
391 340 385 337
395 340 389 340
397 340 390 340
398 340 392 341
400 340 394 341
402 340 396 343
404 340 398 343
406 340 400 344
407 340 401 344
409 340 403 344
411 340 404 345
413 340 406 345
414 340 408 345
416 340 410 345
420 340 413 345
422 340 414 345
423 340 416 345
427 340 419 345
431 340 422 345
432 340 423 345
434 340 425 345
436 340 427 345
438 340 429 344
439 340 431 344
443 340 433 345
447 340 437 345
448 340 439 345
386 341 379 337
388 341 381 337
390 341 383 338
397 341 390 342
398 341 392 342
400 341 393 342
406 341 399 345
407 341 401 345
409 341 402 346
411 341 404 346
413 341 406 347
414 341 408 347
416 341 409 347
420 341 412 347
422 341 414 347
425 341 417 347
429 341 420 346
431 341 422 346
432 341 423 347
434 341 425 347
436 341 427 347
438 341 429 346
439 341 430 346
443 341 435 346
445 341 436 346
447 341 438 346
388 343 381 339
390 343 383 339
391 343 384 339
393 343 386 340
395 343 388 342
398 343 391 343
400 343 393 344
402 343 395 345
404 343 397 345
407 343 400 347
409 343 402 347
411 343 404 348
413 343 406 348
414 343 407 349
416 343 409 348
420 343 412 348
422 343 413 348
423 343 415 348
425 343 417 348
427 343 418 348
431 343 421 348
432 343 423 348
436 343 428 347
439 343 430 348
441 343 432 348
443 343 434 348
445 343 436 348
447 343 438 348
388 345 381 341
390 345 383 341
391 345 384 341
393 345 386 342
395 345 388 344
397 345 390 345
400 345 393 346
402 345 395 346
404 345 397 347
406 345 398 347
409 345 402 349
411 345 404 350
413 345 405 350
414 345 407 350
418 345 410 350
420 345 412 350
423 345 415 350
425 345 416 350
427 345 418 350
429 345 420 350
431 345 422 350
432 345 424 351
434 345 427 351
436 345 428 351
438 345 429 351
441 345 431 351
443 345 434 351
388 347 382 343
391 347 384 343
393 347 385 343
397 347 389 346
398 347 391 346
404 347 396 348
406 347 398 349
407 347 399 349
409 347 401 351
411 347 403 352
413 347 405 352
416 347 408 352
418 347 410 352
420 347 411 352
422 347 413 352
423 347 414 352
425 347 417 352
427 347 418 352
395 349 387 346
398 349 390 348
400 349 392 348
402 349 394 349
404 349 396 350
406 349 398 350
407 349 399 351
411 349 403 353
413 349 405 354
414 349 406 354
418 349 409 354
420 349 411 354
422 349 412 353
425 349 417 353
427 349 418 353
439 349 433 354
390 350 381 345
393 350 384 345
395 350 386 345
398 350 390 350
400 350 392 350
402 350 394 350
407 350 399 352
409 350 401 353
413 350 405 355
414 350 406 355
418 350 409 356
423 350 414 355
427 350 418 355
388 352 384 348
393 352 384 347
395 352 386 347
402 352 394 351
406 352 396 352
409 352 401 354
411 352 402 355
413 352 404 358
414 352 406 357
416 352 408 357
418 352 410 357
425 352 426 352
427 352 427 353
429 352 429 353
393 354 385 349
411 354 402 357
416 354 407 359
418 354 410 360
423 354 424 354
425 354 425 354
427 354 427 354
429 354 430 355
391 356 395 354
413 356 403 359
414 356 405 359
393 358 397 357
393 359 397 358
414 359 408 361
397 361 406 362
402 361 412 362
404 361 413 362
406 361 415 362
407 361 417 362
409 361 419 362
411 361 421 362
