409 308 391 296
425 308 399 296
434 308 429 307
409 311 391 298
425 311 411 309
438 311 430 311
413 313 385 302
423 313 409 309
434 313 425 323
438 313 430 313
434 315 424 325
427 317 418 327
432 317 422 326
423 318 415 329
438 318 425 328
407 320 379 304
409 320 381 304
423 320 414 330
425 320 412 314
432 320 420 314
436 320 423 329
438 320 424 329
439 320 426 330
441 320 428 331
406 322 376 305
407 322 378 306
423 322 411 315
432 322 419 316
434 322 421 316
436 322 422 330
445 322 432 322
409 324 385 308
411 324 387 308
429 324 417 333
432 324 418 318
434 324 421 318
411 325 383 311
425 325 413 334
429 325 416 335
431 325 418 335
439 325 424 333
441 325 425 333
443 325 428 334
407 327 386 309
413 327 388 311
422 327 410 337
425 327 413 336
438 327 422 334
439 327 423 334
407 329 381 313
409 329 382 313
436 329 420 336
438 329 421 336
439 329 423 336
447 329 428 336
381 331 372 320
406 331 378 314
407 331 380 314
436 331 419 338
438 331 420 338
381 333 372 322
382 333 373 322
415 333 391 324
416 333 390 327
418 333 392 328
423 333 410 327
427 333 412 324
429 333 414 324
432 333 416 339
436 333 418 339
438 333 420 339
441 333 422 338
448 333 427 338
381 334 372 323
382 334 373 324
409 334 382 321
411 334 383 321
413 334 384 325
415 334 386 326
416 334 390 329
418 334 406 328
420 334 407 328
423 334 409 328
427 334 412 325
432 334 416 340
445 334 424 339
448 334 426 340
411 336 383 323
423 336 408 330
427 336 411 327
431 336 414 326
436 336 417 341
441 336 421 340
445 336 423 340
448 336 425 341
431 338 413 328
436 338 403 337
439 338 420 341
443 338 421 342
445 338 423 342
384 340 372 312
413 340 383 325
431 340 413 329
434 340 401 339
436 340 402 339
388 342 374 315
390 342 375 317
391 342 377 317
413 342 382 326
425 342 408 348
431 342 412 332
434 342 414 346
448 342 409 336
388 343 373 316
411 343 380 326
429 343 410 333
431 343 412 334
448 343 433 334
388 345 373 319
390 345 375 319
391 345 376 320
411 345 380 328
413 345 381 329
418 345 402 336
391 349 375 323
395 349 379 336
416 349 383 331
402 350 385 340
413 350 384 337
404 352 386 341
413 352 383 339
423 358 379 337
