415 314 414 315
416 314 415 315
415 316 414 317
416 316 415 317
418 316 416 317
420 316 419 317
421 316 420 317
423 316 421 317
425 316 423 317
414 317 412 318
415 317 414 318
416 317 415 318
418 317 416 318
421 317 420 318
423 317 421 318
425 317 423 318
427 317 425 318
411 318 409 320
412 318 410 320
414 318 412 320
415 318 414 319
420 318 419 319
421 318 420 320
425 318 424 319
411 319 408 321
412 319 410 321
414 319 412 321
415 319 414 321
420 319 418 321
421 319 420 321
425 319 423 321
428 319 426 320
432 319 431 320
418 321 416 322
430 321 430 322
432 321 431 321
433 321 433 321
410 322 408 323
412 322 410 324
414 322 412 324
415 322 413 323
416 322 414 323
419 322 417 323
420 322 418 323
421 322 420 323
423 322 421 324
425 322 423 324
430 322 430 323
432 322 431 323
433 322 433 323
410 323 408 324
414 323 412 325
415 323 413 325
419 323 417 325
420 323 419 325
421 323 420 325
424 323 422 325
425 323 423 325
428 323 426 325
434 323 433 320
412 324 410 327
414 324 412 327
415 324 413 327
419 324 417 326
420 324 418 326
423 324 420 327
424 324 422 327
425 324 423 326
427 324 425 327
429 324 427 326
430 324 430 325
432 324 431 325
410 326 408 327
412 326 410 328
414 326 412 328
415 326 413 328
418 326 416 328
425 326 423 328
427 326 425 328
409 327 407 328
419 327 417 328
421 327 420 328
423 327 421 328
429 327 427 328
437 327 435 330
406 328 403 330
407 328 405 330
409 328 407 330
410 328 408 329
411 328 409 330
414 328 412 330
415 328 413 330
416 328 415 330
419 328 417 330
420 328 419 330
421 328 420 330
423 328 421 330
425 328 423 330
427 328 425 330
432 328 430 328
433 328 431 328
435 328 433 332
437 328 435 331
402 330 400 330
403 330 402 330
407 330 405 331
410 330 408 331
412 330 410 331
414 330 412 331
415 330 413 331
418 330 415 331
420 330 419 331
421 330 420 331
424 330 422 331
425 330 423 331
427 330 425 331
429 330 427 331
432 330 430 329
433 330 431 330
437 330 434 333
397 331 395 331
398 331 396 332
402 331 400 332
403 331 402 332
405 331 403 332
414 331 412 333
415 331 413 333
424 331 422 333
425 331 423 333
427 331 425 333
432 331 431 331
397 332 395 333
398 332 396 333
401 332 399 333
402 332 400 333
407 332 405 333
409 332 407 333
410 332 408 333
411 332 410 333
416 332 415 333
418 332 416 333
420 332 418 333
421 332 420 334
430 332 430 332
402 333 400 335
403 333 402 335
405 333 403 335
407 333 405 334
409 333 407 335
410 333 408 334
411 333 409 334
414 333 412 335
415 333 413 335
416 333 414 335
419 333 417 335
420 333 418 335
421 333 419 335
424 333 422 335
425 333 423 335
427 333 425 335
430 333 429 335
432 333 431 333
433 333 433 333
396 335 394 334
397 335 395 335
398 335 397 335
400 335 398 335
402 335 400 336
403 335 402 336
405 335 403 336
407 335 405 336
409 335 407 336
410 335 408 336
411 335 410 336
414 335 412 336
415 335 413 336
416 335 414 336
419 335 417 336
420 335 418 336
421 335 419 336
424 335 422 337
425 335 423 337
427 335 425 337
428 335 426 337
430 335 429 336
432 335 432 335
433 335 433 335
395 336 392 335
397 336 395 336
398 336 397 336
400 336 398 336
409 336 406 338
410 336 408 337
412 336 411 338
415 336 413 338
416 336 414 338
419 336 417 338
420 336 418 338
421 336 419 338
424 336 422 338
425 336 423 338
427 336 424 338
430 336 430 337
432 336 432 336
396 337 394 338
397 337 395 338
398 337 397 338
400 337 398 338
402 337 400 338
403 337 402 338
405 337 403 338
406 337 404 338
425 337 423 339
427 337 425 339
430 337 429 338
397 339 395 339
402 339 400 340
403 339 402 340
405 339 403 340
406 339 404 340
409 339 407 340
410 339 408 340
411 339 409 340
414 339 412 339
415 339 413 340
416 339 414 340
419 339 417 340
420 339 418 340
421 339 419 340
429 339 427 340
393 340 391 341
396 340 393 340
401 340 399 341
402 340 401 341
403 340 402 341
405 340 403 341
407 340 406 341
409 340 407 341
410 340 408 341
411 340 409 341
415 340 413 341
416 340 414 341
419 340 417 342
420 340 418 342
421 340 419 342
425 340 423 342
427 340 425 341
393 341 391 342
397 341 395 341
398 341 396 341
403 341 402 342
405 341 403 342
407 341 405 342
409 341 407 342
414 341 412 343
415 341 413 343
416 341 414 343
419 341 417 343
420 341 418 343
421 341 420 343
424 341 421 343
396 342 393 343
398 342 396 343
400 342 398 343
402 342 400 343
410 342 408 343
411 342 409 343
419 342 416 344
424 342 423 343
393 344 391 345
396 344 394 345
397 344 395 345
398 344 397 345
401 344 399 345
402 344 400 345
403 344 402 345
405 344 403 345
407 344 405 345
409 344 407 345
410 344 408 345
411 344 409 345
414 344 412 345
415 344 413 345
416 344 415 345
393 345 391 346
396 345 394 346
397 345 395 346
398 345 397 346
402 345 400 346
403 345 402 346
405 345 403 346
407 345 405 346
409 345 407 346
410 345 408 346
411 345 409 346
415 345 413 346
416 345 415 346
393 346 391 348
402 346 400 347
403 346 401 347
406 346 404 348
407 346 405 348
409 346 407 347
410 346 408 347
411 346 409 348
418 346 418 346
396 348 394 349
400 348 398 349
412 348 411 349
414 348 413 348
416 348 416 348
403 349 402 350
405 349 403 350
407 349 405 350
409 349 407 350
410 349 408 350
411 349 410 350
414 349 412 350
415 349 413 350
398 350 396 351
401 350 399 351
402 350 400 351
403 350 402 351
405 350 403 351
406 350 404 351
409 350 407 351
410 350 408 351
411 350 409 351
