422 304 422 303
423 304 424 304
412 305 412 305
413 305 413 305
415 305 415 305
418 305 418 305
420 305 420 305
422 305 422 305
423 305 423 305
425 305 425 305
427 305 427 305
428 305 428 305
410 307 410 307
412 307 412 307
413 307 413 307
415 307 415 307
417 307 417 307
418 307 418 307
420 307 420 307
422 307 422 307
423 307 423 307
425 307 425 307
428 307 428 307
430 307 430 307
407 309 407 308
408 309 408 309
410 309 410 309
412 309 412 309
413 309 413 309
415 309 415 309
417 309 417 309
418 309 418 309
420 309 420 309
422 309 422 309
423 309 423 309
425 309 425 309
427 309 427 309
428 309 428 309
430 309 430 309
407 310 407 310
408 310 408 310
410 310 410 310
412 310 412 310
413 310 413 310
415 310 415 310
417 310 417 310
418 310 418 310
420 310 420 310
422 310 422 310
423 310 423 310
425 310 425 310
427 310 427 310
428 310 428 310
430 310 430 310
407 312 407 312
408 312 408 312
410 312 410 312
412 312 412 312
415 312 415 312
417 312 417 312
418 312 418 312
420 312 420 312
422 312 422 312
423 312 423 312
425 312 425 312
427 312 427 312
428 312 428 312
430 312 430 312
405 314 405 313
407 314 407 314
408 314 408 314
410 314 410 314
412 314 412 314
413 314 413 314
415 314 415 314
417 314 417 314
423 314 423 314
425 314 425 314
427 314 427 314
428 314 428 314
430 314 430 314
372 315 372 315
374 315 374 315
375 315 375 315
377 315 377 315
407 315 407 315
408 315 409 315
410 315 410 315
412 315 412 315
413 315 413 315
415 315 415 315
418 315 418 315
420 315 420 315
422 315 422 315
423 315 423 315
427 315 427 315
428 315 428 315
372 317 372 317
374 317 374 317
375 317 375 317
377 317 377 317
404 317 400 318
405 317 405 317
407 317 407 317
408 317 409 317
410 317 411 317
412 317 412 317
413 317 414 317
415 317 415 317
417 317 417 317
418 317 418 317
420 317 420 317
422 317 422 317
423 317 423 317
425 317 425 317
372 319 372 319
374 319 374 319
375 319 375 319
377 319 377 319
379 319 379 319
405 319 405 319
407 319 407 319
408 319 409 318
410 319 410 319
412 319 412 319
413 319 413 319
415 319 415 319
417 319 417 319
418 319 418 319
420 319 420 319
422 319 422 319
423 319 423 319
425 319 425 319
372 320 372 320
374 320 374 320
375 320 375 320
377 320 377 320
379 320 379 320
407 320 407 320
408 320 409 320
410 320 410 320
412 320 412 320
413 320 413 320
415 320 415 320
417 320 417 320
418 320 418 320
420 320 420 320
422 320 422 320
423 320 423 320
432 320 432 320
372 322 372 322
374 322 374 322
377 322 377 322
379 322 379 322
380 322 380 322
399 322 398 322
400 322 400 322
404 322 403 322
412 322 412 322
413 322 414 322
415 322 415 322
417 322 417 322
418 322 418 322
420 322 420 322
422 322 422 322
423 322 423 322
425 322 425 322
432 322 432 322
433 322 433 322
372 324 372 324
374 324 374 324
375 324 375 324
377 324 377 324
379 324 379 324
380 324 380 324
397 324 397 324
399 324 399 324
400 324 400 324
402 324 402 324
405 324 405 324
407 324 407 324
408 324 408 324
410 324 410 324
412 324 412 323
413 324 413 323
415 324 415 323
417 324 417 324
418 324 418 324
420 324 420 324
422 324 422 323
425 324 425 324
427 324 427 324
433 324 433 323
372 325 372 325
374 325 374 325
375 325 375 325
377 325 377 325
379 325 379 325
397 325 397 325
399 325 398 325
400 325 400 325
402 325 402 325
404 325 403 325
405 325 405 325
407 325 407 325
408 325 408 325
410 325 410 325
412 325 412 326
413 325 413 325
415 325 415 325
417 325 417 325
418 325 418 325
420 325 420 325
422 325 422 325
425 325 425 325
427 325 427 325
428 325 428 325
430 325 430 325
374 327 374 327
375 327 375 327
377 327 377 327
379 327 379 327
380 327 380 327
382 327 382 327
387 327 387 327
394 327 394 327
395 327 395 327
397 327 397 327
399 327 398 327
402 327 402 327
404 327 403 327
405 327 405 327
407 327 407 327
408 327 408 327
410 327 410 327
415 327 415 327
417 327 417 327
418 327 418 327
420 327 420 327
423 327 423 327
425 327 425 327
427 327 427 327
428 327 428 327
430 327 430 326
372 329 372 328
374 329 374 329
375 329 375 329
377 329 377 329
379 329 379 328
380 329 380 328
382 329 382 328
384 329 384 329
385 329 385 329
387 329 387 329
389 329 389 329
390 329 390 329
392 329 392 329
394 329 394 328
395 329 395 329
397 329 397 329
399 329 398 329
400 329 400 328
402 329 402 329
404 329 403 329
405 329 405 329
407 329 407 329
408 329 408 329
410 329 410 329
412 329 412 329
413 329 413 329
415 329 415 329
417 329 417 329
418 329 418 329
420 329 420 329
422 329 422 329
423 329 423 329
425 329 425 328
427 329 427 328
428 329 428 328
435 329 435 329
375 330 375 330
377 330 377 330
379 330 379 330
380 330 380 330
382 330 382 330
384 330 384 330
385 330 385 330
389 330 388 330
390 330 390 330
392 330 392 330
394 330 394 330
395 330 395 330
397 330 397 330
399 330 398 330
400 330 400 330
402 330 402 330
404 330 403 330
405 330 405 330
407 330 407 330
408 330 408 330
410 330 410 330
412 330 412 330
413 330 413 330
415 330 415 330
417 330 417 330
418 330 418 330
420 330 420 330
422 330 422 330
423 330 423 330
425 330 425 330
427 330 427 330
428 330 428 330
433 330 433 331
435 330 435 331
374 332 374 332
377 332 377 332
379 332 379 332
380 332 380 332
384 332 384 332
385 332 385 332
387 332 387 332
389 332 389 332
394 332 393 332
395 332 395 332
397 332 397 332
399 332 399 332
400 332 400 332
402 332 402 332
404 332 403 332
405 332 405 332
407 332 407 332
408 332 408 332
410 332 410 332
412 332 412 332
413 332 413 332
415 332 415 332
417 332 417 332
418 332 418 332
420 332 420 332
422 332 422 332
423 332 423 332
425 332 425 332
427 332 427 332
428 332 428 332
430 332 430 332
432 332 432 332
433 332 433 333
435 332 435 333
375 334 375 333
377 334 377 333
380 334 380 333
384 334 384 333
387 334 387 333
389 334 389 333
390 334 390 334
392 334 392 334
394 334 393 334
395 334 395 333
397 334 397 333
399 334 399 333
402 334 402 334
404 334 403 333
405 334 405 334
407 334 407 334
408 334 408 333
410 334 410 333
412 334 412 333
413 334 414 333
415 334 415 334
417 334 417 334
418 334 418 333
420 334 420 333
422 334 422 333
423 334 423 333
425 334 425 333
427 334 427 333
428 334 428 333
432 334 432 335
433 334 433 335
375 335 375 335
377 335 377 335
380 335 380 335
382 335 382 335
384 335 384 335
385 335 385 335
387 335 387 335
389 335 389 335
390 335 390 335
392 335 392 335
394 335 394 335
395 335 395 335
397 335 397 335
399 335 399 335
400 335 400 335
402 335 402 335
404 335 403 335
405 335 405 335
407 335 407 335
408 335 408 335
410 335 410 335
412 335 412 335
413 335 413 335
415 335 415 335
417 335 417 335
418 335 418 335
420 335 420 335
422 335 422 335
423 335 423 335
425 335 425 335
427 335 427 335
428 335 428 335
432 335 432 336
377 337 377 337
379 337 379 337
380 337 380 337
382 337 382 337
384 337 384 337
385 337 385 337
387 337 387 337
389 337 389 337
390 337 390 337
392 337 392 337
394 337 393 337
395 337 395 337
397 337 397 337
400 337 400 337
402 337 402 337
404 337 403 337
405 337 405 337
407 337 407 337
408 337 408 337
410 337 410 337
412 337 412 337
413 337 413 337
415 337 415 337
417 337 417 337
418 337 418 337
420 337 420 337
422 337 422 337
423 337 423 337
425 337 425 337
427 337 427 337
428 337 428 337
379 338 379 338
380 338 380 338
382 338 382 339
384 338 384 338
385 338 385 338
390 338 390 338
392 338 392 339
394 338 394 339
395 338 395 339
397 338 397 338
399 338 398 339
400 338 400 338
402 338 402 338
404 338 403 339
405 338 405 338
407 338 407 339
408 338 408 338
410 338 410 338
412 338 412 338
413 338 413 338
415 338 415 338
417 338 417 338
418 338 418 338
420 338 420 338
422 338 422 338
423 338 423 338
425 338 425 338
427 338 427 338
428 338 428 338
382 340 382 340
384 340 384 340
385 340 385 340
387 340 387 340
390 340 390 340
394 340 393 340
395 340 395 341
397 340 397 340
399 340 398 340
400 340 400 340
402 340 402 340
404 340 403 340
405 340 405 340
407 340 407 340
408 340 408 340
410 340 410 340
412 340 412 340
413 340 413 340
415 340 415 340
417 340 417 340
418 340 418 340
420 340 420 340
422 340 422 340
423 340 423 340
425 340 425 340
427 340 427 340
428 340 428 340
384 342 384 342
385 342 385 342
387 342 387 342
390 342 390 342
392 342 392 342
394 342 393 342
395 342 395 343
397 342 397 342
399 342 398 342
400 342 400 342
402 342 402 342
404 342 403 342
405 342 405 342
407 342 407 342
408 342 408 342
410 342 410 341
412 342 412 341
413 342 413 342
415 342 415 342
417 342 417 342
418 342 418 342
420 342 420 342
422 342 422 342
423 342 423 342
385 343 385 343
387 343 387 343
390 343 390 343
392 343 392 343
395 343 395 344
397 343 397 344
399 343 399 343
400 343 400 343
402 343 402 343
404 343 403 344
405 343 405 343
407 343 407 343
408 343 408 343
410 343 410 343
412 343 412 343
413 343 413 343
415 343 415 343
417 343 417 343
418 343 418 343
420 343 420 343
422 343 422 343
423 343 423 343
387 345 387 345
389 345 389 345
390 345 390 345
392 345 392 345
394 345 393 345
395 345 395 346
397 345 397 346
399 345 398 345
400 345 400 345
402 345 402 345
404 345 403 345
405 345 405 345
407 345 407 345
408 345 408 345
410 345 410 345
412 345 412 345
413 345 413 345
415 345 415 345
417 345 417 345
418 345 418 345
420 345 420 345
390 347 390 347
392 347 392 347
394 347 394 347
399 347 399 347
400 347 400 347
402 347 402 347
404 347 403 347
405 347 405 347
407 347 407 347
408 347 408 347
410 347 410 347
412 347 412 347
413 347 413 347
415 347 415 347
417 347 417 347
418 347 418 347
392 348 392 348
394 348 394 349
399 348 399 349
400 348 400 348
402 348 402 348
404 348 403 348
405 348 405 348
407 348 407 348
408 348 408 348
410 348 410 348
412 348 412 348
413 348 413 348
415 348 414 348
417 348 416 348
394 350 394 351
399 350 399 350
400 350 400 350
402 350 402 350
404 350 403 350
405 350 405 350
407 350 407 350
408 350 408 350
410 350 410 350
412 350 412 350
413 350 413 350
