413 302 417 304
415 302 418 304
417 302 420 304
418 302 422 304
422 302 425 304
408 305 408 305
410 305 410 305
412 305 412 305
413 305 413 305
415 305 415 305
418 305 419 305
420 305 420 305
422 305 422 305
423 305 423 305
425 305 425 305
427 305 427 305
428 305 428 305
408 307 408 307
410 307 410 307
412 307 412 307
413 307 413 307
415 307 415 307
417 307 417 307
418 307 418 307
420 307 420 307
422 307 422 307
423 307 423 307
425 307 425 307
427 307 427 307
428 307 428 307
430 307 430 307
407 309 407 309
408 309 408 309
410 309 410 309
412 309 412 309
413 309 413 309
415 309 415 309
417 309 417 309
418 309 418 309
420 309 420 309
422 309 422 309
423 309 423 309
425 309 425 309
427 309 427 309
428 309 428 309
430 309 430 309
405 310 405 310
407 310 407 310
408 310 408 310
410 310 410 310
412 310 412 310
413 310 413 310
415 310 415 310
417 310 417 310
418 310 418 310
420 310 420 310
422 310 422 310
423 310 423 310
425 310 425 310
427 310 427 310
430 310 430 310
404 312 403 311
405 312 405 312
407 312 407 312
408 312 408 312
410 312 410 312
412 312 412 312
413 312 413 312
415 312 415 312
417 312 417 312
418 312 419 312
420 312 420 312
422 312 422 312
423 312 423 312
425 312 425 312
427 312 427 312
428 312 428 312
430 312 430 312
372 314 372 313
374 314 373 313
384 314 382 313
385 314 385 313
387 314 387 313
389 314 388 313
390 314 390 313
392 314 392 313
394 314 394 313
404 314 404 313
405 314 405 314
407 314 407 314
408 314 408 314
412 314 412 314
413 314 413 314
415 314 415 314
417 314 417 314
418 314 418 314
420 314 420 314
422 314 422 314
423 314 423 314
425 314 425 314
427 314 427 314
428 314 428 314
430 314 430 314
372 315 372 315
374 315 374 315
375 315 375 315
377 315 377 315
384 315 383 314
385 315 385 314
387 315 387 314
389 315 388 314
390 315 390 314
392 315 392 314
394 315 393 315
404 315 404 315
405 315 405 315
407 315 407 315
408 315 408 315
410 315 410 315
412 315 412 315
413 315 413 315
415 315 415 315
417 315 417 315
418 315 418 315
420 315 420 315
422 315 422 315
423 315 423 315
425 315 425 315
427 315 427 315
428 315 428 315
372 317 372 317
375 317 375 317
377 317 377 317
382 317 382 317
385 317 385 316
387 317 387 316
389 317 389 316
390 317 390 316
392 317 391 316
394 317 394 317
395 317 395 317
404 317 403 317
405 317 405 317
407 317 407 317
408 317 409 317
410 317 410 317
412 317 412 317
415 317 415 317
417 317 417 317
418 317 418 317
420 317 420 317
422 317 422 317
423 317 423 317
425 317 425 317
372 319 372 319
374 319 374 319
375 319 375 319
377 319 377 319
379 319 379 318
382 319 382 319
384 319 383 318
385 319 385 318
387 319 387 318
389 319 388 317
390 319 390 318
392 319 391 318
394 319 393 318
395 319 395 319
399 319 398 318
402 319 402 317
404 319 404 319
407 319 407 319
408 319 408 319
410 319 410 319
412 319 412 319
413 319 413 319
415 319 415 319
417 319 417 319
418 319 418 319
420 319 420 319
422 319 422 319
423 319 423 319
372 320 372 320
374 320 374 320
375 320 375 320
377 320 377 320
379 320 379 320
380 320 380 320
382 320 382 320
385 320 385 319
387 320 386 319
389 320 388 319
390 320 390 319
392 320 391 319
394 320 393 320
395 320 395 320
397 320 397 320
399 320 398 320
400 320 400 320
402 320 402 320
405 320 405 320
407 320 407 320
408 320 408 320
410 320 410 320
412 320 412 320
415 320 415 320
417 320 417 320
418 320 418 320
420 320 420 320
422 320 422 320
423 320 423 320
427 320 427 320
428 320 428 320
372 322 372 322
374 322 374 322
375 322 375 322
377 322 377 322
379 322 379 322
384 322 384 322
385 322 385 322
387 322 386 321
389 322 388 321
390 322 390 321
392 322 392 322
394 322 393 322
395 322 395 322
397 322 397 322
399 322 398 322
400 322 400 322
402 322 402 322
404 322 403 322
405 322 405 322
407 322 407 322
408 322 408 322
410 322 410 322
412 322 412 322
413 322 413 322
415 322 415 322
417 322 417 322
418 322 418 322
420 322 420 322
422 322 422 322
427 322 427 322
377 324 377 324
379 324 379 323
380 324 380 324
384 324 384 324
385 324 385 324
387 324 387 324
389 324 389 324
390 324 390 324
392 324 392 324
394 324 394 324
395 324 395 324
397 324 397 324
399 324 399 324
400 324 400 324
404 324 403 324
405 324 405 324
407 324 407 324
408 324 408 324
410 324 410 324
412 324 412 324
415 324 415 324
417 324 417 324
418 324 418 324
420 324 420 324
422 324 422 323
425 324 425 323
427 324 427 323
430 324 430 324
432 324 432 324
433 324 433 324
372 325 372 325
374 325 374 325
375 325 375 325
379 325 379 325
380 325 380 325
382 325 382 325
384 325 384 325
385 325 385 325
387 325 387 325
389 325 388 325
390 325 390 325
392 325 392 325
394 325 394 325
395 325 395 325
397 325 397 325
399 325 398 325
400 325 400 325
402 325 402 325
404 325 403 325
405 325 405 325
407 325 407 325
408 325 408 325
410 325 410 325
413 325 413 325
415 325 415 325
417 325 417 325
418 325 418 325
420 325 420 325
425 325 425 325
432 325 432 325
433 325 433 326
435 325 435 326
372 327 372 327
374 327 374 327
375 327 375 327
377 327 377 327
380 327 380 327
382 327 382 327
384 327 384 327
385 327 385 327
387 327 387 327
390 327 390 327
392 327 392 327
394 327 394 327
395 327 395 327
397 327 397 327
399 327 398 327
400 327 400 327
402 327 402 327
404 327 403 327
405 327 405 327
407 327 407 327
408 327 408 327
410 327 410 327
412 327 412 327
413 327 414 327
415 327 415 327
417 327 417 327
418 327 418 327
420 327 420 327
423 327 423 327
425 327 425 327
427 327 427 327
430 327 430 327
432 327 432 327
433 327 434 327
435 327 435 327
372 329 372 328
374 329 374 329
375 329 375 329
377 329 377 329
379 329 378 329
380 329 380 329
382 329 382 328
384 329 384 329
385 329 385 329
387 329 387 329
389 329 389 328
390 329 390 329
392 329 392 329
394 329 394 328
395 329 395 329
397 329 397 328
399 329 398 328
400 329 400 328
402 329 402 329
404 329 403 328
405 329 405 329
407 329 407 329
408 329 408 329
410 329 410 328
412 329 412 328
413 329 413 328
415 329 415 329
417 329 417 329
418 329 418 329
420 329 420 328
422 329 422 328
423 329 423 328
425 329 425 328
427 329 427 328
430 329 430 329
432 329 432 329
433 329 434 329
435 329 435 329
374 330 374 330
375 330 375 330
377 330 377 330
379 330 379 330
380 330 380 330
382 330 382 330
384 330 384 330
385 330 385 330
387 330 387 330
389 330 388 330
390 330 390 330
392 330 392 330
394 330 394 330
395 330 395 330
397 330 397 330
399 330 398 330
402 330 402 330
404 330 403 330
405 330 405 330
407 330 407 330
408 330 408 330
410 330 410 330
412 330 412 330
413 330 413 330
415 330 415 330
417 330 417 330
418 330 418 330
420 330 420 330
422 330 422 330
423 330 423 330
427 330 427 330
428 330 428 330
430 330 430 331
432 330 432 331
433 330 434 330
435 330 435 330
377 332 377 332
379 332 379 332
380 332 380 332
382 332 382 332
384 332 384 332
385 332 385 332
387 332 387 332
389 332 389 332
390 332 390 332
392 332 392 332
394 332 394 332
395 332 395 332
397 332 397 332
399 332 398 332
400 332 400 332
402 332 402 332
404 332 403 332
405 332 405 332
407 332 407 332
408 332 408 332
410 332 410 332
412 332 412 332
413 332 414 332
415 332 415 332
417 332 417 332
418 332 418 332
420 332 420 332
422 332 422 332
423 332 423 332
425 332 425 332
427 332 427 332
428 332 428 332
430 332 430 332
432 332 432 332
433 332 434 332
435 332 435 332
375 334 375 333
377 334 377 333
379 334 379 334
380 334 380 334
384 334 384 334
387 334 387 333
389 334 389 333
390 334 390 334
392 334 392 334
394 334 394 334
395 334 395 334
397 334 397 333
399 334 399 333
400 334 400 334
402 334 402 333
404 334 403 333
405 334 405 333
407 334 407 334
408 334 408 333
410 334 410 333
412 334 412 333
413 334 414 333
415 334 415 334
417 334 417 333
418 334 418 333
420 334 420 333
422 334 422 333
423 334 423 334
425 334 425 334
427 334 427 333
428 334 428 334
430 334 430 334
432 334 431 334
433 334 433 334
377 335 377 335
379 335 378 335
380 335 380 335
382 335 382 335
384 335 384 335
385 335 385 335
387 335 387 335
389 335 389 335
390 335 390 335
392 335 392 335
394 335 394 335
395 335 395 335
397 335 397 335
399 335 399 335
400 335 400 335
402 335 402 335
404 335 403 335
405 335 405 335
407 335 407 335
408 335 408 335
410 335 410 335
412 335 412 335
413 335 413 335
415 335 415 335
417 335 417 335
418 335 418 335
420 335 420 335
422 335 422 335
423 335 423 335
425 335 425 335
427 335 427 335
428 335 428 336
430 335 430 336
377 337 377 337
379 337 378 337
380 337 380 337
382 337 382 337
384 337 384 337
385 337 385 337
387 337 387 337
389 337 389 337
390 337 390 337
392 337 392 337
394 337 393 337
395 337 395 337
397 337 397 337
399 337 399 337
400 337 400 337
402 337 402 337
404 337 403 337
405 337 405 337
407 337 407 337
408 337 408 337
410 337 410 337
412 337 412 337
413 337 413 337
415 337 415 337
417 337 417 337
418 337 418 337
420 337 420 337
422 337 422 337
423 337 423 337
425 337 425 337
427 337 427 337
428 337 428 337
379 338 379 338
380 338 380 338
382 338 382 338
384 338 384 338
385 338 385 338
387 338 387 339
390 338 390 338
392 338 392 339
394 338 393 339
395 338 395 339
397 338 397 338
399 338 398 338
400 338 400 338
402 338 402 338
404 338 403 338
405 338 405 338
407 338 407 338
408 338 408 338
410 338 410 338
412 338 412 338
413 338 413 338
415 338 415 338
417 338 417 338
418 338 418 338
420 338 420 338
422 338 422 338
423 338 423 338
425 338 425 338
427 338 427 338
382 340 382 340
384 340 384 340
385 340 385 340
387 340 387 340
390 340 390 340
392 340 392 340
394 340 393 340
395 340 395 340
397 340 397 340
399 340 398 340
400 340 400 340
402 340 402 340
404 340 403 340
405 340 405 340
407 340 407 340
408 340 408 340
410 340 410 340
413 340 413 340
415 340 415 340
417 340 417 340
418 340 418 340
420 340 420 340
422 340 422 340
423 340 423 340
425 340 425 340
427 340 427 340
428 340 428 340
384 342 384 342
385 342 385 342
387 342 387 342
390 342 390 342
392 342 392 342
394 342 394 342
395 342 395 342
397 342 397 342
399 342 398 342
400 342 400 342
402 342 402 342
404 342 403 342
405 342 405 342
407 342 407 342
408 342 408 342
410 342 410 342
412 342 412 341
413 342 413 342
415 342 415 342
417 342 417 342
418 342 418 342
420 342 420 342
422 342 422 342
423 342 423 342
385 343 385 343
387 343 387 343
390 343 390 344
392 343 392 343
394 343 394 343
395 343 395 344
397 343 397 344
399 343 398 343
400 343 400 343
402 343 402 343
404 343 403 343
405 343 405 343
407 343 407 343
408 343 408 343
410 343 410 343
412 343 412 343
413 343 413 343
415 343 415 343
417 343 417 343
418 343 418 343
420 343 420 343
422 343 421 343
387 345 387 345
389 345 389 345
390 345 390 345
392 345 392 345
394 345 394 345
395 345 395 345
397 345 397 345
400 345 400 345
402 345 402 345
404 345 403 345
405 345 405 345
407 345 407 345
408 345 408 345
410 345 410 345
412 345 412 345
413 345 413 345
415 345 415 345
417 345 417 345
418 345 418 345
390 347 390 347
392 347 392 347
394 347 394 347
395 347 395 347
397 347 397 347
399 347 398 347
400 347 400 347
402 347 402 347
404 347 403 347
405 347 405 347
407 347 407 347
408 347 408 347
410 347 410 347
412 347 412 347
413 347 413 347
415 347 415 347
417 347 416 347
392 348 392 348
394 348 393 348
399 348 399 348
400 348 400 348
402 348 402 348
404 348 403 348
405 348 405 348
407 348 407 348
408 348 408 348
410 348 410 348
412 348 412 348
413 348 413 348
415 348 414 348
394 350 394 350
395 350 395 350
397 350 397 350
399 350 399 350
400 350 400 350
402 350 402 350
404 350 403 350
405 350 405 350
407 350 407 350
408 350 408 350
410 350 410 350
412 350 412 350
413 350 413 350
