411 304 412 304
412 304 413 304
415 304 415 304
417 304 417 304
419 304 419 304
420 304 420 304
422 304 422 304
424 304 424 304
425 304 425 304
427 304 427 304
414 305 414 305
415 305 415 306
417 305 417 306
419 305 419 306
420 305 420 305
422 305 422 305
424 305 424 305
425 305 425 306
427 305 427 306
407 307 408 307
412 307 412 307
415 307 416 307
417 307 417 307
419 307 419 307
420 307 420 307
422 307 422 307
425 307 425 307
427 307 427 307
429 307 429 307
407 309 407 309
409 309 409 309
411 309 411 309
412 309 412 309
415 309 415 309
417 309 417 309
419 309 419 309
420 309 420 309
422 309 422 309
424 309 424 309
425 309 425 309
427 309 427 309
429 309 429 309
430 309 430 309
406 310 406 310
409 310 409 310
411 310 411 310
412 310 412 310
414 310 414 310
417 310 417 310
419 310 419 310
420 310 420 310
422 310 422 310
424 310 424 310
425 310 425 310
427 310 427 310
429 310 429 310
430 310 430 310
406 312 406 312
407 312 407 312
411 312 411 312
412 312 412 312
414 312 414 312
417 312 417 312
419 312 419 312
420 312 420 312
422 312 422 312
424 312 424 312
425 312 425 312
427 312 427 312
429 312 429 312
430 312 430 312
404 314 404 314
406 314 406 314
407 314 407 314
409 314 409 314
411 314 411 314
412 314 412 314
415 314 416 314
417 314 417 314
419 314 419 314
420 314 420 314
422 314 422 314
424 314 424 314
425 314 425 314
430 314 430 314
373 315 372 315
374 315 374 315
376 315 376 315
384 315 384 315
386 315 386 315
388 315 388 315
389 315 389 315
391 315 391 315
404 315 404 315
406 315 406 315
407 315 407 315
409 315 409 315
412 315 412 315
414 315 414 315
415 315 416 315
417 315 417 315
419 315 419 315
420 315 420 315
422 315 422 315
424 315 424 315
425 315 425 316
427 315 427 316
429 315 429 316
430 315 430 316
373 317 372 317
374 317 375 317
376 317 376 317
379 317 379 317
383 317 383 317
384 317 384 317
386 317 386 317
388 317 388 317
389 317 389 317
391 317 391 317
393 317 393 317
394 317 394 317
404 317 404 317
406 317 406 317
407 317 407 317
409 317 409 317
415 317 416 317
417 317 417 317
419 317 419 317
420 317 420 317
422 317 422 317
424 317 424 317
425 317 425 317
427 317 427 318
379 319 379 319
383 319 383 319
384 319 384 319
386 319 386 319
388 319 388 319
389 319 389 319
391 319 391 319
393 319 392 319
394 319 394 319
396 319 396 319
404 319 404 319
407 319 407 319
409 319 409 319
411 319 411 319
412 319 412 319
414 319 414 319
415 319 415 319
417 319 417 319
419 319 419 319
420 319 420 319
422 319 422 319
424 319 424 319
425 319 425 319
432 319 432 319
434 319 433 319
373 320 373 320
374 320 374 320
376 320 376 320
379 320 379 320
381 320 381 320
383 320 383 320
384 320 384 320
386 320 386 320
388 320 388 320
389 320 389 320
391 320 391 320
393 320 393 320
394 320 394 320
396 320 396 320
397 320 397 320
399 320 399 320
401 320 401 320
404 320 404 320
406 320 406 320
407 320 407 320
409 320 409 320
411 320 410 320
412 320 412 320
414 320 414 320
415 320 416 320
417 320 417 320
419 320 419 320
420 320 420 320
422 320 422 320
424 320 424 320
374 322 374 322
376 322 376 322
379 322 379 322
381 322 381 322
384 322 384 322
386 322 386 322
388 322 388 322
389 322 389 322
391 322 391 322
393 322 393 322
394 322 394 322
396 322 396 322
397 322 397 322
399 322 399 322
401 322 401 322
402 322 403 322
406 322 406 322
407 322 407 322
409 322 409 322
411 322 411 322
412 322 412 322
414 322 414 322
415 322 416 322
417 322 417 322
419 322 419 322
420 322 420 322
422 322 422 322
424 322 424 322
427 322 427 322
429 322 429 322
434 322 434 322
373 324 372 323
376 324 376 324
378 324 378 323
381 324 381 324
384 324 384 324
386 324 386 324
388 324 388 323
389 324 389 323
391 324 391 324
393 324 393 324
394 324 394 324
396 324 396 324
399 324 399 324
401 324 401 324
402 324 402 324
404 324 404 323
406 324 406 324
407 324 407 324
409 324 409 324
411 324 411 324
412 324 412 324
414 324 414 324
415 324 416 324
417 324 417 324
419 324 419 324
420 324 420 324
422 324 422 324
424 324 424 324
425 324 425 324
427 324 427 324
432 324 432 324
434 324 433 324
373 325 372 324
374 325 374 325
381 325 381 325
384 325 385 325
388 325 388 325
389 325 389 325
391 325 391 325
393 325 393 325
394 325 394 325
396 325 396 325
399 325 399 325
401 325 401 325
402 325 402 325
404 325 404 325
406 325 406 325
407 325 407 325
409 325 409 325
411 325 411 325
412 325 412 325
414 325 414 325
415 325 415 325
417 325 417 325
419 325 419 325
420 325 420 325
422 325 422 325
424 325 424 325
425 325 425 325
429 325 428 324
373 327 372 327
374 327 374 327
376 327 376 327
378 327 378 327
379 327 379 327
383 327 383 327
386 327 386 327
388 327 388 327
389 327 389 327
391 327 391 327
393 327 393 327
394 327 394 327
396 327 396 327
397 327 397 327
401 327 401 327
404 327 404 327
406 327 406 327
407 327 407 327
409 327 409 327
411 327 411 327
412 327 412 327
414 327 414 327
415 327 416 327
417 327 417 327
419 327 419 327
420 327 420 327
422 327 422 327
424 327 424 327
425 327 425 327
429 327 428 327
430 327 430 327
434 327 433 327
435 327 435 327
373 328 372 328
374 328 374 328
378 328 378 328
383 328 383 328
386 328 386 328
388 328 388 328
389 328 389 328
391 328 391 328
394 328 394 328
397 328 397 328
401 328 401 328
404 328 404 328
406 328 406 328
407 328 407 328
409 328 409 328
411 328 411 329
412 328 412 329
414 328 414 329
415 328 416 328
417 328 417 328
419 328 419 328
420 328 420 328
422 328 422 328
424 328 424 329
427 328 427 329
429 328 428 329
430 328 430 328
432 328 432 329
434 328 433 329
435 328 435 329
374 330 375 330
378 330 378 330
379 330 379 330
383 330 383 330
384 330 384 330
386 330 386 330
388 330 388 330
389 330 389 330
391 330 391 330
393 330 393 330
394 330 394 330
396 330 396 330
399 330 399 330
402 330 402 330
407 330 407 330
409 330 409 330
411 330 411 330
412 330 412 330
414 330 414 330
415 330 416 330
417 330 417 330
419 330 419 330
420 330 420 330
422 330 422 330
424 330 424 330
427 330 427 330
429 330 428 330
430 330 430 330
435 330 435 330
374 332 374 332
376 332 376 332
379 332 379 332
381 332 381 332
384 332 384 332
386 332 386 332
388 332 388 332
389 332 389 332
391 332 391 332
393 332 393 332
394 332 394 332
396 332 396 332
397 332 397 332
401 332 401 332
402 332 402 332
404 332 404 332
406 332 406 332
407 332 407 332
409 332 409 332
411 332 411 332
412 332 412 332
414 332 414 332
415 332 416 332
417 332 417 332
419 332 419 332
420 332 420 332
422 332 422 332
425 332 425 332
427 332 427 332
429 332 429 332
430 332 430 332
432 332 432 332
434 332 434 332
435 332 435 332
376 333 376 333
378 333 378 333
379 333 379 333
381 333 381 333
388 333 388 333
389 333 389 333
391 333 391 333
393 333 393 333
394 333 394 333
396 333 396 333
397 333 397 333
401 333 401 333
402 333 402 333
404 333 404 333
406 333 406 333
407 333 407 333
409 333 409 333
411 333 411 333
412 333 412 333
414 333 414 333
415 333 416 333
417 333 417 333
419 333 419 333
420 333 420 333
422 333 422 333
424 333 424 333
425 333 425 334
427 333 427 333
429 333 429 333
432 333 431 334
379 335 379 335
383 335 383 335
386 335 386 335
388 335 388 335
389 335 389 335
391 335 391 335
393 335 393 335
394 335 394 335
396 335 396 335
397 335 397 335
401 335 401 335
402 335 402 335
404 335 404 335
406 335 406 335
407 335 407 335
409 335 409 335
411 335 410 335
412 335 412 335
414 335 414 335
415 335 415 335
417 335 417 335
419 335 419 335
420 335 420 335
422 335 422 335
424 335 424 335
425 335 425 335
427 335 427 335
430 335 430 335
432 335 432 335
378 337 378 337
381 337 381 337
386 337 386 337
388 337 388 337
391 337 391 337
393 337 392 337
394 337 394 337
396 337 396 337
399 337 399 337
401 337 401 337
402 337 402 337
404 337 404 337
406 337 406 337
407 337 407 337
409 337 409 337
411 337 411 337
412 337 412 337
414 337 414 337
415 337 415 337
417 337 417 337
419 337 419 337
420 337 420 337
422 337 422 337
424 337 424 337
425 337 425 337
427 337 427 337
429 337 429 337
430 337 430 337
379 338 379 338
381 338 381 338
383 338 383 338
386 338 386 338
388 338 388 338
389 338 390 338
397 338 397 338
399 338 399 338
401 338 401 338
402 338 402 338
404 338 404 338
406 338 406 338
407 338 407 338
409 338 409 338
411 338 411 338
412 338 412 338
414 338 414 338
415 338 415 338
417 338 417 338
419 338 419 338
420 338 420 338
422 338 422 338
424 338 424 338
425 338 425 338
427 338 427 338
429 338 429 338
386 340 386 340
388 340 388 340
391 340 391 340
394 340 394 340
399 340 399 340
401 340 401 340
402 340 402 340
404 340 404 340
406 340 406 340
407 340 407 340
409 340 409 340
411 340 411 340
412 340 412 340
414 340 414 340
415 340 415 340
417 340 417 340
419 340 419 340
420 340 420 340
422 340 422 340
424 340 424 340
425 340 425 340
427 340 427 340
384 342 384 342
386 342 386 342
388 342 388 342
389 342 389 342
391 342 391 342
393 342 393 342
396 342 396 341
397 342 397 342
399 342 399 341
401 342 401 342
402 342 402 342
404 342 404 342
406 342 406 342
407 342 407 342
409 342 409 342
411 342 411 342
414 342 414 342
415 342 415 342
417 342 417 342
419 342 419 342
420 342 420 342
422 342 422 342
424 342 423 342
389 343 389 343
391 343 391 343
393 343 393 343
394 343 394 343
396 343 396 343
397 343 397 343
399 343 399 343
401 343 401 343
402 343 402 343
404 343 404 343
406 343 406 343
407 343 407 343
409 343 409 343
411 343 411 343
412 343 412 343
414 343 414 343
415 343 415 343
417 343 417 343
419 343 419 343
420 343 420 343
422 343 422 343
388 345 388 345
389 345 389 345
391 345 391 345
393 345 392 345
394 345 394 345
396 345 396 345
397 345 397 345
399 345 399 345
401 345 401 345
402 345 402 345
404 345 404 345
406 345 406 345
407 345 407 345
409 345 409 345
411 345 411 345
412 345 412 345
414 345 414 345
415 345 415 345
417 345 417 345
419 345 419 345
389 346 389 346
391 346 391 346
393 346 393 347
394 346 394 347
396 346 396 347
397 346 397 347
399 346 399 347
401 346 401 347
402 346 402 346
404 346 404 346
406 346 406 347
407 346 407 347
409 346 409 346
411 346 411 347
412 346 412 347
414 346 414 347
415 346 416 346
417 346 417 347
419 346 417 348
394 348 394 348
399 348 399 349
401 348 401 348
402 348 402 348
404 348 404 348
406 348 406 348
407 348 407 348
409 348 409 348
411 348 411 348
412 348 412 348
414 348 414 348
415 348 415 349
396 350 396 351
397 350 397 351
399 350 399 350
401 350 401 350
402 350 402 350
404 350 404 350
406 350 406 350
407 350 407 350
409 350 409 350
411 350 411 350
412 350 412 350
399 351 399 351
401 351 401 351
402 351 402 351
404 351 404 351
406 351 406 351
407 351 407 351
409 351 409 351
411 351 411 351
