417 314 415 315
414 316 413 317
417 316 416 317
419 316 418 317
421 316 420 317
431 316 429 317
412 317 410 318
413 317 412 318
414 317 413 318
417 317 416 318
418 317 417 318
419 317 418 318
421 317 420 318
423 317 422 318
425 317 423 318
426 317 424 318
412 318 410 320
413 318 411 320
414 318 413 319
417 318 415 320
418 318 417 319
419 318 418 320
422 318 420 320
423 318 422 320
425 318 423 320
428 318 427 320
430 318 428 320
410 320 408 321
412 320 409 321
413 320 411 321
416 320 414 321
417 320 415 321
418 320 416 321
419 320 418 321
422 320 420 321
423 320 422 321
425 320 423 321
426 320 424 321
435 320 432 320
436 320 433 320
410 321 408 323
412 321 410 323
413 321 411 323
417 321 415 323
418 321 416 323
419 321 418 323
422 321 420 323
430 321 428 323
435 321 432 321
436 321 433 322
438 321 434 322
423 322 421 324
425 322 423 323
426 322 424 324
432 322 431 318
435 322 432 323
436 322 433 323
416 324 414 325
418 324 416 325
419 324 418 325
422 324 420 325
423 324 421 325
425 324 423 325
426 324 424 325
428 324 426 325
436 324 433 328
408 325 406 326
410 325 409 326
412 325 410 326
417 325 415 326
418 325 416 326
421 325 418 327
422 325 419 327
423 325 421 326
425 325 423 326
426 325 424 326
428 325 426 326
436 325 433 330
438 325 435 330
410 326 409 327
412 326 410 328
413 326 411 328
417 326 415 328
418 326 416 327
421 326 418 328
422 326 419 328
423 326 421 328
425 326 423 328
427 326 425 328
428 326 426 328
436 326 433 332
417 327 415 329
418 327 416 329
421 327 418 329
422 327 420 329
430 327 428 328
431 327 430 328
432 327 431 328
404 329 401 330
406 329 404 330
410 329 409 330
412 329 410 330
413 329 411 330
423 329 422 330
425 329 423 330
427 329 425 330
428 329 426 330
438 329 434 331
399 330 397 331
400 330 398 331
401 330 399 331
404 330 402 331
405 330 403 331
406 330 404 331
408 330 406 331
410 330 409 331
412 330 410 331
413 330 411 331
416 330 414 332
418 330 417 331
419 330 418 331
422 330 420 332
423 330 421 332
425 330 423 332
426 330 424 332
428 330 426 331
431 330 430 330
432 330 431 330
438 330 434 333
399 331 397 332
400 331 398 333
401 331 399 333
404 331 402 332
405 331 403 332
406 331 404 333
408 331 406 333
410 331 408 333
412 331 410 333
413 331 411 333
414 331 412 333
417 331 415 333
418 331 417 332
419 331 418 333
422 331 420 333
423 331 421 333
425 331 423 333
426 331 424 333
428 331 426 333
431 331 430 331
399 333 397 334
400 333 398 334
401 333 399 334
404 333 402 334
406 333 404 334
410 333 408 334
412 333 410 334
413 333 411 334
416 333 414 334
417 333 415 334
418 333 416 334
419 333 418 334
422 333 420 334
423 333 421 334
425 333 423 334
426 333 424 334
428 333 426 334
397 334 395 335
405 334 403 335
416 334 413 336
422 334 420 336
423 334 421 336
425 334 423 336
430 334 428 335
399 335 397 336
400 335 398 336
401 335 399 336
404 335 402 336
405 335 403 336
406 335 405 336
408 335 406 336
410 335 408 336
412 335 410 336
413 335 411 337
417 335 415 337
418 335 416 336
419 335 418 337
428 335 427 336
430 335 428 336
431 335 429 337
393 336 391 336
399 336 397 338
400 336 398 338
401 336 399 338
404 336 402 337
405 336 403 338
406 336 405 337
409 336 406 339
410 336 408 338
412 336 410 338
413 336 411 338
414 336 412 338
417 336 415 338
418 336 416 338
419 336 418 338
422 336 420 338
423 336 421 339
425 336 423 339
427 336 425 338
428 336 427 338
430 336 428 338
431 336 431 336
396 338 394 338
399 338 396 339
400 338 398 339
404 338 402 339
405 338 403 339
406 338 405 339
409 338 406 340
412 338 410 339
413 338 411 339
414 338 413 339
417 338 415 340
418 338 416 340
419 338 418 339
422 338 420 340
423 338 421 340
425 338 423 340
426 338 424 340
428 338 426 339
431 338 431 338
393 339 391 340
399 339 397 341
400 339 398 341
404 339 402 340
409 339 407 340
414 339 412 341
417 339 415 341
418 339 416 341
419 339 417 341
397 340 395 341
399 340 397 342
400 340 398 342
405 340 403 341
406 340 405 341
408 340 406 341
409 340 407 342
412 340 410 341
423 340 421 342
425 340 423 341
426 340 424 341
393 342 391 343
396 342 393 343
401 342 399 343
404 342 402 343
405 342 403 343
406 342 404 343
408 342 406 343
409 342 407 343
412 342 410 343
413 342 411 343
414 342 412 343
417 342 415 344
418 342 416 343
419 342 418 343
421 342 419 343
393 343 391 344
395 343 393 344
397 343 395 344
399 343 397 345
400 343 398 345
401 343 399 344
404 343 402 344
405 343 403 344
406 343 404 344
408 343 406 344
410 343 408 344
412 343 410 344
413 343 411 344
414 343 412 345
417 343 415 345
418 343 416 344
419 343 418 344
393 344 391 346
395 344 393 346
397 344 395 346
399 344 397 346
400 344 398 346
401 344 399 346
404 344 402 345
405 344 403 345
406 344 404 346
408 344 406 345
410 344 408 345
412 344 410 346
413 344 411 346
414 344 412 346
418 344 416 346
393 346 391 347
395 346 393 347
400 346 398 348
401 346 399 347
416 346 414 347
418 346 418 346
395 347 393 349
402 347 401 348
405 347 403 348
406 347 404 348
408 347 406 348
410 347 408 348
412 347 410 348
413 347 411 348
414 347 413 348
416 347 414 348
401 348 399 350
402 348 401 349
405 348 403 349
406 348 404 349
408 348 406 349
410 348 408 350
412 348 410 349
413 348 411 349
414 348 412 349
417 348 417 348
397 350 395 350
399 350 396 351
400 350 398 351
401 350 399 351
404 350 402 351
405 350 403 351
406 350 405 351
408 350 406 351
410 350 408 351
412 350 410 351
413 350 411 351
